,prop_missing,prop_1,prop_2,prop_3,prop_4,prop_5,prop_6,prop_7
0,0.02,0.004,0.003,0.004,0.008,0.4,0.142,0.44
1,0.02,0.005,0.123,0.023,0.503,0.04,0.028,0.278
2,0.03,0.106,0.003,0.004,0.43,0.085,0.005,0.367
3,0.0,0.001,0.003,0.023,0.077,0.413,0.005,0.477
4,0.0,0.009,0.102,0.01,0.576,0.032,0.034,0.237
5,0.0,0.002,0.003,0.013,0.55,0.006,0.032,0.393
6,0.0,0.141,0.075,0.004,0.113,0.214,0.005,0.45
7,0.0,0.003,0.142,0.002,0.652,0.004,0.011,0.185
8,0.0,0.005,0.006,0.012,0.37,0.12,0.016,0.471
9,0.08,0.043,0.013,0.011,0.015,0.437,0.023,0.458
10,0.01,0.004,0.004,0.011,0.06,0.396,0.029,0.496
11,0.0,0.001,0.114,0.003,0.003,0.424,0.003,0.451
12,0.0,0.003,0.004,0.004,0.719,0.032,0.009,0.229
13,0.0,0.003,0.222,0.004,0.504,0.003,0.014,0.25
14,0.0,0.235,0.003,0.005,0.009,0.039,0.681,0.028
15,0.0,0.003,0.002,0.013,0.018,0.005,0.908,0.052
16,0.05,0.002,0.002,0.059,0.013,0.004,0.912,0.007
17,0.01,0.012,0.011,0.006,0.002,0.003,0.963,0.003
18,0.03,0.034,0.004,0.042,0.028,0.012,0.843,0.038
19,0.04,0.235,0.004,0.015,0.003,0.004,0.736,0.004
20,0.02,0.226,0.002,0.074,0.004,0.002,0.688,0.003
21,0.01,0.002,0.002,0.021,0.008,0.011,0.933,0.023
22,0.05,0.055,0.137,0.006,0.003,0.002,0.783,0.014
23,0.08,0.264,0.002,0.162,0.005,0.005,0.555,0.007
24,0.01,0.003,0.004,0.043,0.029,0.063,0.821,0.037
25,0.01,0.002,0.011,0.029,0.013,0.007,0.934,0.004
26,0.0,0.002,0.003,0.035,0.008,0.012,0.912,0.029
27,0.0,0.006,0.035,0.02,0.004,0.004,0.925,0.007
28,0.0,0.004,0.069,0.03,0.004,0.003,0.883,0.006
29,0.01,0.002,0.003,0.066,0.029,0.064,0.829,0.007
30,0.07,0.009,0.146,0.026,0.047,0.011,0.755,0.005
31,0.15,0.023,0.004,0.283,0.006,0.004,0.641,0.039
32,0.08,0.002,0.02,0.047,0.028,0.026,0.867,0.009
33,0.0,0.004,0.025,0.005,0.005,0.009,0.944,0.006
34,0.0,0.002,0.003,0.082,0.105,0.041,0.76,0.008
35,0.04,0.054,0.058,0.009,0.018,0.01,0.843,0.008
36,0.06,0.003,0.092,0.013,0.005,0.012,0.873,0.002
37,0.02,0.002,0.003,0.007,0.047,0.011,0.92,0.009
38,0.0,0.008,0.202,0.007,0.005,0.01,0.762,0.005
39,0.05,0.207,0.003,0.003,0.003,0.778,0.002,0.004
40,0.02,0.004,0.005,0.008,0.012,0.953,0.006,0.013
41,0.0,0.003,0.003,0.004,0.004,0.976,0.006,0.004
42,0.08,0.006,0.004,0.16,0.003,0.771,0.007,0.048
43,0.01,0.086,0.001,0.003,0.004,0.887,0.006,0.011
44,0.55,0.004,0.022,0.612,0.023,0.167,0.107,0.064
45,0.02,0.028,0.002,0.005,0.019,0.906,0.013,0.027
46,0.0,0.003,0.002,0.006,0.003,0.946,0.007,0.033
47,0.01,0.009,0.069,0.011,0.002,0.9,0.005,0.004
48,0.14,0.002,0.11,0.025,0.008,0.815,0.018,0.023
49,0.01,0.004,0.004,0.01,0.007,0.917,0.022,0.035
50,0.06,0.004,0.011,0.053,0.005,0.895,0.01,0.022
51,0.01,0.256,0.003,0.003,0.003,0.406,0.002,0.328
52,0.0,0.002,0.178,0.003,0.002,0.802,0.006,0.007
53,0.07,0.322,0.005,0.009,0.055,0.343,0.006,0.26
54,0.06,0.316,0.002,0.004,0.004,0.397,0.006,0.272
55,0.13,0.328,0.008,0.238,0.014,0.008,0.397,0.008
56,0.0,0.003,0.216,0.011,0.006,0.36,0.004,0.401
57,0.0,0.161,0.004,0.002,0.003,0.821,0.005,0.004
58,0.03,0.006,0.003,0.04,0.007,0.911,0.02,0.012
59,0.04,0.026,0.004,0.316,0.047,0.004,0.591,0.012
60,0.05,0.004,0.005,0.316,0.006,0.012,0.654,0.003
61,0.08,0.378,0.002,0.138,0.009,0.003,0.467,0.004
62,0.05,0.32,0.004,0.224,0.022,0.006,0.416,0.008
63,0.0,0.429,0.001,0.03,0.004,0.019,0.511,0.006
64,0.0,0.372,0.005,0.126,0.007,0.006,0.481,0.004
65,0.05,0.202,0.003,0.169,0.004,0.006,0.614,0.002
66,0.07,0.063,0.006,0.294,0.021,0.011,0.6,0.006
67,0.03,0.002,0.002,0.007,0.668,0.002,0.314,0.005
68,0.04,0.056,0.145,0.013,0.572,0.004,0.208,0.003
69,0.01,0.003,0.098,0.017,0.594,0.051,0.017,0.221
70,0.23,0.008,0.082,0.293,0.49,0.006,0.032,0.088
71,0.0,0.018,0.006,0.013,0.769,0.002,0.04,0.152
72,0.02,0.155,0.082,0.006,0.637,0.004,0.004,0.113
73,0.0,0.006,0.132,0.003,0.566,0.002,0.286,0.004
74,0.0,0.014,0.003,0.002,0.721,0.013,0.038,0.208
75,0.0,0.128,0.221,0.004,0.453,0.032,0.006,0.156
76,0.0,0.24,0.005,0.002,0.557,0.003,0.19,0.004
77,0.01,0.002,0.006,0.011,0.017,0.007,0.95,0.006
78,0.0,0.024,0.002,0.005,0.039,0.004,0.895,0.031
79,0.01,0.006,0.003,0.091,0.028,0.021,0.845,0.005
80,0.0,0.081,0.005,0.005,0.007,0.003,0.892,0.006
81,0.03,0.002,0.013,0.009,0.005,0.052,0.913,0.007
82,0.0,0.003,0.003,0.003,0.025,0.005,0.951,0.009
83,0.0,0.009,0.175,0.003,0.004,0.003,0.804,0.003
84,0.0,0.213,0.001,0.014,0.015,0.003,0.751,0.002
85,0.03,0.003,0.015,0.023,0.017,0.007,0.932,0.004
86,0.05,0.009,0.033,0.067,0.012,0.01,0.861,0.007
87,0.06,0.005,0.004,0.039,0.07,0.019,0.848,0.016
88,0.02,0.092,0.136,0.006,0.015,0.021,0.723,0.007
89,0.03,0.003,0.107,0.011,0.012,0.004,0.857,0.007
90,0.05,0.004,0.002,0.057,0.019,0.032,0.879,0.007
91,0.0,0.003,0.238,0.003,0.005,0.005,0.744,0.001
92,0.01,0.201,0.018,0.044,0.004,0.01,0.706,0.016
93,0.02,0.002,0.17,0.151,0.015,0.003,0.651,0.008
94,0.02,0.004,0.003,0.127,0.111,0.007,0.717,0.03
95,0.0,0.344,0.008,0.008,0.049,0.005,0.573,0.013
96,0.0,0.004,0.268,0.044,0.075,0.003,0.602,0.003
97,0.02,0.003,0.038,0.058,0.037,0.006,0.851,0.007
98,0.02,0.003,0.012,0.082,0.123,0.02,0.749,0.011
99,0.24,0.227,0.157,0.305,0.032,0.004,0.262,0.012
100,0.03,0.389,0.007,0.022,0.01,0.015,0.542,0.015
101,0.43,0.004,0.007,0.242,0.4,0.067,0.014,0.265
102,0.07,0.005,0.146,0.133,0.548,0.017,0.008,0.143
103,0.03,0.003,0.002,0.019,0.439,0.127,0.011,0.399
104,0.07,0.313,0.002,0.003,0.412,0.011,0.006,0.254
105,0.04,0.015,0.179,0.002,0.006,0.51,0.003,0.284
106,0.01,0.311,0.002,0.006,0.657,0.003,0.004,0.016
107,0.06,0.002,0.203,0.069,0.054,0.4,0.006,0.266
108,0.08,0.006,0.004,0.049,0.015,0.383,0.01,0.532
109,0.09,0.004,0.005,0.026,0.577,0.011,0.033,0.342
110,0.17,0.005,0.2,0.034,0.484,0.012,0.004,0.261
111,0.54,0.013,0.014,0.287,0.489,0.008,0.008,0.181
112,0.02,0.002,0.043,0.024,0.538,0.071,0.014,0.308
113,0.06,0.002,0.001,0.008,0.683,0.008,0.004,0.294
114,0.09,0.299,0.003,0.002,0.6,0.002,0.003,0.091
115,0.03,0.002,0.109,0.007,0.482,0.004,0.015,0.381
116,0.01,0.002,0.003,0.022,0.481,0.027,0.044,0.421
117,0.03,0.002,0.012,0.077,0.481,0.194,0.006,0.227
118,0.15,0.134,0.002,0.027,0.654,0.002,0.016,0.164
119,0.19,0.004,0.004,0.073,0.581,0.006,0.01,0.322
120,0.0,0.002,0.194,0.01,0.348,0.102,0.004,0.34
121,0.0,0.003,0.004,0.003,0.224,0.317,0.01,0.438
122,0.07,0.01,0.073,0.191,0.646,0.013,0.022,0.046
123,0.0,0.283,0.005,0.002,0.363,0.016,0.004,0.327
124,0.0,0.002,0.238,0.005,0.005,0.339,0.003,0.408
125,0.03,0.004,0.177,0.054,0.513,0.051,0.01,0.191
126,0.01,0.004,0.017,0.04,0.445,0.059,0.075,0.36
127,0.04,0.002,0.004,0.126,0.438,0.008,0.008,0.413
128,0.16,0.223,0.004,0.092,0.005,0.024,0.516,0.135
129,0.43,0.007,0.004,0.439,0.009,0.016,0.508,0.017
130,0.17,0.029,0.012,0.355,0.012,0.006,0.57,0.017
131,0.11,0.348,0.002,0.167,0.009,0.003,0.467,0.004
132,0.14,0.134,0.148,0.073,0.005,0.005,0.616,0.019
133,0.05,0.009,0.002,0.282,0.006,0.061,0.628,0.012
134,0.02,0.003,0.003,0.081,0.015,0.016,0.879,0.003
135,0.37,0.109,0.077,0.076,0.004,0.725,0.005,0.004
136,0.25,0.236,0.009,0.252,0.004,0.341,0.087,0.072
137,0.42,0.008,0.005,0.52,0.023,0.191,0.112,0.142
138,0.12,0.006,0.184,0.174,0.472,0.014,0.009,0.139
139,0.03,0.002,0.195,0.03,0.617,0.026,0.009,0.12
140,0.03,0.002,0.002,0.076,0.644,0.007,0.257,0.013
141,0.1,0.015,0.148,0.106,0.597,0.002,0.125,0.006
142,0.03,0.26,0.002,0.006,0.558,0.003,0.169,0.002
143,0.09,0.004,0.113,0.041,0.514,0.007,0.309,0.013
144,0.15,0.003,0.164,0.04,0.576,0.014,0.194,0.008
145,0.12,0.002,0.002,0.26,0.495,0.005,0.224,0.012
146,0.3,0.002,0.003,0.181,0.506,0.002,0.302,0.004
147,0.51,0.004,0.004,0.564,0.009,0.289,0.018,0.112
148,0.0,0.001,0.083,0.007,0.003,0.9,0.003,0.004
149,0.0,0.005,0.003,0.016,0.005,0.956,0.011,0.004
150,0.0,0.229,0.001,0.002,0.001,0.763,0.001,0.002
151,0.03,0.003,0.125,0.011,0.005,0.847,0.006,0.003
152,0.0,0.004,0.003,0.003,0.042,0.936,0.004,0.007
153,0.01,0.001,0.091,0.005,0.003,0.887,0.004,0.009
154,0.0,0.005,0.239,0.092,0.002,0.226,0.27,0.166
155,0.0,0.003,0.174,0.115,0.126,0.118,0.397,0.068
156,0.31,0.002,0.005,0.484,0.02,0.199,0.11,0.179
157,0.14,0.01,0.201,0.414,0.011,0.07,0.25,0.044
158,0.19,0.255,0.031,0.408,0.005,0.112,0.14,0.05
159,0.39,0.005,0.005,0.706,0.035,0.192,0.045,0.012
160,0.01,0.004,0.173,0.351,0.007,0.082,0.334,0.049
161,0.03,0.009,0.001,0.309,0.004,0.121,0.534,0.022
162,0.08,0.386,0.003,0.384,0.01,0.109,0.105,0.002
163,0.12,0.008,0.209,0.532,0.069,0.151,0.018,0.013
164,0.1,0.002,0.011,0.347,0.01,0.069,0.475,0.087
165,0.13,0.003,0.048,0.543,0.007,0.135,0.256,0.009
166,0.47,0.149,0.037,0.76,0.008,0.018,0.021,0.007
167,0.85,0.06,0.016,0.715,0.009,0.028,0.066,0.106
168,0.1,0.003,0.118,0.432,0.031,0.009,0.398,0.009
169,0.17,0.005,0.003,0.499,0.073,0.024,0.329,0.066
170,0.04,0.388,0.002,0.019,0.439,0.006,0.04,0.105
171,0.03,0.059,0.27,0.003,0.467,0.012,0.002,0.186
172,0.09,0.003,0.198,0.024,0.735,0.012,0.019,0.01
173,0.02,0.004,0.004,0.042,0.767,0.022,0.098,0.063
174,0.0,0.227,0.003,0.004,0.538,0.005,0.012,0.211
175,0.08,0.004,0.03,0.143,0.7,0.006,0.017,0.101
176,0.0,0.022,0.21,0.004,0.413,0.067,0.267,0.017
177,0.01,0.019,0.14,0.112,0.539,0.026,0.004,0.159
178,0.0,0.002,0.197,0.006,0.757,0.019,0.005,0.013
179,0.0,0.375,0.02,0.004,0.505,0.009,0.065,0.024
180,0.02,0.03,0.321,0.005,0.63,0.003,0.004,0.006
181,0.0,0.004,0.098,0.005,0.017,0.353,0.022,0.501
182,0.0,0.016,0.004,0.006,0.719,0.011,0.236,0.007
183,0.01,0.252,0.07,0.003,0.647,0.006,0.003,0.018
184,0.2,0.025,0.135,0.228,0.528,0.013,0.064,0.008
185,0.0,0.007,0.003,0.015,0.837,0.081,0.021,0.036
186,0.02,0.346,0.003,0.004,0.6,0.008,0.034,0.004
187,0.01,0.005,0.16,0.014,0.494,0.009,0.314,0.004
188,0.12,0.005,0.108,0.084,0.611,0.005,0.158,0.029
189,0.0,0.003,0.003,0.006,0.624,0.043,0.312,0.009
190,0.0,0.003,0.002,0.005,0.932,0.002,0.004,0.051
191,0.05,0.002,0.022,0.122,0.586,0.037,0.214,0.017
192,0.11,0.292,0.003,0.007,0.621,0.004,0.003,0.069
193,0.14,0.007,0.011,0.025,0.767,0.027,0.153,0.01
194,0.02,0.004,0.101,0.015,0.704,0.006,0.138,0.031
195,0.07,0.004,0.018,0.013,0.741,0.056,0.008,0.16
196,0.03,0.344,0.012,0.023,0.567,0.013,0.015,0.027
197,0.05,0.003,0.196,0.005,0.77,0.004,0.005,0.019
198,0.09,0.012,0.01,0.1,0.73,0.009,0.053,0.085
199,0.01,0.003,0.009,0.006,0.818,0.008,0.005,0.15
200,0.09,0.299,0.005,0.028,0.628,0.003,0.035,0.003
201,0.07,0.004,0.042,0.103,0.695,0.005,0.006,0.145
202,0.01,0.003,0.037,0.031,0.638,0.016,0.234,0.042
203,0.06,0.011,0.109,0.09,0.748,0.004,0.019,0.018
204,0.0,0.002,0.043,0.008,0.77,0.092,0.022,0.063
205,0.0,0.133,0.116,0.008,0.671,0.003,0.06,0.009
206,0.0,0.002,0.108,0.005,0.62,0.003,0.257,0.005
207,0.03,0.003,0.019,0.011,0.891,0.002,0.006,0.069
208,0.13,0.007,0.003,0.151,0.637,0.116,0.039,0.047
209,0.02,0.004,0.31,0.009,0.653,0.003,0.004,0.016
210,0.07,0.002,0.02,0.014,0.82,0.006,0.006,0.132
211,0.02,0.012,0.015,0.006,0.736,0.012,0.006,0.214
212,0.08,0.006,0.002,0.06,0.653,0.009,0.258,0.012
213,0.17,0.006,0.003,0.301,0.456,0.005,0.007,0.222
214,0.06,0.004,0.002,0.319,0.012,0.158,0.489,0.016
215,0.0,0.004,0.01,0.223,0.006,0.215,0.531,0.011
216,0.04,0.116,0.009,0.003,0.004,0.855,0.008,0.004
217,0.02,0.013,0.018,0.013,0.006,0.749,0.13,0.072
218,0.12,0.003,0.003,0.055,0.635,0.15,0.006,0.148
219,0.13,0.014,0.195,0.142,0.294,0.149,0.008,0.198
220,0.49,0.149,0.009,0.605,0.024,0.008,0.2,0.006
221,0.12,0.002,0.003,0.243,0.007,0.018,0.722,0.004
222,0.02,0.016,0.004,0.127,0.003,0.003,0.842,0.005
223,0.06,0.001,0.002,0.269,0.022,0.003,0.699,0.004
224,0.21,0.005,0.003,0.203,0.009,0.007,0.756,0.017
225,0.02,0.003,0.022,0.092,0.017,0.017,0.826,0.023
226,0.05,0.004,0.002,0.261,0.004,0.005,0.614,0.11
227,0.45,0.005,0.042,0.498,0.158,0.015,0.277,0.005
228,0.48,0.129,0.003,0.475,0.009,0.016,0.356,0.012
229,0.0,0.005,0.021,0.023,0.026,0.003,0.9,0.022
230,0.02,0.004,0.003,0.006,0.01,0.077,0.856,0.044
231,0.0,0.032,0.128,0.033,0.029,0.008,0.725,0.045
232,0.0,0.006,0.002,0.111,0.016,0.011,0.842,0.012
233,0.03,0.002,0.004,0.161,0.016,0.003,0.809,0.005
234,0.01,0.143,0.036,0.182,0.009,0.004,0.619,0.006
235,0.25,0.004,0.015,0.209,0.02,0.033,0.649,0.069
236,0.02,0.004,0.004,0.04,0.016,0.004,0.923,0.009
237,0.21,0.003,0.01,0.389,0.024,0.006,0.563,0.005
238,0.11,0.012,0.206,0.078,0.004,0.022,0.667,0.01
239,0.0,0.007,0.074,0.005,0.007,0.01,0.891,0.007
240,0.62,0.167,0.007,0.74,0.015,0.007,0.057,0.007
241,0.08,0.006,0.007,0.284,0.018,0.005,0.676,0.004
242,0.07,0.006,0.002,0.102,0.008,0.002,0.878,0.002
243,0.04,0.256,0.003,0.009,0.003,0.004,0.721,0.005
244,0.18,0.004,0.05,0.197,0.005,0.005,0.677,0.062
245,0.38,0.003,0.002,0.392,0.035,0.017,0.534,0.015
246,0.07,0.118,0.108,0.115,0.039,0.006,0.507,0.106
247,0.55,0.248,0.004,0.56,0.013,0.007,0.149,0.018
248,0.01,0.002,0.003,0.198,0.016,0.01,0.761,0.009
249,0.0,0.012,0.003,0.172,0.026,0.039,0.741,0.008
250,0.07,0.005,0.003,0.273,0.012,0.005,0.698,0.003
251,0.01,0.007,0.002,0.275,0.007,0.007,0.691,0.011
252,0.04,0.011,0.003,0.113,0.027,0.003,0.837,0.007
253,0.08,0.002,0.051,0.113,0.064,0.006,0.753,0.011
254,0.36,0.004,0.003,0.557,0.005,0.018,0.41,0.004
255,0.09,0.005,0.189,0.151,0.007,0.003,0.641,0.005
256,0.72,0.004,0.023,0.827,0.043,0.006,0.037,0.059
257,0.01,0.004,0.017,0.206,0.017,0.017,0.733,0.008
258,0.0,0.002,0.001,0.189,0.003,0.074,0.727,0.003
259,0.0,0.084,0.029,0.023,0.006,0.022,0.82,0.016
260,0.0,0.002,0.076,0.022,0.013,0.004,0.879,0.003
261,0.01,0.002,0.003,0.045,0.018,0.017,0.881,0.033
262,0.03,0.003,0.162,0.142,0.009,0.003,0.677,0.004
263,0.29,0.184,0.003,0.379,0.004,0.008,0.418,0.004
264,0.0,0.004,0.012,0.172,0.012,0.115,0.678,0.008
265,0.0,0.002,0.131,0.046,0.004,0.003,0.81,0.003
266,0.07,0.002,0.006,0.131,0.015,0.011,0.797,0.038
267,0.4,0.004,0.004,0.446,0.512,0.014,0.007,0.013
268,0.72,0.005,0.01,0.611,0.057,0.1,0.017,0.201
269,0.02,0.02,0.054,0.038,0.576,0.006,0.302,0.004
270,0.68,0.003,0.015,0.689,0.208,0.009,0.026,0.051
271,0.49,0.005,0.003,0.58,0.357,0.006,0.032,0.016
272,0.18,0.001,0.009,0.064,0.276,0.01,0.62,0.019
273,0.07,0.006,0.206,0.025,0.694,0.003,0.046,0.02
274,0.7,0.163,0.008,0.468,0.192,0.151,0.008,0.009
275,0.02,0.006,0.007,0.006,0.679,0.003,0.266,0.032
276,0.7,0.005,0.005,0.558,0.411,0.005,0.007,0.008
277,0.04,0.005,0.006,0.017,0.038,0.031,0.886,0.017
278,0.02,0.011,0.002,0.2,0.009,0.006,0.764,0.009
279,0.04,0.126,0.003,0.01,0.004,0.528,0.003,0.325
280,0.0,0.005,0.033,0.002,0.564,0.01,0.156,0.229
281,0.02,0.049,0.003,0.014,0.688,0.011,0.075,0.16
282,0.04,0.078,0.17,0.01,0.679,0.016,0.006,0.041
283,0.22,0.194,0.006,0.077,0.636,0.046,0.003,0.038
284,0.0,0.023,0.079,0.175,0.089,0.111,0.517,0.007
285,0.72,0.011,0.009,0.682,0.083,0.019,0.12,0.075
286,0.01,0.175,0.11,0.156,0.005,0.007,0.544,0.004
287,0.0,0.017,0.011,0.069,0.029,0.115,0.747,0.011
288,0.0,0.166,0.072,0.002,0.004,0.546,0.001,0.209
289,0.0,0.019,0.134,0.002,0.004,0.826,0.003,0.011
290,0.0,0.004,0.005,0.005,0.476,0.007,0.498,0.006
291,0.0,0.004,0.003,0.006,0.025,0.924,0.033,0.005
292,0.0,0.001,0.101,0.003,0.004,0.887,0.002,0.003
293,0.0,0.002,0.006,0.011,0.005,0.628,0.006,0.341
294,0.0,0.002,0.001,0.011,0.576,0.003,0.401,0.006
295,0.0,0.079,0.029,0.304,0.007,0.004,0.563,0.014
296,0.37,0.005,0.004,0.67,0.022,0.031,0.263,0.004
297,0.5,0.003,0.022,0.902,0.008,0.025,0.036,0.005
298,0.01,0.002,0.06,0.467,0.002,0.002,0.455,0.011
299,0.0,0.003,0.003,0.417,0.01,0.004,0.556,0.007
300,0.2,0.061,0.14,0.422,0.122,0.004,0.248,0.004
301,0.54,0.099,0.009,0.735,0.02,0.104,0.013,0.021
302,0.04,0.002,0.007,0.548,0.016,0.023,0.376,0.027
303,0.56,0.005,0.007,0.823,0.09,0.03,0.034,0.011
304,0.82,0.007,0.006,0.905,0.019,0.023,0.034,0.007
305,0.01,0.004,0.105,0.628,0.004,0.005,0.238,0.016
306,0.12,0.002,0.006,0.635,0.045,0.003,0.302,0.007
307,0.1,0.006,0.003,0.602,0.008,0.042,0.325,0.014
308,0.23,0.063,0.16,0.597,0.003,0.006,0.165,0.007
309,0.1,0.034,0.004,0.489,0.028,0.049,0.39,0.007
310,0.04,0.002,0.109,0.475,0.004,0.018,0.374,0.018
311,0.03,0.002,0.009,0.43,0.006,0.008,0.537,0.007
312,0.1,0.004,0.23,0.455,0.003,0.003,0.303,0.002
313,0.03,0.003,0.006,0.547,0.114,0.014,0.296,0.021
314,0.02,0.002,0.003,0.104,0.008,0.872,0.005,0.005
315,0.46,0.159,0.003,0.069,0.002,0.759,0.004,0.004
316,0.05,0.002,0.003,0.107,0.022,0.839,0.022,0.006
317,0.44,0.217,0.004,0.029,0.077,0.662,0.005,0.005
318,0.02,0.002,0.121,0.007,0.003,0.861,0.002,0.004
319,0.03,0.002,0.115,0.012,0.002,0.861,0.003,0.006
320,0.06,0.004,0.009,0.095,0.009,0.471,0.005,0.407
321,0.0,0.003,0.09,0.011,0.004,0.797,0.017,0.077
322,0.02,0.002,0.114,0.003,0.004,0.864,0.005,0.008
