,prop_missing,prop_1,prop_2,prop_3,prop_4,prop_5,prop_6,prop_7,prop_8
0,0.02,0.125,0.027,0.002,0.042,0.551,0.003,0.247,0.004
1,0.02,0.063,0.011,0.129,0.008,0.094,0.003,0.666,0.026
2,0.03,0.006,0.003,0.004,0.01,0.188,0.104,0.681,0.004
3,0.0,0.007,0.006,0.004,0.006,0.583,0.001,0.383,0.01
4,0.0,0.038,0.018,0.104,0.034,0.063,0.01,0.724,0.009
5,0.0,0.06,0.009,0.006,0.022,0.089,0.002,0.804,0.008
6,0.0,0.01,0.004,0.087,0.011,0.351,0.131,0.402,0.004
7,0.0,0.022,0.006,0.154,0.013,0.005,0.003,0.794,0.003
8,0.0,0.006,0.004,0.011,0.044,0.252,0.005,0.634,0.043
9,0.08,0.028,0.015,0.036,0.007,0.553,0.036,0.308,0.017
10,0.01,0.006,0.003,0.003,0.067,0.545,0.002,0.366,0.009
11,0.0,0.003,0.002,0.155,0.003,0.604,0.001,0.229,0.004
12,0.0,0.01,0.01,0.004,0.022,0.072,0.002,0.877,0.004
13,0.0,0.05,0.005,0.233,0.007,0.014,0.003,0.684,0.004
14,0.0,0.692,0.005,0.002,0.021,0.049,0.217,0.011,0.003
15,0.0,0.948,0.005,0.001,0.011,0.003,0.003,0.018,0.011
16,0.05,0.681,0.024,0.002,0.256,0.003,0.002,0.01,0.022
17,0.01,0.963,0.008,0.01,0.006,0.002,0.007,0.002,0.002
18,0.03,0.936,0.009,0.003,0.007,0.005,0.013,0.021,0.006
19,0.04,0.685,0.028,0.002,0.037,0.003,0.23,0.003,0.012
20,0.02,0.754,0.002,0.002,0.01,0.003,0.211,0.003,0.015
21,0.01,0.943,0.005,0.002,0.022,0.014,0.002,0.007,0.005
22,0.05,0.802,0.003,0.146,0.008,0.002,0.034,0.002,0.003
23,0.08,0.621,0.009,0.001,0.004,0.007,0.246,0.004,0.108
24,0.01,0.889,0.004,0.004,0.019,0.041,0.003,0.025,0.015
25,0.01,0.893,0.025,0.01,0.044,0.003,0.002,0.01,0.013
26,0.0,0.789,0.103,0.002,0.065,0.014,0.002,0.009,0.017
27,0.0,0.898,0.057,0.02,0.012,0.002,0.003,0.004,0.004
28,0.0,0.708,0.044,0.061,0.17,0.004,0.002,0.003,0.008
29,0.01,0.478,0.314,0.004,0.114,0.035,0.002,0.02,0.034
30,0.07,0.233,0.423,0.117,0.138,0.009,0.008,0.02,0.052
31,0.15,0.562,0.063,0.004,0.049,0.007,0.02,0.004,0.292
32,0.08,0.302,0.223,0.009,0.393,0.016,0.002,0.014,0.042
33,0.0,0.002,0.988,0.002,0.002,0.002,0.002,0.001,0.003
34,0.0,0.403,0.257,0.004,0.123,0.02,0.001,0.079,0.113
35,0.04,0.012,0.83,0.007,0.037,0.01,0.07,0.007,0.026
36,0.06,0.007,0.957,0.021,0.003,0.003,0.001,0.002,0.005
37,0.02,0.017,0.935,0.002,0.012,0.004,0.001,0.023,0.004
38,0.0,0.032,0.639,0.171,0.134,0.005,0.012,0.003,0.004
39,0.05,0.002,0.005,0.004,0.002,0.775,0.205,0.003,0.003
40,0.02,0.006,0.004,0.004,0.002,0.97,0.003,0.005,0.005
41,0.0,0.004,0.006,0.004,0.009,0.969,0.002,0.003,0.004
42,0.08,0.014,0.004,0.004,0.003,0.823,0.003,0.003,0.145
43,0.01,0.003,0.004,0.001,0.006,0.893,0.086,0.004,0.003
44,0.55,0.018,0.087,0.015,0.028,0.179,0.005,0.018,0.651
45,0.02,0.033,0.002,0.002,0.005,0.918,0.011,0.024,0.005
46,0.0,0.007,0.005,0.003,0.003,0.967,0.002,0.009,0.005
47,0.01,0.004,0.005,0.061,0.004,0.91,0.008,0.002,0.006
48,0.14,0.011,0.025,0.096,0.021,0.827,0.001,0.005,0.013
49,0.01,0.008,0.017,0.002,0.012,0.94,0.004,0.011,0.005
50,0.06,0.012,0.003,0.007,0.009,0.921,0.004,0.005,0.038
51,0.01,0.003,0.002,0.002,0.002,0.563,0.274,0.151,0.003
52,0.0,0.005,0.003,0.17,0.004,0.812,0.003,0.002,0.002
53,0.07,0.003,0.006,0.004,0.003,0.437,0.31,0.229,0.007
54,0.06,0.009,0.01,0.001,0.007,0.525,0.33,0.11,0.007
55,0.13,0.345,0.027,0.006,0.038,0.01,0.336,0.012,0.226
56,0.0,0.002,0.002,0.246,0.003,0.52,0.002,0.219,0.006
57,0.0,0.003,0.003,0.002,0.002,0.829,0.156,0.002,0.002
58,0.03,0.014,0.005,0.003,0.021,0.925,0.004,0.007,0.022
59,0.04,0.646,0.007,0.003,0.007,0.004,0.009,0.063,0.261
60,0.05,0.727,0.003,0.003,0.009,0.004,0.002,0.005,0.247
61,0.08,0.556,0.005,0.003,0.009,0.002,0.366,0.007,0.052
62,0.05,0.44,0.008,0.002,0.006,0.007,0.315,0.01,0.213
63,0.0,0.552,0.006,0.001,0.006,0.014,0.411,0.003,0.007
64,0.0,0.406,0.005,0.012,0.078,0.003,0.368,0.004,0.123
65,0.05,0.723,0.007,0.003,0.008,0.003,0.183,0.002,0.069
66,0.07,0.676,0.006,0.007,0.009,0.011,0.034,0.013,0.244
67,0.03,0.245,0.02,0.002,0.079,0.003,0.002,0.645,0.004
68,0.04,0.057,0.084,0.125,0.105,0.003,0.07,0.546,0.009
69,0.01,0.012,0.028,0.105,0.008,0.099,0.003,0.728,0.017
70,0.23,0.022,0.004,0.09,0.026,0.006,0.008,0.551,0.292
71,0.0,0.043,0.021,0.008,0.033,0.003,0.014,0.863,0.014
72,0.02,0.01,0.003,0.09,0.005,0.003,0.149,0.731,0.009
73,0.0,0.028,0.01,0.115,0.293,0.001,0.003,0.547,0.004
74,0.0,0.104,0.005,0.003,0.007,0.04,0.004,0.835,0.002
75,0.0,0.02,0.002,0.217,0.002,0.08,0.12,0.554,0.004
76,0.0,0.015,0.077,0.003,0.136,0.003,0.243,0.52,0.002
77,0.01,0.021,0.004,0.003,0.948,0.003,0.002,0.007,0.012
78,0.0,0.279,0.045,0.002,0.627,0.004,0.012,0.029,0.002
79,0.01,0.047,0.006,0.001,0.828,0.005,0.003,0.008,0.101
80,0.0,0.018,0.007,0.002,0.891,0.002,0.075,0.002,0.003
81,0.03,0.007,0.146,0.004,0.821,0.012,0.002,0.002,0.005
82,0.0,0.043,0.005,0.002,0.933,0.004,0.003,0.006,0.003
83,0.0,0.082,0.063,0.152,0.691,0.002,0.005,0.002,0.003
84,0.0,0.17,0.027,0.001,0.569,0.002,0.222,0.003,0.005
85,0.03,0.007,0.008,0.003,0.95,0.004,0.002,0.004,0.023
86,0.05,0.027,0.004,0.007,0.859,0.009,0.009,0.006,0.079
87,0.06,0.135,0.006,0.002,0.777,0.01,0.004,0.019,0.046
88,0.02,0.005,0.005,0.095,0.794,0.01,0.084,0.003,0.003
89,0.03,0.038,0.003,0.053,0.891,0.004,0.003,0.004,0.004
90,0.05,0.386,0.012,0.001,0.523,0.022,0.004,0.013,0.039
91,0.0,0.011,0.008,0.204,0.766,0.003,0.003,0.002,0.003
92,0.01,0.026,0.005,0.008,0.652,0.009,0.199,0.004,0.096
93,0.02,0.061,0.006,0.159,0.57,0.002,0.001,0.005,0.196
94,0.02,0.17,0.012,0.002,0.553,0.01,0.003,0.075,0.175
95,0.0,0.005,0.005,0.003,0.605,0.005,0.344,0.027,0.006
96,0.0,0.018,0.004,0.233,0.629,0.003,0.003,0.031,0.079
97,0.02,0.318,0.016,0.007,0.597,0.004,0.003,0.016,0.039
98,0.02,0.051,0.018,0.006,0.704,0.02,0.002,0.03,0.17
99,0.24,0.01,0.013,0.133,0.208,0.005,0.239,0.019,0.372
100,0.03,0.042,0.009,0.003,0.467,0.02,0.4,0.006,0.052
101,0.43,0.011,0.021,0.005,0.007,0.14,0.002,0.592,0.222
102,0.07,0.006,0.005,0.147,0.009,0.032,0.003,0.655,0.144
103,0.03,0.014,0.008,0.002,0.013,0.246,0.004,0.679,0.034
104,0.07,0.006,0.005,0.002,0.01,0.053,0.325,0.597,0.003
105,0.04,0.002,0.005,0.195,0.004,0.627,0.019,0.145,0.003
106,0.01,0.003,0.008,0.001,0.004,0.003,0.301,0.677,0.003
107,0.06,0.006,0.003,0.202,0.005,0.489,0.001,0.249,0.043
108,0.08,0.015,0.003,0.004,0.007,0.564,0.004,0.349,0.053
109,0.09,0.015,0.028,0.006,0.044,0.047,0.002,0.774,0.083
110,0.17,0.005,0.014,0.223,0.003,0.064,0.004,0.663,0.025
111,0.54,0.014,0.008,0.013,0.012,0.017,0.009,0.667,0.259
112,0.02,0.003,0.006,0.054,0.046,0.15,0.002,0.718,0.021
113,0.06,0.004,0.002,0.002,0.012,0.054,0.002,0.912,0.012
114,0.09,0.005,0.002,0.002,0.002,0.002,0.291,0.695,0.002
115,0.03,0.016,0.013,0.139,0.011,0.034,0.002,0.762,0.022
116,0.01,0.019,0.054,0.001,0.012,0.157,0.002,0.745,0.01
117,0.03,0.016,0.025,0.018,0.007,0.255,0.002,0.627,0.05
118,0.15,0.062,0.004,0.003,0.005,0.003,0.127,0.783,0.014
119,0.19,0.009,0.006,0.005,0.014,0.03,0.004,0.847,0.085
120,0.0,0.004,0.001,0.216,0.003,0.2,0.001,0.569,0.006
121,0.0,0.012,0.018,0.006,0.013,0.444,0.003,0.503,0.002
122,0.07,0.011,0.018,0.073,0.033,0.016,0.011,0.656,0.182
123,0.0,0.002,0.003,0.005,0.002,0.14,0.277,0.568,0.001
124,0.0,0.003,0.004,0.257,0.008,0.501,0.002,0.216,0.009
125,0.03,0.004,0.011,0.181,0.01,0.096,0.003,0.66,0.034
126,0.01,0.017,0.007,0.004,0.131,0.166,0.002,0.638,0.034
127,0.04,0.033,0.003,0.003,0.004,0.112,0.002,0.721,0.123
128,0.16,0.41,0.091,0.003,0.055,0.05,0.229,0.024,0.138
129,0.43,0.346,0.024,0.005,0.123,0.012,0.006,0.005,0.479
130,0.17,0.544,0.017,0.012,0.056,0.009,0.027,0.01,0.326
131,0.11,0.606,0.002,0.001,0.003,0.004,0.318,0.006,0.06
132,0.14,0.502,0.009,0.156,0.137,0.005,0.126,0.007,0.06
133,0.05,0.741,0.015,0.002,0.006,0.05,0.004,0.004,0.179
134,0.02,0.799,0.03,0.001,0.105,0.017,0.002,0.01,0.035
135,0.37,0.012,0.006,0.084,0.004,0.754,0.109,0.003,0.028
136,0.25,0.079,0.1,0.009,0.005,0.379,0.218,0.004,0.206
137,0.42,0.148,0.021,0.004,0.023,0.239,0.006,0.031,0.528
138,0.12,0.006,0.006,0.186,0.005,0.026,0.006,0.585,0.178
139,0.03,0.011,0.01,0.185,0.007,0.051,0.002,0.712,0.022
140,0.03,0.197,0.025,0.002,0.08,0.004,0.002,0.651,0.04
141,0.1,0.011,0.027,0.137,0.176,0.003,0.017,0.568,0.061
142,0.03,0.157,0.002,0.002,0.071,0.001,0.266,0.495,0.005
143,0.09,0.035,0.1,0.103,0.217,0.005,0.004,0.497,0.037
144,0.15,0.005,0.023,0.143,0.249,0.008,0.002,0.53,0.039
145,0.12,0.015,0.052,0.001,0.188,0.004,0.001,0.478,0.26
146,0.3,0.063,0.023,0.002,0.207,0.002,0.002,0.503,0.198
147,0.51,0.018,0.01,0.004,0.014,0.372,0.005,0.019,0.559
148,0.0,0.003,0.003,0.076,0.003,0.908,0.001,0.002,0.004
149,0.0,0.016,0.011,0.001,0.004,0.953,0.004,0.003,0.008
150,0.0,0.002,0.001,0.001,0.001,0.766,0.226,0.001,0.002
151,0.03,0.009,0.015,0.124,0.003,0.836,0.003,0.003,0.007
152,0.0,0.009,0.018,0.003,0.002,0.934,0.003,0.029,0.002
153,0.01,0.002,0.001,0.088,0.002,0.9,0.001,0.002,0.004
154,0.0,0.015,0.002,0.267,0.265,0.29,0.005,0.006,0.151
155,0.0,0.273,0.008,0.178,0.121,0.143,0.004,0.168,0.106
156,0.31,0.054,0.004,0.011,0.066,0.264,0.005,0.064,0.532
157,0.14,0.128,0.089,0.203,0.005,0.12,0.006,0.025,0.424
158,0.19,0.063,0.009,0.046,0.004,0.163,0.26,0.006,0.448
159,0.39,0.029,0.015,0.005,0.006,0.197,0.004,0.023,0.721
160,0.01,0.275,0.005,0.184,0.017,0.126,0.003,0.003,0.386
161,0.03,0.517,0.023,0.002,0.015,0.147,0.005,0.004,0.288
162,0.08,0.05,0.004,0.004,0.02,0.145,0.377,0.006,0.394
163,0.12,0.026,0.024,0.208,0.006,0.166,0.003,0.028,0.54
164,0.1,0.323,0.155,0.014,0.016,0.094,0.002,0.012,0.384
165,0.13,0.008,0.055,0.014,0.138,0.16,0.003,0.005,0.615
166,0.47,0.014,0.007,0.026,0.008,0.01,0.138,0.006,0.792
167,0.85,0.027,0.033,0.012,0.016,0.031,0.068,0.012,0.802
168,0.1,0.054,0.058,0.106,0.252,0.011,0.002,0.012,0.505
169,0.17,0.35,0.01,0.003,0.003,0.025,0.003,0.117,0.488
170,0.04,0.046,0.002,0.004,0.012,0.02,0.376,0.515,0.026
171,0.03,0.003,0.002,0.282,0.002,0.052,0.052,0.604,0.004
172,0.09,0.011,0.004,0.188,0.026,0.01,0.002,0.743,0.016
173,0.02,0.162,0.008,0.003,0.003,0.019,0.002,0.795,0.007
174,0.0,0.015,0.005,0.005,0.007,0.018,0.227,0.719,0.005
175,0.08,0.077,0.004,0.034,0.005,0.004,0.003,0.762,0.112
176,0.0,0.038,0.003,0.203,0.261,0.071,0.018,0.397,0.008
177,0.01,0.007,0.002,0.158,0.006,0.08,0.023,0.653,0.071
178,0.0,0.004,0.008,0.171,0.013,0.03,0.001,0.769,0.003
179,0.0,0.028,0.007,0.012,0.053,0.005,0.373,0.518,0.004
180,0.02,0.003,0.006,0.301,0.005,0.007,0.024,0.647,0.006
181,0.0,0.013,0.015,0.134,0.005,0.508,0.004,0.317,0.003
182,0.0,0.234,0.011,0.003,0.032,0.007,0.017,0.69,0.006
183,0.01,0.003,0.004,0.061,0.007,0.009,0.245,0.669,0.003
184,0.2,0.012,0.046,0.108,0.064,0.013,0.011,0.525,0.221
185,0.0,0.01,0.034,0.002,0.009,0.046,0.006,0.863,0.03
186,0.02,0.011,0.006,0.003,0.081,0.005,0.339,0.551,0.004
187,0.01,0.095,0.033,0.159,0.231,0.006,0.003,0.465,0.008
188,0.12,0.015,0.021,0.104,0.099,0.004,0.007,0.623,0.128
189,0.0,0.252,0.075,0.001,0.026,0.035,0.002,0.602,0.008
190,0.0,0.003,0.001,0.002,0.007,0.002,0.003,0.978,0.004
191,0.05,0.122,0.072,0.014,0.029,0.038,0.002,0.605,0.118
192,0.11,0.003,0.006,0.002,0.002,0.005,0.279,0.692,0.011
193,0.14,0.017,0.162,0.009,0.038,0.012,0.004,0.73,0.028
194,0.02,0.012,0.014,0.095,0.16,0.005,0.003,0.704,0.007
195,0.07,0.012,0.009,0.021,0.02,0.081,0.001,0.834,0.022
196,0.03,0.003,0.096,0.004,0.006,0.005,0.321,0.556,0.009
197,0.05,0.004,0.002,0.182,0.005,0.002,0.002,0.798,0.006
198,0.09,0.044,0.005,0.012,0.054,0.007,0.008,0.785,0.085
199,0.01,0.003,0.012,0.01,0.009,0.009,0.004,0.933,0.02
200,0.09,0.003,0.003,0.002,0.152,0.002,0.283,0.546,0.009
201,0.07,0.006,0.01,0.046,0.015,0.004,0.003,0.807,0.11
202,0.01,0.015,0.021,0.029,0.279,0.011,0.002,0.631,0.011
203,0.06,0.033,0.015,0.106,0.024,0.004,0.011,0.759,0.049
204,0.0,0.013,0.005,0.032,0.047,0.102,0.002,0.789,0.011
205,0.0,0.015,0.052,0.103,0.053,0.001,0.125,0.642,0.009
206,0.0,0.015,0.006,0.095,0.294,0.002,0.001,0.582,0.005
207,0.03,0.007,0.003,0.022,0.008,0.002,0.002,0.944,0.013
208,0.13,0.025,0.044,0.001,0.011,0.121,0.003,0.648,0.147
209,0.02,0.003,0.001,0.287,0.004,0.003,0.003,0.691,0.008
210,0.07,0.003,0.003,0.038,0.007,0.01,0.002,0.92,0.018
211,0.02,0.009,0.013,0.024,0.009,0.035,0.013,0.886,0.011
212,0.08,0.129,0.025,0.002,0.106,0.005,0.004,0.636,0.093
213,0.17,0.005,0.009,0.002,0.004,0.007,0.007,0.617,0.349
214,0.06,0.535,0.008,0.002,0.008,0.148,0.002,0.01,0.288
215,0.0,0.478,0.012,0.015,0.047,0.226,0.003,0.011,0.208
216,0.04,0.005,0.004,0.007,0.003,0.861,0.114,0.003,0.003
217,0.02,0.158,0.011,0.015,0.006,0.782,0.005,0.013,0.01
218,0.12,0.006,0.027,0.002,0.006,0.184,0.003,0.712,0.059
219,0.13,0.008,0.008,0.199,0.005,0.227,0.009,0.44,0.102
220,0.49,0.068,0.005,0.007,0.08,0.006,0.161,0.025,0.646
221,0.12,0.654,0.045,0.004,0.09,0.023,0.002,0.003,0.18
222,0.02,0.742,0.02,0.003,0.179,0.003,0.007,0.004,0.042
223,0.06,0.743,0.005,0.002,0.006,0.004,0.002,0.01,0.228
224,0.21,0.749,0.011,0.002,0.058,0.008,0.004,0.008,0.161
225,0.02,0.874,0.003,0.016,0.055,0.008,0.002,0.02,0.021
226,0.05,0.789,0.003,0.005,0.007,0.008,0.003,0.005,0.179
227,0.45,0.238,0.012,0.039,0.038,0.01,0.005,0.176,0.481
228,0.48,0.401,0.006,0.002,0.006,0.011,0.13,0.011,0.434
229,0.0,0.352,0.013,0.01,0.579,0.003,0.003,0.029,0.011
230,0.02,0.718,0.079,0.003,0.099,0.082,0.004,0.01,0.005
231,0.0,0.202,0.015,0.103,0.545,0.004,0.025,0.046,0.059
232,0.0,0.717,0.009,0.002,0.191,0.006,0.004,0.011,0.059
233,0.03,0.688,0.022,0.003,0.181,0.003,0.002,0.008,0.093
234,0.01,0.706,0.003,0.037,0.013,0.005,0.139,0.009,0.088
235,0.25,0.554,0.015,0.026,0.108,0.085,0.003,0.032,0.178
236,0.02,0.944,0.004,0.003,0.019,0.002,0.002,0.021,0.004
237,0.21,0.552,0.004,0.007,0.039,0.005,0.002,0.016,0.375
238,0.11,0.683,0.035,0.212,0.01,0.018,0.011,0.004,0.027
239,0.0,0.855,0.002,0.064,0.058,0.006,0.006,0.006,0.003
240,0.62,0.041,0.007,0.014,0.022,0.007,0.171,0.012,0.727
241,0.08,0.773,0.003,0.006,0.013,0.004,0.003,0.005,0.193
242,0.07,0.754,0.005,0.001,0.19,0.002,0.004,0.003,0.041
243,0.04,0.749,0.005,0.003,0.004,0.003,0.228,0.003,0.004
244,0.18,0.781,0.008,0.048,0.006,0.009,0.002,0.004,0.142
245,0.38,0.582,0.016,0.002,0.014,0.016,0.003,0.026,0.342
246,0.07,0.506,0.007,0.115,0.034,0.005,0.101,0.142,0.089
247,0.55,0.229,0.004,0.004,0.008,0.008,0.22,0.011,0.515
248,0.01,0.83,0.005,0.004,0.037,0.009,0.002,0.012,0.101
249,0.0,0.78,0.022,0.002,0.044,0.033,0.007,0.02,0.092
250,0.07,0.722,0.012,0.003,0.03,0.005,0.004,0.007,0.217
251,0.01,0.58,0.018,0.002,0.102,0.004,0.004,0.019,0.271
252,0.04,0.874,0.031,0.002,0.023,0.003,0.006,0.017,0.044
253,0.08,0.78,0.015,0.039,0.032,0.003,0.001,0.06,0.07
254,0.36,0.225,0.071,0.002,0.064,0.018,0.004,0.006,0.61
255,0.09,0.432,0.045,0.185,0.213,0.004,0.003,0.003,0.114
256,0.72,0.084,0.009,0.02,0.009,0.006,0.005,0.074,0.793
257,0.01,0.654,0.103,0.014,0.034,0.008,0.006,0.01,0.172
258,0.0,0.55,0.009,0.001,0.215,0.074,0.003,0.003,0.146
259,0.0,0.757,0.12,0.016,0.013,0.014,0.064,0.006,0.011
260,0.0,0.866,0.022,0.073,0.012,0.003,0.002,0.009,0.013
261,0.01,0.873,0.013,0.006,0.066,0.011,0.003,0.011,0.018
262,0.03,0.74,0.01,0.17,0.008,0.003,0.003,0.005,0.061
263,0.29,0.372,0.032,0.002,0.008,0.005,0.193,0.008,0.381
264,0.0,0.753,0.004,0.012,0.034,0.118,0.002,0.012,0.065
265,0.0,0.666,0.007,0.11,0.197,0.005,0.002,0.004,0.01
266,0.07,0.837,0.004,0.006,0.081,0.005,0.001,0.022,0.044
267,0.4,0.004,0.02,0.002,0.007,0.017,0.003,0.513,0.433
268,0.72,0.013,0.007,0.007,0.02,0.151,0.004,0.172,0.626
269,0.02,0.266,0.014,0.038,0.078,0.008,0.015,0.561,0.019
270,0.68,0.011,0.003,0.006,0.132,0.008,0.002,0.148,0.689
271,0.49,0.01,0.005,0.003,0.033,0.006,0.005,0.359,0.58
272,0.18,0.024,0.007,0.003,0.688,0.008,0.001,0.232,0.037
273,0.07,0.012,0.012,0.186,0.063,0.002,0.003,0.703,0.018
274,0.7,0.005,0.005,0.006,0.023,0.128,0.154,0.159,0.52
275,0.02,0.047,0.005,0.006,0.241,0.003,0.005,0.683,0.01
276,0.7,0.006,0.005,0.006,0.005,0.006,0.005,0.445,0.523
277,0.04,0.06,0.051,0.003,0.832,0.02,0.005,0.014,0.015
278,0.02,0.245,0.003,0.001,0.518,0.005,0.004,0.008,0.216
279,0.04,0.009,0.003,0.006,0.006,0.674,0.133,0.159,0.011
280,0.0,0.248,0.003,0.034,0.007,0.009,0.002,0.695,0.001
281,0.02,0.222,0.007,0.002,0.008,0.007,0.004,0.745,0.005
282,0.04,0.005,0.018,0.16,0.003,0.014,0.074,0.715,0.01
283,0.22,0.005,0.003,0.006,0.003,0.072,0.191,0.687,0.033
284,0.0,0.533,0.034,0.084,0.033,0.093,0.022,0.053,0.147
285,0.72,0.107,0.024,0.005,0.014,0.029,0.007,0.15,0.663
286,0.01,0.563,0.008,0.109,0.031,0.005,0.17,0.003,0.112
287,0.0,0.785,0.018,0.012,0.036,0.115,0.009,0.015,0.011
288,0.0,0.002,0.002,0.099,0.003,0.676,0.187,0.028,0.002
289,0.0,0.004,0.004,0.129,0.003,0.844,0.012,0.003,0.001
290,0.0,0.3,0.013,0.004,0.24,0.003,0.004,0.433,0.003
291,0.0,0.047,0.006,0.003,0.008,0.914,0.004,0.012,0.008
292,0.0,0.001,0.001,0.092,0.002,0.899,0.001,0.003,0.001
293,0.0,0.008,0.009,0.008,0.022,0.755,0.003,0.183,0.011
294,0.0,0.224,0.017,0.002,0.193,0.001,0.002,0.555,0.007
295,0.0,0.461,0.03,0.036,0.036,0.007,0.072,0.006,0.352
296,0.37,0.14,0.035,0.003,0.035,0.025,0.004,0.014,0.745
297,0.5,0.005,0.01,0.012,0.027,0.012,0.002,0.005,0.927
298,0.01,0.374,0.004,0.073,0.018,0.003,0.001,0.004,0.524
299,0.0,0.505,0.006,0.002,0.022,0.005,0.002,0.011,0.448
300,0.2,0.142,0.018,0.128,0.03,0.003,0.057,0.13,0.492
301,0.54,0.007,0.003,0.007,0.01,0.098,0.092,0.021,0.763
302,0.04,0.01,0.011,0.004,0.294,0.022,0.002,0.016,0.641
303,0.56,0.015,0.008,0.005,0.014,0.021,0.005,0.071,0.861
304,0.82,0.025,0.012,0.005,0.027,0.014,0.004,0.015,0.897
305,0.01,0.086,0.007,0.093,0.062,0.006,0.005,0.009,0.73
306,0.12,0.018,0.032,0.003,0.152,0.004,0.001,0.045,0.744
307,0.1,0.256,0.004,0.002,0.009,0.054,0.003,0.007,0.664
308,0.23,0.02,0.006,0.164,0.051,0.005,0.065,0.003,0.686
309,0.1,0.363,0.005,0.003,0.011,0.051,0.019,0.032,0.516
310,0.04,0.06,0.011,0.1,0.236,0.04,0.001,0.003,0.548
311,0.03,0.382,0.028,0.006,0.087,0.009,0.003,0.006,0.479
312,0.1,0.019,0.025,0.207,0.206,0.003,0.005,0.003,0.534
313,0.03,0.048,0.016,0.002,0.174,0.01,0.002,0.122,0.627
314,0.02,0.003,0.003,0.003,0.012,0.894,0.002,0.01,0.075
315,0.46,0.003,0.003,0.002,0.003,0.784,0.156,0.002,0.046
316,0.05,0.022,0.005,0.002,0.009,0.849,0.001,0.013,0.099
317,0.44,0.008,0.007,0.003,0.005,0.669,0.227,0.039,0.042
318,0.02,0.002,0.002,0.11,0.002,0.873,0.001,0.003,0.006
319,0.03,0.003,0.001,0.105,0.002,0.875,0.001,0.003,0.01
320,0.06,0.009,0.015,0.019,0.007,0.619,0.003,0.215,0.112
321,0.0,0.008,0.008,0.091,0.021,0.85,0.003,0.011,0.009
322,0.02,0.005,0.003,0.1,0.003,0.873,0.002,0.006,0.008
