,prop_missing,prop_1,prop_2,prop_3
0,0.02,0.311,0.617,0.072
1,0.02,0.866,0.106,0.029
2,0.03,0.803,0.194,0.003
3,0.0,0.386,0.611,0.003
4,0.0,0.912,0.07,0.018
5,0.0,0.941,0.042,0.017
6,0.0,0.569,0.416,0.015
7,0.0,0.99,0.007,0.003
8,0.0,0.743,0.25,0.007
9,0.08,0.371,0.622,0.007
10,0.01,0.412,0.58,0.008
11,0.0,0.298,0.697,0.005
12,0.0,0.981,0.016,0.003
13,0.0,0.95,0.028,0.022
14,0.0,0.021,0.072,0.907
15,0.0,0.014,0.003,0.983
16,0.05,0.006,0.002,0.992
17,0.01,0.002,0.003,0.995
18,0.03,0.015,0.006,0.979
19,0.04,0.004,0.006,0.99
20,0.02,0.005,0.003,0.992
21,0.01,0.006,0.009,0.985
22,0.05,0.006,0.003,0.991
23,0.08,0.004,0.008,0.988
24,0.01,0.017,0.043,0.939
25,0.01,0.004,0.004,0.991
26,0.0,0.006,0.005,0.989
27,0.0,0.005,0.003,0.991
28,0.0,0.003,0.003,0.994
29,0.01,0.015,0.02,0.964
30,0.07,0.049,0.01,0.941
31,0.15,0.007,0.009,0.985
32,0.08,0.017,0.011,0.972
33,0.0,0.004,0.006,0.99
34,0.0,0.044,0.023,0.932
35,0.04,0.014,0.013,0.973
36,0.06,0.004,0.007,0.989
37,0.02,0.019,0.008,0.974
38,0.0,0.016,0.014,0.97
39,0.05,0.009,0.985,0.005
40,0.02,0.001,0.997,0.002
41,0.0,0.001,0.996,0.002
42,0.08,0.003,0.978,0.019
43,0.01,0.003,0.993,0.004
44,0.55,0.015,0.27,0.715
45,0.02,0.005,0.989,0.006
46,0.0,0.002,0.996,0.002
47,0.01,0.002,0.995,0.003
48,0.14,0.014,0.949,0.037
49,0.01,0.004,0.992,0.004
50,0.06,0.003,0.993,0.004
51,0.01,0.311,0.686,0.003
52,0.0,0.004,0.988,0.008
53,0.07,0.435,0.548,0.017
54,0.06,0.26,0.652,0.087
55,0.13,0.034,0.021,0.945
56,0.0,0.361,0.632,0.007
57,0.0,0.003,0.987,0.01
58,0.03,0.004,0.99,0.006
59,0.04,0.035,0.005,0.96
60,0.05,0.004,0.006,0.99
61,0.08,0.022,0.003,0.975
62,0.05,0.043,0.007,0.95
63,0.0,0.008,0.065,0.927
64,0.0,0.042,0.005,0.953
65,0.05,0.003,0.003,0.994
66,0.07,0.016,0.009,0.975
67,0.03,0.73,0.002,0.269
68,0.04,0.736,0.003,0.261
69,0.01,0.886,0.103,0.011
70,0.23,0.717,0.006,0.277
71,0.0,0.99,0.002,0.007
72,0.02,0.989,0.004,0.006
73,0.0,0.755,0.001,0.244
74,0.0,0.984,0.012,0.004
75,0.0,0.851,0.144,0.006
76,0.0,0.721,0.003,0.276
77,0.01,0.01,0.005,0.985
78,0.0,0.026,0.004,0.97
79,0.01,0.006,0.008,0.986
80,0.0,0.006,0.004,0.99
81,0.03,0.004,0.021,0.974
82,0.0,0.023,0.003,0.974
83,0.0,0.008,0.003,0.989
84,0.0,0.01,0.003,0.987
85,0.03,0.005,0.003,0.992
86,0.05,0.012,0.005,0.983
87,0.06,0.015,0.008,0.976
88,0.02,0.024,0.053,0.923
89,0.03,0.023,0.005,0.972
90,0.05,0.007,0.017,0.976
91,0.0,0.006,0.007,0.987
92,0.01,0.007,0.023,0.97
93,0.02,0.029,0.005,0.966
94,0.02,0.089,0.004,0.906
95,0.0,0.147,0.008,0.845
96,0.0,0.175,0.003,0.822
97,0.02,0.018,0.003,0.979
98,0.02,0.058,0.02,0.922
99,0.24,0.166,0.01,0.824
100,0.03,0.04,0.033,0.928
101,0.43,0.792,0.177,0.031
102,0.07,0.912,0.074,0.014
103,0.03,0.762,0.234,0.004
104,0.07,0.853,0.131,0.015
105,0.04,0.27,0.725,0.005
106,0.01,0.978,0.002,0.02
107,0.06,0.4,0.59,0.01
108,0.08,0.38,0.608,0.011
109,0.09,0.933,0.038,0.029
110,0.17,0.92,0.07,0.01
111,0.54,0.924,0.021,0.055
112,0.02,0.846,0.146,0.008
113,0.06,0.989,0.008,0.003
114,0.09,0.991,0.002,0.007
115,0.03,0.949,0.039,0.012
116,0.01,0.856,0.134,0.01
117,0.03,0.73,0.26,0.01
118,0.15,0.976,0.002,0.021
119,0.19,0.979,0.012,0.009
120,0.0,0.757,0.242,0.002
121,0.0,0.538,0.452,0.01
122,0.07,0.857,0.014,0.129
123,0.0,0.808,0.187,0.005
124,0.0,0.387,0.607,0.006
125,0.03,0.878,0.115,0.007
126,0.01,0.782,0.178,0.04
127,0.04,0.874,0.103,0.023
128,0.16,0.031,0.064,0.905
129,0.43,0.008,0.013,0.979
130,0.17,0.01,0.006,0.984
131,0.11,0.01,0.004,0.986
132,0.14,0.022,0.013,0.965
133,0.05,0.003,0.044,0.953
134,0.02,0.005,0.005,0.99
135,0.37,0.011,0.948,0.041
136,0.25,0.008,0.485,0.507
137,0.42,0.03,0.302,0.668
138,0.12,0.893,0.071,0.036
139,0.03,0.934,0.053,0.013
140,0.03,0.732,0.003,0.265
141,0.1,0.757,0.003,0.24
142,0.03,0.672,0.002,0.326
143,0.09,0.66,0.003,0.336
144,0.15,0.764,0.012,0.224
145,0.12,0.594,0.003,0.403
146,0.3,0.559,0.002,0.439
147,0.51,0.028,0.515,0.457
148,0.0,0.002,0.996,0.002
149,0.0,0.002,0.995,0.003
150,0.0,0.004,0.992,0.005
151,0.03,0.01,0.977,0.013
152,0.0,0.008,0.99,0.002
153,0.01,0.003,0.995,0.002
154,0.0,0.042,0.387,0.572
155,0.0,0.273,0.189,0.537
156,0.31,0.022,0.323,0.655
157,0.14,0.057,0.197,0.747
158,0.19,0.021,0.235,0.744
159,0.39,0.015,0.253,0.731
160,0.01,0.023,0.215,0.762
161,0.03,0.004,0.145,0.852
162,0.08,0.015,0.209,0.776
163,0.12,0.172,0.211,0.617
164,0.1,0.017,0.116,0.867
165,0.13,0.004,0.209,0.787
166,0.47,0.014,0.028,0.958
167,0.85,0.024,0.083,0.893
168,0.1,0.034,0.026,0.94
169,0.17,0.119,0.065,0.817
170,0.04,0.712,0.016,0.272
171,0.03,0.899,0.098,0.003
172,0.09,0.974,0.012,0.014
173,0.02,0.961,0.008,0.031
174,0.0,0.959,0.019,0.021
175,0.08,0.974,0.005,0.02
176,0.0,0.583,0.103,0.314
177,0.01,0.887,0.105,0.008
178,0.0,0.975,0.021,0.004
179,0.0,0.739,0.008,0.253
180,0.02,0.975,0.013,0.012
181,0.0,0.417,0.577,0.005
182,0.0,0.832,0.007,0.161
183,0.01,0.98,0.014,0.006
184,0.2,0.709,0.02,0.271
185,0.0,0.979,0.013,0.008
186,0.02,0.813,0.007,0.18
187,0.01,0.611,0.005,0.384
188,0.12,0.839,0.005,0.156
189,0.0,0.715,0.02,0.265
190,0.0,0.997,0.001,0.002
191,0.05,0.73,0.022,0.248
192,0.11,0.984,0.006,0.01
193,0.14,0.945,0.009,0.045
194,0.02,0.948,0.007,0.045
195,0.07,0.961,0.034,0.005
196,0.03,0.806,0.016,0.178
197,0.05,0.996,0.002,0.002
198,0.09,0.961,0.01,0.029
199,0.01,0.995,0.002,0.002
200,0.09,0.785,0.003,0.212
201,0.07,0.987,0.005,0.008
202,0.01,0.778,0.006,0.216
203,0.06,0.979,0.003,0.018
204,0.0,0.931,0.063,0.006
205,0.0,0.876,0.001,0.122
206,0.0,0.753,0.001,0.246
207,0.03,0.997,0.001,0.002
208,0.13,0.81,0.107,0.082
209,0.02,0.992,0.004,0.004
210,0.07,0.995,0.003,0.002
211,0.02,0.991,0.005,0.004
212,0.08,0.722,0.003,0.275
213,0.17,0.9,0.018,0.083
214,0.06,0.008,0.177,0.814
215,0.0,0.004,0.236,0.759
216,0.04,0.004,0.988,0.008
217,0.02,0.026,0.901,0.073
218,0.12,0.827,0.167,0.006
219,0.13,0.676,0.298,0.027
220,0.49,0.029,0.009,0.963
221,0.12,0.003,0.017,0.98
222,0.02,0.002,0.003,0.995
223,0.06,0.005,0.002,0.993
224,0.21,0.007,0.005,0.989
225,0.02,0.016,0.007,0.977
226,0.05,0.007,0.008,0.985
227,0.45,0.211,0.011,0.779
228,0.48,0.021,0.015,0.964
229,0.0,0.02,0.002,0.978
230,0.02,0.009,0.069,0.923
231,0.0,0.076,0.004,0.92
232,0.0,0.008,0.005,0.987
233,0.03,0.008,0.002,0.99
234,0.01,0.012,0.007,0.981
235,0.25,0.019,0.064,0.917
236,0.02,0.008,0.002,0.99
237,0.21,0.018,0.005,0.977
238,0.11,0.011,0.032,0.957
239,0.0,0.006,0.007,0.987
240,0.62,0.012,0.007,0.981
241,0.08,0.01,0.004,0.986
242,0.07,0.003,0.001,0.996
243,0.04,0.003,0.003,0.994
244,0.18,0.007,0.009,0.984
245,0.38,0.028,0.017,0.956
246,0.07,0.21,0.011,0.779
247,0.55,0.047,0.017,0.936
248,0.01,0.006,0.007,0.987
249,0.0,0.007,0.018,0.975
250,0.07,0.006,0.003,0.991
251,0.01,0.007,0.005,0.988
252,0.04,0.009,0.002,0.989
253,0.08,0.056,0.004,0.94
254,0.36,0.004,0.02,0.976
255,0.09,0.01,0.007,0.984
256,0.72,0.092,0.007,0.901
257,0.01,0.009,0.009,0.982
258,0.0,0.002,0.051,0.947
259,0.0,0.005,0.015,0.98
260,0.0,0.01,0.003,0.987
261,0.01,0.008,0.007,0.985
262,0.03,0.008,0.003,0.989
263,0.29,0.009,0.01,0.981
264,0.0,0.009,0.083,0.908
265,0.0,0.004,0.005,0.991
266,0.07,0.011,0.007,0.982
267,0.4,0.803,0.057,0.141
268,0.72,0.354,0.22,0.426
269,0.02,0.672,0.005,0.323
270,0.68,0.326,0.007,0.667
271,0.49,0.494,0.006,0.5
272,0.18,0.311,0.006,0.683
273,0.07,0.96,0.004,0.036
274,0.7,0.441,0.365,0.194
275,0.02,0.815,0.001,0.183
276,0.7,0.932,0.009,0.059
277,0.04,0.028,0.015,0.957
278,0.02,0.009,0.004,0.988
279,0.04,0.218,0.771,0.011
280,0.0,0.952,0.017,0.031
281,0.02,0.972,0.009,0.02
282,0.04,0.98,0.014,0.006
283,0.22,0.924,0.068,0.008
284,0.0,0.09,0.128,0.782
285,0.72,0.113,0.025,0.862
286,0.01,0.01,0.01,0.98
287,0.0,0.01,0.092,0.898
288,0.0,0.188,0.806,0.006
289,0.0,0.01,0.986,0.004
290,0.0,0.521,0.003,0.475
291,0.0,0.004,0.99,0.007
292,0.0,0.002,0.997,0.002
293,0.0,0.174,0.82,0.006
294,0.0,0.619,0.001,0.379
295,0.0,0.008,0.007,0.985
296,0.37,0.01,0.025,0.965
297,0.5,0.012,0.069,0.919
298,0.01,0.006,0.004,0.99
299,0.0,0.005,0.003,0.992
300,0.2,0.253,0.003,0.744
301,0.54,0.042,0.145,0.813
302,0.04,0.006,0.035,0.959
303,0.56,0.085,0.05,0.865
304,0.82,0.016,0.037,0.946
305,0.01,0.007,0.006,0.987
306,0.12,0.028,0.003,0.969
307,0.1,0.007,0.07,0.923
308,0.23,0.007,0.019,0.973
309,0.1,0.017,0.096,0.887
310,0.04,0.006,0.048,0.945
311,0.03,0.003,0.007,0.989
312,0.1,0.008,0.005,0.987
313,0.03,0.08,0.015,0.905
314,0.02,0.008,0.987,0.005
315,0.46,0.004,0.991,0.005
316,0.05,0.01,0.972,0.018
317,0.44,0.191,0.8,0.009
318,0.02,0.003,0.995,0.002
319,0.03,0.001,0.995,0.003
320,0.06,0.264,0.712,0.024
321,0.0,0.013,0.965,0.022
322,0.02,0.004,0.992,0.004
