,prop_missing,prop_1,prop_2,prop_3,prop_4,prop_5,prop_6,prop_7,prop_8,prop_9,prop_10
0,0.02,0.002,0.016,0.003,0.003,0.02,0.008,0.248,0.155,0.543,0.004
1,0.02,0.122,0.004,0.004,0.029,0.013,0.008,0.647,0.029,0.103,0.041
2,0.03,0.004,0.005,0.111,0.003,0.003,0.006,0.663,0.008,0.193,0.004
3,0.0,0.003,0.003,0.001,0.007,0.006,0.01,0.38,0.008,0.574,0.008
4,0.0,0.097,0.019,0.01,0.061,0.008,0.014,0.708,0.014,0.063,0.005
5,0.0,0.004,0.017,0.002,0.008,0.006,0.014,0.795,0.072,0.078,0.004
6,0.0,0.085,0.008,0.13,0.007,0.004,0.009,0.401,0.005,0.35,0.003
7,0.0,0.152,0.007,0.002,0.014,0.008,0.004,0.795,0.01,0.007,0.002
8,0.0,0.007,0.049,0.004,0.028,0.007,0.01,0.62,0.006,0.252,0.017
9,0.08,0.043,0.007,0.027,0.015,0.012,0.008,0.294,0.037,0.542,0.015
10,0.01,0.005,0.052,0.002,0.003,0.003,0.011,0.35,0.01,0.544,0.021
11,0.0,0.159,0.003,0.001,0.004,0.002,0.006,0.226,0.004,0.595,0.001
12,0.0,0.006,0.01,0.002,0.005,0.015,0.006,0.863,0.009,0.081,0.003
13,0.0,0.231,0.005,0.002,0.005,0.004,0.004,0.685,0.045,0.016,0.001
14,0.0,0.003,0.011,0.211,0.003,0.004,0.003,0.01,0.703,0.05,0.002
15,0.0,0.002,0.01,0.002,0.022,0.003,0.005,0.014,0.927,0.003,0.012
16,0.05,0.002,0.247,0.002,0.13,0.033,0.005,0.007,0.564,0.002,0.009
17,0.01,0.006,0.008,0.004,0.006,0.01,0.004,0.001,0.956,0.002,0.002
18,0.03,0.004,0.007,0.019,0.025,0.009,0.005,0.011,0.893,0.006,0.02
19,0.04,0.002,0.038,0.23,0.022,0.032,0.01,0.003,0.654,0.003,0.005
20,0.02,0.002,0.012,0.212,0.008,0.002,0.011,0.003,0.743,0.003,0.004
21,0.01,0.003,0.01,0.001,0.054,0.006,0.005,0.006,0.9,0.012,0.002
22,0.05,0.147,0.008,0.03,0.006,0.003,0.002,0.002,0.795,0.001,0.005
23,0.08,0.002,0.006,0.233,0.01,0.007,0.011,0.002,0.596,0.004,0.13
24,0.01,0.002,0.012,0.002,0.007,0.003,0.009,0.015,0.908,0.038,0.004
25,0.01,0.007,0.079,0.002,0.139,0.02,0.007,0.004,0.728,0.005,0.011
26,0.0,0.002,0.046,0.002,0.038,0.1,0.003,0.008,0.763,0.005,0.034
27,0.0,0.022,0.003,0.004,0.02,0.05,0.008,0.004,0.884,0.003,0.003
28,0.0,0.057,0.124,0.003,0.006,0.02,0.053,0.005,0.723,0.002,0.006
29,0.01,0.003,0.096,0.003,0.027,0.3,0.145,0.025,0.371,0.023,0.009
30,0.07,0.119,0.126,0.009,0.008,0.396,0.058,0.013,0.256,0.009,0.007
31,0.15,0.005,0.09,0.014,0.139,0.035,0.063,0.013,0.521,0.008,0.111
32,0.08,0.013,0.381,0.002,0.014,0.206,0.042,0.014,0.285,0.013,0.029
33,0.0,0.002,0.001,0.001,0.001,0.987,0.001,0.001,0.001,0.002,0.002
34,0.0,0.002,0.098,0.002,0.291,0.245,0.172,0.058,0.112,0.018,0.003
35,0.04,0.005,0.041,0.07,0.005,0.808,0.027,0.009,0.012,0.015,0.008
36,0.06,0.025,0.002,0.002,0.01,0.935,0.002,0.002,0.005,0.002,0.015
37,0.02,0.003,0.015,0.001,0.002,0.903,0.007,0.032,0.026,0.004,0.005
38,0.0,0.168,0.056,0.017,0.016,0.619,0.054,0.006,0.056,0.006,0.003
39,0.05,0.003,0.002,0.212,0.002,0.006,0.003,0.002,0.002,0.763,0.004
40,0.02,0.004,0.004,0.005,0.008,0.003,0.005,0.003,0.005,0.954,0.009
41,0.0,0.003,0.007,0.002,0.004,0.007,0.003,0.004,0.003,0.958,0.009
42,0.08,0.007,0.004,0.005,0.007,0.003,0.01,0.002,0.008,0.789,0.163
43,0.01,0.001,0.006,0.09,0.005,0.003,0.003,0.005,0.003,0.883,0.002
44,0.55,0.032,0.012,0.004,0.049,0.105,0.239,0.012,0.015,0.145,0.387
45,0.02,0.001,0.003,0.021,0.017,0.002,0.002,0.014,0.017,0.905,0.017
46,0.0,0.002,0.004,0.002,0.004,0.004,0.005,0.005,0.008,0.963,0.003
47,0.01,0.062,0.004,0.008,0.006,0.005,0.007,0.002,0.004,0.891,0.011
48,0.14,0.091,0.019,0.002,0.004,0.02,0.004,0.003,0.006,0.784,0.067
49,0.01,0.003,0.013,0.003,0.004,0.018,0.007,0.004,0.019,0.916,0.012
50,0.06,0.006,0.005,0.001,0.078,0.003,0.021,0.003,0.004,0.872,0.007
51,0.01,0.004,0.003,0.271,0.002,0.001,0.004,0.156,0.001,0.556,0.002
52,0.0,0.17,0.003,0.003,0.001,0.003,0.002,0.002,0.002,0.812,0.002
53,0.07,0.003,0.004,0.306,0.005,0.004,0.003,0.226,0.006,0.428,0.015
54,0.06,0.001,0.005,0.332,0.01,0.01,0.005,0.102,0.01,0.519,0.008
55,0.13,0.008,0.045,0.333,0.062,0.015,0.189,0.014,0.279,0.015,0.04
56,0.0,0.234,0.003,0.001,0.007,0.001,0.005,0.227,0.003,0.512,0.006
57,0.0,0.002,0.003,0.157,0.003,0.002,0.003,0.002,0.004,0.82,0.004
58,0.03,0.002,0.016,0.005,0.03,0.005,0.005,0.005,0.009,0.899,0.025
59,0.04,0.003,0.014,0.006,0.594,0.006,0.029,0.03,0.25,0.003,0.066
60,0.05,0.003,0.008,0.002,0.622,0.002,0.012,0.002,0.308,0.002,0.04
61,0.08,0.001,0.006,0.342,0.281,0.005,0.005,0.005,0.343,0.002,0.01
62,0.05,0.001,0.005,0.297,0.573,0.015,0.015,0.008,0.064,0.002,0.019
63,0.0,0.001,0.008,0.369,0.448,0.003,0.004,0.003,0.154,0.006,0.003
64,0.0,0.003,0.027,0.337,0.581,0.002,0.008,0.006,0.03,0.003,0.002
65,0.05,0.003,0.003,0.151,0.529,0.006,0.003,0.002,0.291,0.002,0.011
66,0.07,0.005,0.099,0.016,0.621,0.003,0.009,0.017,0.183,0.004,0.044
67,0.03,0.001,0.175,0.002,0.004,0.008,0.004,0.611,0.17,0.002,0.023
68,0.04,0.128,0.158,0.081,0.004,0.071,0.006,0.513,0.017,0.002,0.018
69,0.01,0.096,0.007,0.004,0.016,0.036,0.007,0.718,0.007,0.1,0.009
70,0.23,0.075,0.059,0.006,0.073,0.006,0.015,0.493,0.051,0.004,0.218
71,0.0,0.006,0.033,0.018,0.008,0.023,0.007,0.852,0.047,0.002,0.004
72,0.02,0.095,0.004,0.148,0.004,0.002,0.004,0.726,0.009,0.005,0.004
73,0.0,0.109,0.314,0.003,0.008,0.009,0.003,0.543,0.009,0.001,0.001
74,0.0,0.004,0.01,0.005,0.008,0.003,0.001,0.825,0.113,0.028,0.003
75,0.0,0.206,0.002,0.129,0.005,0.003,0.005,0.553,0.009,0.085,0.003
76,0.0,0.002,0.133,0.238,0.005,0.091,0.003,0.514,0.009,0.004,0.002
77,0.01,0.002,0.908,0.002,0.013,0.005,0.02,0.008,0.034,0.006,0.003
78,0.0,0.002,0.613,0.016,0.009,0.054,0.009,0.037,0.255,0.003,0.002
79,0.01,0.001,0.763,0.002,0.019,0.004,0.119,0.009,0.063,0.01,0.01
80,0.0,0.003,0.863,0.076,0.007,0.017,0.008,0.002,0.019,0.002,0.003
81,0.03,0.002,0.809,0.001,0.018,0.148,0.003,0.002,0.002,0.01,0.003
82,0.0,0.003,0.933,0.004,0.009,0.005,0.005,0.009,0.027,0.003,0.004
83,0.0,0.156,0.66,0.008,0.005,0.064,0.004,0.002,0.097,0.002,0.003
84,0.0,0.001,0.557,0.222,0.021,0.031,0.008,0.006,0.15,0.001,0.002
85,0.03,0.003,0.839,0.002,0.005,0.006,0.124,0.006,0.006,0.003,0.007
86,0.05,0.01,0.819,0.003,0.034,0.003,0.026,0.006,0.042,0.011,0.047
87,0.06,0.002,0.745,0.005,0.024,0.003,0.025,0.025,0.104,0.013,0.055
88,0.02,0.108,0.763,0.084,0.003,0.005,0.006,0.002,0.007,0.018,0.002
89,0.03,0.075,0.858,0.001,0.004,0.003,0.003,0.004,0.038,0.003,0.01
90,0.05,0.002,0.509,0.004,0.311,0.012,0.005,0.007,0.123,0.009,0.017
91,0.0,0.206,0.742,0.004,0.007,0.013,0.01,0.002,0.009,0.005,0.002
92,0.01,0.007,0.544,0.19,0.107,0.005,0.119,0.003,0.013,0.007,0.004
93,0.02,0.153,0.463,0.003,0.209,0.004,0.035,0.006,0.08,0.002,0.046
94,0.02,0.001,0.471,0.006,0.011,0.009,0.052,0.102,0.254,0.007,0.086
95,0.0,0.008,0.591,0.345,0.014,0.007,0.007,0.018,0.005,0.004,0.003
96,0.0,0.228,0.564,0.003,0.011,0.004,0.151,0.025,0.003,0.003,0.008
97,0.02,0.021,0.503,0.003,0.016,0.025,0.096,0.018,0.309,0.003,0.007
98,0.02,0.012,0.609,0.002,0.235,0.015,0.03,0.035,0.03,0.011,0.02
99,0.24,0.119,0.178,0.24,0.017,0.015,0.199,0.018,0.016,0.004,0.196
100,0.03,0.004,0.436,0.388,0.023,0.007,0.095,0.01,0.016,0.017,0.005
101,0.43,0.006,0.013,0.004,0.009,0.021,0.008,0.5,0.005,0.119,0.315
102,0.07,0.136,0.005,0.004,0.027,0.002,0.053,0.655,0.013,0.055,0.051
103,0.03,0.002,0.011,0.003,0.01,0.005,0.01,0.641,0.012,0.242,0.065
104,0.07,0.002,0.006,0.333,0.006,0.005,0.003,0.582,0.004,0.053,0.006
105,0.04,0.187,0.002,0.026,0.003,0.002,0.003,0.156,0.003,0.615,0.003
106,0.01,0.002,0.003,0.304,0.005,0.004,0.002,0.672,0.002,0.002,0.004
107,0.06,0.186,0.003,0.001,0.005,0.005,0.007,0.225,0.007,0.459,0.103
108,0.08,0.008,0.003,0.003,0.026,0.002,0.018,0.332,0.012,0.542,0.054
109,0.09,0.005,0.052,0.003,0.01,0.025,0.015,0.731,0.025,0.057,0.077
110,0.17,0.203,0.003,0.002,0.005,0.004,0.004,0.609,0.004,0.036,0.13
111,0.54,0.02,0.01,0.013,0.009,0.009,0.004,0.547,0.016,0.008,0.364
112,0.02,0.044,0.032,0.001,0.021,0.005,0.013,0.69,0.015,0.15,0.028
113,0.06,0.001,0.009,0.002,0.007,0.002,0.004,0.871,0.003,0.039,0.063
114,0.09,0.002,0.001,0.29,0.003,0.002,0.003,0.691,0.003,0.001,0.003
115,0.03,0.13,0.006,0.002,0.011,0.007,0.028,0.738,0.021,0.039,0.019
116,0.01,0.002,0.005,0.002,0.029,0.041,0.022,0.72,0.017,0.159,0.003
117,0.03,0.008,0.005,0.002,0.016,0.019,0.017,0.606,0.013,0.254,0.058
118,0.15,0.002,0.004,0.128,0.009,0.003,0.006,0.761,0.042,0.002,0.043
119,0.19,0.005,0.009,0.003,0.011,0.003,0.006,0.749,0.012,0.02,0.183
120,0.0,0.209,0.003,0.002,0.008,0.002,0.003,0.563,0.004,0.2,0.007
121,0.0,0.006,0.013,0.003,0.01,0.024,0.002,0.486,0.019,0.435,0.002
122,0.07,0.064,0.098,0.007,0.009,0.014,0.022,0.614,0.016,0.018,0.139
123,0.0,0.003,0.001,0.282,0.002,0.002,0.002,0.559,0.003,0.144,0.002
124,0.0,0.253,0.008,0.002,0.004,0.004,0.012,0.22,0.002,0.489,0.006
125,0.03,0.166,0.005,0.003,0.038,0.012,0.004,0.609,0.007,0.085,0.071
126,0.01,0.004,0.053,0.003,0.045,0.006,0.059,0.638,0.012,0.176,0.004
127,0.04,0.003,0.002,0.002,0.032,0.002,0.048,0.721,0.026,0.131,0.033
128,0.16,0.004,0.038,0.229,0.005,0.067,0.183,0.024,0.399,0.037,0.014
129,0.43,0.005,0.173,0.006,0.025,0.015,0.022,0.005,0.349,0.01,0.391
130,0.17,0.017,0.056,0.016,0.011,0.013,0.02,0.005,0.627,0.005,0.23
131,0.11,0.001,0.004,0.321,0.094,0.002,0.046,0.006,0.522,0.002,0.002
132,0.14,0.157,0.168,0.123,0.024,0.007,0.011,0.004,0.437,0.004,0.065
133,0.05,0.002,0.006,0.003,0.199,0.01,0.111,0.004,0.61,0.046,0.01
134,0.02,0.001,0.166,0.002,0.017,0.03,0.025,0.008,0.722,0.015,0.013
135,0.37,0.07,0.003,0.088,0.003,0.002,0.002,0.002,0.003,0.642,0.186
136,0.25,0.003,0.007,0.207,0.031,0.1,0.009,0.003,0.101,0.347,0.191
137,0.42,0.004,0.031,0.004,0.356,0.022,0.021,0.023,0.042,0.181,0.316
138,0.12,0.184,0.005,0.006,0.002,0.008,0.014,0.54,0.007,0.019,0.216
139,0.03,0.183,0.008,0.002,0.013,0.007,0.003,0.676,0.007,0.043,0.058
140,0.03,0.001,0.082,0.001,0.008,0.013,0.019,0.611,0.199,0.004,0.06
141,0.1,0.141,0.183,0.015,0.008,0.022,0.006,0.514,0.005,0.002,0.105
142,0.03,0.002,0.189,0.267,0.009,0.004,0.005,0.485,0.032,0.002,0.004
143,0.09,0.091,0.211,0.003,0.029,0.079,0.003,0.443,0.009,0.004,0.127
144,0.15,0.139,0.259,0.002,0.002,0.028,0.021,0.492,0.003,0.005,0.049
145,0.12,0.002,0.28,0.001,0.005,0.02,0.007,0.4,0.01,0.002,0.273
146,0.3,0.002,0.219,0.002,0.007,0.021,0.046,0.457,0.086,0.002,0.158
147,0.51,0.003,0.021,0.002,0.132,0.007,0.005,0.014,0.03,0.29,0.497
148,0.0,0.077,0.002,0.001,0.005,0.002,0.005,0.002,0.003,0.902,0.002
149,0.0,0.001,0.003,0.003,0.005,0.006,0.003,0.003,0.029,0.925,0.022
150,0.0,0.001,0.001,0.23,0.001,0.001,0.001,0.001,0.001,0.762,0.001
151,0.03,0.124,0.004,0.002,0.006,0.013,0.004,0.004,0.003,0.819,0.022
152,0.0,0.002,0.002,0.004,0.003,0.018,0.004,0.033,0.007,0.925,0.002
153,0.01,0.091,0.003,0.001,0.001,0.001,0.002,0.004,0.003,0.892,0.002
154,0.0,0.238,0.072,0.002,0.406,0.006,0.003,0.008,0.012,0.246,0.006
155,0.0,0.158,0.051,0.002,0.396,0.005,0.006,0.16,0.093,0.108,0.021
156,0.31,0.004,0.017,0.002,0.538,0.003,0.03,0.018,0.002,0.194,0.191
157,0.14,0.171,0.004,0.003,0.639,0.022,0.006,0.004,0.004,0.037,0.11
158,0.19,0.028,0.002,0.241,0.331,0.008,0.169,0.008,0.01,0.103,0.102
159,0.39,0.003,0.008,0.005,0.395,0.008,0.051,0.013,0.01,0.104,0.404
160,0.01,0.157,0.005,0.001,0.634,0.003,0.084,0.004,0.006,0.084,0.022
161,0.03,0.001,0.016,0.003,0.729,0.027,0.012,0.003,0.082,0.081,0.047
162,0.08,0.002,0.003,0.315,0.572,0.001,0.003,0.003,0.003,0.028,0.07
163,0.12,0.172,0.003,0.002,0.564,0.006,0.016,0.019,0.004,0.021,0.193
164,0.1,0.008,0.028,0.002,0.39,0.143,0.194,0.022,0.025,0.039,0.15
165,0.13,0.008,0.006,0.001,0.51,0.013,0.224,0.004,0.004,0.052,0.178
166,0.47,0.015,0.004,0.112,0.386,0.008,0.091,0.004,0.007,0.004,0.368
167,0.85,0.016,0.013,0.042,0.259,0.055,0.085,0.009,0.023,0.015,0.484
168,0.1,0.098,0.093,0.002,0.496,0.037,0.05,0.006,0.008,0.003,0.207
169,0.17,0.002,0.005,0.004,0.612,0.009,0.011,0.084,0.049,0.008,0.216
170,0.04,0.002,0.026,0.363,0.036,0.002,0.036,0.502,0.019,0.01,0.003
171,0.03,0.273,0.002,0.05,0.003,0.002,0.002,0.599,0.003,0.063,0.002
172,0.09,0.176,0.02,0.001,0.007,0.006,0.02,0.702,0.007,0.005,0.055
173,0.02,0.003,0.008,0.003,0.028,0.015,0.007,0.788,0.117,0.012,0.02
174,0.0,0.006,0.012,0.222,0.005,0.002,0.004,0.705,0.016,0.02,0.006
175,0.08,0.022,0.003,0.002,0.121,0.008,0.018,0.746,0.021,0.003,0.057
176,0.0,0.187,0.125,0.013,0.12,0.004,0.039,0.404,0.041,0.066,0.001
177,0.01,0.152,0.008,0.023,0.009,0.002,0.021,0.633,0.008,0.084,0.06
178,0.0,0.165,0.019,0.002,0.005,0.006,0.003,0.765,0.004,0.027,0.005
179,0.0,0.011,0.046,0.359,0.02,0.009,0.012,0.513,0.024,0.003,0.002
180,0.02,0.302,0.006,0.025,0.003,0.007,0.005,0.638,0.005,0.005,0.003
181,0.0,0.128,0.004,0.004,0.006,0.013,0.002,0.306,0.029,0.504,0.003
182,0.0,0.002,0.061,0.012,0.011,0.013,0.031,0.688,0.172,0.006,0.003
183,0.01,0.059,0.004,0.235,0.006,0.003,0.004,0.677,0.003,0.009,0.001
184,0.2,0.111,0.059,0.023,0.012,0.023,0.12,0.489,0.021,0.006,0.138
185,0.0,0.001,0.009,0.008,0.008,0.027,0.02,0.833,0.028,0.043,0.023
186,0.02,0.003,0.135,0.322,0.001,0.003,0.003,0.518,0.004,0.004,0.005
187,0.01,0.152,0.262,0.004,0.009,0.021,0.023,0.453,0.059,0.007,0.009
188,0.12,0.096,0.092,0.01,0.031,0.018,0.012,0.574,0.018,0.002,0.147
189,0.0,0.002,0.035,0.002,0.006,0.089,0.008,0.602,0.212,0.042,0.003
190,0.0,0.002,0.005,0.003,0.01,0.002,0.004,0.964,0.005,0.002,0.004
191,0.05,0.015,0.067,0.002,0.08,0.051,0.06,0.585,0.065,0.033,0.043
192,0.11,0.002,0.002,0.278,0.003,0.005,0.004,0.682,0.002,0.004,0.019
193,0.14,0.006,0.013,0.005,0.01,0.147,0.002,0.657,0.013,0.007,0.139
194,0.02,0.094,0.132,0.003,0.038,0.013,0.009,0.695,0.009,0.003,0.004
195,0.07,0.02,0.01,0.002,0.016,0.004,0.022,0.815,0.009,0.095,0.007
196,0.03,0.004,0.004,0.319,0.003,0.081,0.008,0.557,0.003,0.005,0.015
197,0.05,0.183,0.003,0.001,0.003,0.001,0.002,0.795,0.002,0.003,0.007
198,0.09,0.007,0.046,0.008,0.051,0.002,0.027,0.742,0.037,0.007,0.073
199,0.01,0.006,0.008,0.003,0.004,0.015,0.022,0.916,0.003,0.008,0.014
200,0.09,0.002,0.174,0.273,0.005,0.003,0.003,0.52,0.002,0.002,0.018
201,0.07,0.036,0.004,0.002,0.009,0.005,0.003,0.733,0.004,0.003,0.2
202,0.01,0.026,0.271,0.003,0.014,0.017,0.011,0.605,0.015,0.009,0.029
203,0.06,0.09,0.011,0.011,0.033,0.015,0.033,0.745,0.013,0.003,0.046
204,0.0,0.023,0.039,0.001,0.008,0.005,0.017,0.788,0.011,0.101,0.006
205,0.0,0.095,0.046,0.124,0.009,0.075,0.004,0.632,0.009,0.001,0.005
206,0.0,0.087,0.305,0.001,0.004,0.005,0.01,0.568,0.016,0.002,0.003
207,0.03,0.007,0.003,0.002,0.004,0.005,0.054,0.908,0.009,0.002,0.005
208,0.13,0.001,0.019,0.006,0.01,0.044,0.01,0.595,0.019,0.107,0.189
209,0.02,0.275,0.003,0.005,0.002,0.002,0.007,0.696,0.004,0.002,0.006
210,0.07,0.023,0.007,0.001,0.004,0.002,0.004,0.837,0.002,0.007,0.113
211,0.02,0.01,0.007,0.016,0.018,0.011,0.009,0.85,0.013,0.027,0.039
212,0.08,0.002,0.081,0.003,0.021,0.037,0.082,0.633,0.121,0.005,0.016
213,0.17,0.004,0.005,0.012,0.01,0.005,0.085,0.595,0.015,0.006,0.263
214,0.06,0.002,0.003,0.002,0.443,0.004,0.074,0.009,0.318,0.122,0.023
215,0.0,0.004,0.047,0.004,0.619,0.012,0.06,0.008,0.075,0.164,0.006
216,0.04,0.006,0.004,0.121,0.003,0.006,0.001,0.002,0.003,0.838,0.016
217,0.02,0.016,0.013,0.008,0.035,0.015,0.011,0.018,0.094,0.768,0.023
218,0.12,0.002,0.011,0.002,0.005,0.023,0.005,0.645,0.004,0.155,0.147
219,0.13,0.195,0.009,0.018,0.008,0.011,0.008,0.411,0.005,0.216,0.12
220,0.49,0.005,0.101,0.149,0.016,0.005,0.206,0.007,0.114,0.006,0.391
221,0.12,0.004,0.017,0.002,0.018,0.061,0.016,0.003,0.691,0.013,0.174
222,0.02,0.004,0.085,0.019,0.027,0.031,0.028,0.003,0.778,0.004,0.021
223,0.06,0.001,0.006,0.002,0.24,0.005,0.004,0.004,0.577,0.003,0.158
224,0.21,0.002,0.059,0.004,0.028,0.009,0.01,0.011,0.731,0.007,0.137
225,0.02,0.015,0.084,0.002,0.084,0.002,0.004,0.015,0.723,0.007,0.063
226,0.05,0.004,0.009,0.002,0.013,0.002,0.022,0.008,0.778,0.005,0.157
227,0.45,0.038,0.033,0.003,0.007,0.007,0.012,0.126,0.312,0.005,0.456
228,0.48,0.001,0.006,0.118,0.003,0.006,0.033,0.007,0.422,0.007,0.397
229,0.0,0.009,0.556,0.004,0.008,0.009,0.015,0.015,0.375,0.002,0.007
230,0.02,0.002,0.125,0.003,0.035,0.077,0.003,0.009,0.664,0.081,0.002
231,0.0,0.096,0.437,0.029,0.006,0.014,0.162,0.041,0.207,0.006,0.003
232,0.0,0.001,0.136,0.005,0.028,0.013,0.097,0.02,0.676,0.009,0.015
233,0.03,0.003,0.192,0.003,0.022,0.024,0.053,0.009,0.664,0.003,0.028
234,0.01,0.039,0.008,0.137,0.099,0.005,0.015,0.007,0.662,0.004,0.024
235,0.25,0.009,0.054,0.003,0.007,0.019,0.084,0.021,0.572,0.055,0.174
236,0.02,0.003,0.032,0.001,0.024,0.004,0.004,0.008,0.901,0.003,0.02
237,0.21,0.005,0.035,0.001,0.021,0.006,0.012,0.005,0.612,0.004,0.299
238,0.11,0.201,0.009,0.013,0.003,0.02,0.018,0.006,0.661,0.017,0.053
239,0.0,0.065,0.07,0.004,0.019,0.006,0.013,0.003,0.813,0.005,0.003
240,0.62,0.009,0.016,0.156,0.013,0.005,0.014,0.004,0.254,0.003,0.526
241,0.08,0.005,0.006,0.003,0.143,0.003,0.074,0.006,0.716,0.002,0.041
242,0.07,0.002,0.176,0.002,0.018,0.006,0.011,0.003,0.712,0.001,0.069
243,0.04,0.003,0.003,0.226,0.02,0.006,0.009,0.003,0.724,0.003,0.002
244,0.18,0.041,0.014,0.004,0.009,0.008,0.044,0.003,0.799,0.007,0.072
245,0.38,0.002,0.019,0.003,0.024,0.009,0.017,0.017,0.602,0.012,0.295
246,0.07,0.106,0.012,0.113,0.005,0.007,0.074,0.142,0.501,0.006,0.034
247,0.55,0.003,0.005,0.208,0.019,0.004,0.02,0.01,0.339,0.005,0.386
248,0.01,0.003,0.021,0.002,0.009,0.006,0.048,0.008,0.805,0.008,0.091
249,0.0,0.002,0.019,0.005,0.167,0.019,0.01,0.023,0.682,0.019,0.054
250,0.07,0.002,0.036,0.002,0.223,0.006,0.005,0.002,0.559,0.002,0.163
251,0.01,0.001,0.122,0.006,0.122,0.037,0.132,0.005,0.454,0.006,0.114
252,0.04,0.003,0.017,0.005,0.026,0.023,0.011,0.012,0.885,0.002,0.016
253,0.08,0.027,0.08,0.001,0.006,0.014,0.015,0.042,0.657,0.004,0.154
254,0.36,0.003,0.078,0.004,0.062,0.08,0.191,0.004,0.219,0.013,0.346
255,0.09,0.19,0.133,0.002,0.026,0.038,0.01,0.004,0.491,0.003,0.103
256,0.72,0.014,0.01,0.003,0.01,0.01,0.007,0.025,0.35,0.003,0.568
257,0.01,0.01,0.019,0.003,0.158,0.096,0.023,0.009,0.61,0.01,0.062
258,0.0,0.001,0.202,0.001,0.198,0.012,0.007,0.003,0.45,0.036,0.09
259,0.0,0.021,0.006,0.068,0.018,0.118,0.026,0.005,0.724,0.011,0.004
260,0.0,0.06,0.008,0.002,0.07,0.01,0.038,0.015,0.794,0.003,0.002
261,0.01,0.002,0.049,0.002,0.019,0.013,0.093,0.015,0.79,0.012,0.003
262,0.03,0.159,0.005,0.003,0.012,0.019,0.035,0.002,0.744,0.002,0.018
263,0.29,0.002,0.017,0.18,0.016,0.01,0.061,0.003,0.462,0.003,0.246
264,0.0,0.008,0.014,0.002,0.234,0.005,0.055,0.012,0.587,0.066,0.017
265,0.0,0.126,0.092,0.001,0.003,0.008,0.033,0.002,0.728,0.002,0.003
266,0.07,0.005,0.034,0.003,0.025,0.003,0.041,0.021,0.808,0.011,0.05
267,0.4,0.002,0.011,0.003,0.017,0.021,0.003,0.45,0.005,0.019,0.469
268,0.72,0.012,0.026,0.004,0.017,0.004,0.012,0.157,0.031,0.172,0.566
269,0.02,0.056,0.208,0.013,0.088,0.009,0.004,0.541,0.057,0.005,0.019
270,0.68,0.006,0.319,0.002,0.008,0.003,0.029,0.061,0.015,0.005,0.554
271,0.49,0.003,0.121,0.003,0.012,0.005,0.078,0.314,0.022,0.004,0.438
272,0.18,0.005,0.662,0.001,0.01,0.007,0.021,0.211,0.013,0.005,0.064
273,0.07,0.184,0.079,0.004,0.005,0.011,0.015,0.673,0.007,0.005,0.018
274,0.7,0.009,0.022,0.168,0.021,0.005,0.014,0.138,0.007,0.168,0.448
275,0.02,0.004,0.246,0.002,0.044,0.006,0.006,0.67,0.011,0.002,0.009
276,0.7,0.004,0.005,0.003,0.011,0.009,0.004,0.406,0.007,0.004,0.546
277,0.04,0.003,0.796,0.002,0.005,0.048,0.009,0.016,0.06,0.019,0.042
278,0.02,0.001,0.517,0.007,0.041,0.003,0.047,0.006,0.272,0.004,0.103
279,0.04,0.004,0.004,0.138,0.013,0.002,0.004,0.152,0.011,0.668,0.006
280,0.0,0.029,0.01,0.002,0.003,0.003,0.003,0.688,0.242,0.018,0.002
281,0.02,0.002,0.004,0.005,0.012,0.006,0.004,0.741,0.212,0.011,0.004
282,0.04,0.151,0.005,0.082,0.017,0.014,0.005,0.707,0.004,0.012,0.003
283,0.22,0.005,0.003,0.164,0.005,0.002,0.003,0.585,0.003,0.045,0.186
284,0.0,0.06,0.03,0.008,0.664,0.028,0.008,0.101,0.064,0.034,0.003
285,0.72,0.005,0.027,0.006,0.181,0.025,0.009,0.102,0.101,0.017,0.528
286,0.01,0.092,0.02,0.153,0.578,0.005,0.009,0.002,0.134,0.002,0.005
287,0.0,0.006,0.023,0.006,0.623,0.015,0.003,0.019,0.264,0.037,0.004
288,0.0,0.101,0.002,0.184,0.003,0.002,0.002,0.03,0.003,0.671,0.002
289,0.0,0.13,0.002,0.023,0.002,0.004,0.001,0.004,0.002,0.83,0.001
290,0.0,0.004,0.281,0.003,0.004,0.006,0.005,0.427,0.26,0.006,0.004
291,0.0,0.002,0.012,0.002,0.028,0.005,0.018,0.007,0.021,0.903,0.004
292,0.0,0.091,0.002,0.001,0.001,0.001,0.002,0.002,0.001,0.896,0.002
293,0.0,0.008,0.02,0.003,0.018,0.004,0.008,0.165,0.014,0.738,0.021
294,0.0,0.001,0.306,0.001,0.005,0.005,0.024,0.551,0.097,0.003,0.006
295,0.0,0.011,0.013,0.079,0.062,0.017,0.513,0.006,0.29,0.005,0.003
296,0.37,0.003,0.011,0.005,0.152,0.019,0.427,0.011,0.047,0.006,0.318
297,0.5,0.009,0.013,0.002,0.011,0.005,0.406,0.003,0.004,0.008,0.539
298,0.01,0.035,0.008,0.002,0.012,0.002,0.691,0.005,0.236,0.002,0.006
299,0.0,0.002,0.008,0.002,0.054,0.009,0.713,0.003,0.205,0.002,0.003
300,0.2,0.125,0.009,0.07,0.008,0.014,0.506,0.094,0.101,0.004,0.07
301,0.54,0.006,0.009,0.082,0.006,0.002,0.392,0.013,0.009,0.054,0.427
302,0.04,0.005,0.047,0.001,0.088,0.014,0.768,0.014,0.021,0.015,0.026
303,0.56,0.004,0.008,0.004,0.007,0.004,0.501,0.03,0.015,0.016,0.411
304,0.82,0.006,0.016,0.004,0.014,0.007,0.28,0.004,0.021,0.014,0.634
305,0.01,0.056,0.003,0.004,0.014,0.004,0.863,0.013,0.015,0.004,0.023
306,0.12,0.002,0.007,0.001,0.007,0.016,0.896,0.029,0.005,0.002,0.035
307,0.1,0.002,0.005,0.003,0.125,0.003,0.682,0.015,0.047,0.042,0.077
308,0.23,0.123,0.007,0.054,0.007,0.005,0.648,0.003,0.004,0.003,0.148
309,0.1,0.002,0.006,0.015,0.161,0.008,0.6,0.062,0.084,0.038,0.024
310,0.04,0.059,0.019,0.002,0.183,0.005,0.71,0.003,0.009,0.007,0.003
311,0.03,0.002,0.028,0.004,0.005,0.007,0.798,0.005,0.143,0.003,0.005
312,0.1,0.197,0.017,0.004,0.004,0.008,0.744,0.003,0.012,0.001,0.011
313,0.03,0.001,0.007,0.001,0.007,0.004,0.84,0.12,0.003,0.008,0.008
314,0.02,0.003,0.01,0.002,0.005,0.002,0.003,0.004,0.003,0.835,0.133
315,0.46,0.002,0.003,0.131,0.002,0.002,0.005,0.001,0.002,0.626,0.227
316,0.05,0.002,0.007,0.002,0.013,0.005,0.035,0.014,0.009,0.816,0.095
317,0.44,0.002,0.004,0.202,0.002,0.005,0.004,0.035,0.002,0.583,0.16
318,0.02,0.115,0.002,0.002,0.002,0.002,0.002,0.002,0.001,0.844,0.029
319,0.03,0.1,0.002,0.001,0.003,0.002,0.002,0.001,0.002,0.8,0.086
320,0.06,0.025,0.004,0.001,0.013,0.013,0.004,0.194,0.012,0.573,0.16
321,0.0,0.084,0.014,0.003,0.042,0.008,0.005,0.008,0.005,0.83,0.003
322,0.02,0.106,0.006,0.002,0.005,0.003,0.003,0.004,0.002,0.859,0.009
