,prop_missing,prop_1,prop_2,prop_3,prop_4,prop_5,prop_6
0,0.02,0.004,0.014,0.574,0.003,0.24,0.164
1,0.02,0.033,0.028,0.122,0.012,0.748,0.057
2,0.03,0.004,0.003,0.195,0.097,0.694,0.007
3,0.0,0.018,0.005,0.594,0.002,0.377,0.005
4,0.0,0.011,0.059,0.096,0.014,0.787,0.034
5,0.0,0.01,0.012,0.079,0.003,0.845,0.051
6,0.0,0.005,0.005,0.381,0.145,0.456,0.008
7,0.0,0.003,0.053,0.01,0.005,0.902,0.027
8,0.0,0.027,0.02,0.26,0.006,0.671,0.016
9,0.08,0.021,0.012,0.594,0.01,0.333,0.031
10,0.01,0.009,0.025,0.568,0.003,0.385,0.01
11,0.0,0.006,0.004,0.677,0.001,0.306,0.007
12,0.0,0.003,0.011,0.064,0.003,0.911,0.009
13,0.0,0.004,0.054,0.059,0.016,0.827,0.04
14,0.0,0.003,0.019,0.052,0.215,0.013,0.697
15,0.0,0.009,0.008,0.008,0.004,0.021,0.949
16,0.05,0.019,0.252,0.003,0.002,0.005,0.719
17,0.01,0.004,0.006,0.002,0.005,0.002,0.981
18,0.03,0.012,0.01,0.009,0.011,0.021,0.936
19,0.04,0.022,0.021,0.004,0.227,0.004,0.722
20,0.02,0.014,0.006,0.004,0.211,0.003,0.761
21,0.01,0.007,0.024,0.014,0.002,0.006,0.947
22,0.05,0.005,0.022,0.003,0.063,0.007,0.9
23,0.08,0.142,0.006,0.007,0.244,0.002,0.599
24,0.01,0.018,0.006,0.044,0.001,0.033,0.899
25,0.01,0.017,0.11,0.005,0.002,0.008,0.858
26,0.0,0.018,0.199,0.007,0.002,0.008,0.766
27,0.0,0.006,0.04,0.003,0.003,0.006,0.942
28,0.0,0.012,0.299,0.005,0.003,0.003,0.678
29,0.01,0.044,0.504,0.022,0.002,0.012,0.415
30,0.07,0.039,0.738,0.013,0.006,0.029,0.175
31,0.15,0.294,0.14,0.008,0.014,0.009,0.535
32,0.08,0.084,0.598,0.011,0.003,0.016,0.289
33,0.0,0.004,0.981,0.005,0.002,0.003,0.006
34,0.0,0.108,0.491,0.025,0.003,0.043,0.331
35,0.04,0.008,0.929,0.005,0.048,0.005,0.005
36,0.06,0.014,0.927,0.008,0.002,0.003,0.045
37,0.02,0.009,0.949,0.01,0.002,0.013,0.017
38,0.0,0.01,0.925,0.012,0.017,0.008,0.029
39,0.05,0.003,0.002,0.791,0.199,0.003,0.002
40,0.02,0.004,0.003,0.985,0.002,0.003,0.003
41,0.0,0.005,0.006,0.982,0.002,0.002,0.003
42,0.08,0.111,0.004,0.863,0.006,0.002,0.014
43,0.01,0.003,0.004,0.916,0.069,0.003,0.004
44,0.55,0.671,0.075,0.2,0.004,0.035,0.014
45,0.02,0.003,0.005,0.95,0.012,0.01,0.019
46,0.0,0.003,0.002,0.986,0.002,0.003,0.004
47,0.01,0.01,0.005,0.969,0.009,0.003,0.004
48,0.14,0.012,0.102,0.869,0.002,0.005,0.01
49,0.01,0.005,0.009,0.97,0.003,0.005,0.007
50,0.06,0.023,0.009,0.956,0.004,0.004,0.005
51,0.01,0.004,0.003,0.584,0.282,0.124,0.003
52,0.0,0.004,0.047,0.912,0.028,0.005,0.004
53,0.07,0.008,0.005,0.449,0.316,0.218,0.004
54,0.06,0.009,0.01,0.549,0.336,0.067,0.028
55,0.13,0.245,0.068,0.004,0.344,0.014,0.324
56,0.0,0.028,0.004,0.616,0.002,0.347,0.003
57,0.0,0.003,0.003,0.841,0.147,0.003,0.003
58,0.03,0.015,0.012,0.947,0.005,0.005,0.016
59,0.04,0.283,0.019,0.006,0.009,0.042,0.64
60,0.05,0.257,0.005,0.005,0.003,0.004,0.726
61,0.08,0.052,0.011,0.002,0.358,0.005,0.572
62,0.05,0.219,0.005,0.008,0.314,0.009,0.445
63,0.0,0.013,0.004,0.009,0.407,0.003,0.564
64,0.0,0.143,0.029,0.005,0.369,0.007,0.447
65,0.05,0.04,0.005,0.009,0.178,0.003,0.766
66,0.07,0.263,0.013,0.006,0.02,0.017,0.68
67,0.03,0.005,0.209,0.002,0.003,0.662,0.12
68,0.04,0.007,0.334,0.004,0.067,0.584,0.006
69,0.01,0.016,0.008,0.143,0.003,0.82,0.01
70,0.23,0.309,0.015,0.008,0.007,0.616,0.045
71,0.0,0.01,0.024,0.003,0.022,0.899,0.041
72,0.02,0.009,0.004,0.004,0.156,0.819,0.008
73,0.0,0.003,0.354,0.002,0.004,0.625,0.012
74,0.0,0.002,0.005,0.026,0.009,0.865,0.094
75,0.0,0.004,0.005,0.134,0.144,0.694,0.019
76,0.0,0.002,0.217,0.002,0.235,0.529,0.014
77,0.01,0.018,0.862,0.007,0.002,0.009,0.102
78,0.0,0.003,0.621,0.005,0.008,0.021,0.341
79,0.01,0.097,0.76,0.007,0.005,0.008,0.122
80,0.0,0.005,0.85,0.002,0.07,0.004,0.069
81,0.03,0.007,0.963,0.014,0.003,0.003,0.012
82,0.0,0.003,0.864,0.004,0.003,0.01,0.116
83,0.0,0.004,0.913,0.003,0.023,0.004,0.053
84,0.0,0.014,0.529,0.002,0.221,0.005,0.228
85,0.03,0.022,0.955,0.004,0.002,0.003,0.013
86,0.05,0.078,0.802,0.007,0.008,0.01,0.095
87,0.06,0.022,0.671,0.024,0.004,0.012,0.266
88,0.02,0.01,0.847,0.025,0.097,0.007,0.014
89,0.03,0.009,0.856,0.006,0.002,0.02,0.107
90,0.05,0.042,0.459,0.024,0.004,0.009,0.461
91,0.0,0.006,0.958,0.005,0.007,0.004,0.02
92,0.01,0.119,0.622,0.012,0.199,0.003,0.046
93,0.02,0.219,0.565,0.01,0.003,0.025,0.179
94,0.02,0.192,0.541,0.006,0.01,0.046,0.205
95,0.0,0.01,0.584,0.004,0.354,0.021,0.026
96,0.0,0.102,0.728,0.004,0.006,0.134,0.025
97,0.02,0.06,0.623,0.003,0.004,0.012,0.297
98,0.02,0.139,0.649,0.02,0.004,0.049,0.139
99,0.24,0.397,0.295,0.004,0.251,0.034,0.018
100,0.03,0.049,0.486,0.023,0.409,0.008,0.025
101,0.43,0.252,0.014,0.112,0.004,0.609,0.009
102,0.07,0.161,0.005,0.081,0.003,0.746,0.004
103,0.03,0.023,0.011,0.246,0.004,0.696,0.02
104,0.07,0.004,0.009,0.045,0.331,0.607,0.004
105,0.04,0.003,0.011,0.687,0.034,0.261,0.003
106,0.01,0.003,0.002,0.002,0.303,0.686,0.004
107,0.06,0.094,0.008,0.538,0.002,0.355,0.003
108,0.08,0.036,0.006,0.581,0.005,0.357,0.015
109,0.09,0.052,0.044,0.064,0.002,0.817,0.021
110,0.17,0.053,0.008,0.12,0.006,0.796,0.017
111,0.54,0.293,0.006,0.012,0.016,0.661,0.011
112,0.02,0.029,0.021,0.166,0.002,0.773,0.009
113,0.06,0.009,0.004,0.037,0.003,0.941,0.006
114,0.09,0.003,0.002,0.001,0.289,0.701,0.004
115,0.03,0.026,0.019,0.077,0.002,0.848,0.028
116,0.01,0.012,0.01,0.16,0.003,0.778,0.037
117,0.03,0.077,0.004,0.258,0.002,0.651,0.007
118,0.15,0.013,0.005,0.004,0.127,0.829,0.022
119,0.19,0.114,0.005,0.018,0.003,0.853,0.007
120,0.0,0.007,0.004,0.27,0.002,0.712,0.005
121,0.0,0.002,0.02,0.453,0.002,0.512,0.011
122,0.07,0.156,0.071,0.019,0.011,0.72,0.023
123,0.0,0.001,0.002,0.134,0.277,0.584,0.002
124,0.0,0.014,0.015,0.59,0.003,0.371,0.007
125,0.03,0.056,0.008,0.141,0.005,0.784,0.006
126,0.01,0.042,0.069,0.186,0.004,0.679,0.021
127,0.04,0.129,0.003,0.097,0.002,0.751,0.018
128,0.16,0.166,0.162,0.054,0.226,0.02,0.372
129,0.43,0.482,0.165,0.02,0.009,0.013,0.311
130,0.17,0.34,0.061,0.007,0.023,0.014,0.556
131,0.11,0.035,0.003,0.003,0.321,0.003,0.635
132,0.14,0.081,0.275,0.009,0.131,0.026,0.477
133,0.05,0.176,0.004,0.051,0.007,0.006,0.756
134,0.02,0.021,0.18,0.01,0.003,0.008,0.778
135,0.37,0.066,0.005,0.806,0.109,0.008,0.006
136,0.25,0.234,0.012,0.399,0.215,0.009,0.131
137,0.42,0.531,0.026,0.247,0.006,0.041,0.148
138,0.12,0.22,0.009,0.039,0.012,0.713,0.007
139,0.03,0.05,0.011,0.101,0.002,0.829,0.008
140,0.03,0.037,0.113,0.003,0.002,0.667,0.178
141,0.1,0.065,0.278,0.002,0.016,0.632,0.007
142,0.03,0.005,0.072,0.002,0.278,0.514,0.129
143,0.09,0.048,0.372,0.005,0.004,0.559,0.013
144,0.15,0.027,0.349,0.013,0.003,0.604,0.004
145,0.12,0.26,0.234,0.004,0.002,0.478,0.022
146,0.3,0.211,0.244,0.002,0.001,0.507,0.035
147,0.51,0.56,0.01,0.373,0.004,0.027,0.025
148,0.0,0.006,0.004,0.982,0.001,0.004,0.004
149,0.0,0.01,0.004,0.972,0.003,0.004,0.008
150,0.0,0.001,0.001,0.775,0.22,0.001,0.002
151,0.03,0.019,0.028,0.922,0.004,0.016,0.012
152,0.0,0.002,0.004,0.96,0.003,0.025,0.006
153,0.01,0.005,0.003,0.984,0.001,0.004,0.003
154,0.0,0.177,0.346,0.374,0.003,0.06,0.04
155,0.0,0.083,0.131,0.196,0.003,0.255,0.332
156,0.31,0.548,0.026,0.274,0.005,0.022,0.125
157,0.14,0.436,0.044,0.17,0.008,0.102,0.24
158,0.19,0.463,0.023,0.173,0.256,0.007,0.079
159,0.39,0.71,0.005,0.211,0.007,0.015,0.052
160,0.01,0.395,0.05,0.195,0.002,0.027,0.331
161,0.03,0.277,0.017,0.146,0.004,0.003,0.553
162,0.08,0.378,0.013,0.135,0.367,0.004,0.103
163,0.12,0.555,0.016,0.195,0.007,0.191,0.036
164,0.1,0.383,0.223,0.106,0.002,0.014,0.272
165,0.13,0.618,0.198,0.166,0.003,0.007,0.008
166,0.47,0.809,0.015,0.01,0.143,0.008,0.015
167,0.85,0.806,0.03,0.046,0.072,0.016,0.031
168,0.1,0.507,0.394,0.027,0.002,0.04,0.03
169,0.17,0.483,0.007,0.032,0.003,0.078,0.397
170,0.04,0.013,0.008,0.008,0.368,0.523,0.081
171,0.03,0.007,0.004,0.127,0.076,0.783,0.003
172,0.09,0.046,0.044,0.02,0.002,0.871,0.017
173,0.02,0.022,0.01,0.028,0.002,0.83,0.108
174,0.0,0.005,0.006,0.017,0.219,0.735,0.017
175,0.08,0.126,0.007,0.005,0.003,0.813,0.045
176,0.0,0.006,0.265,0.116,0.015,0.501,0.096
177,0.01,0.076,0.006,0.111,0.034,0.755,0.018
178,0.0,0.005,0.013,0.065,0.002,0.911,0.005
179,0.0,0.003,0.045,0.004,0.374,0.541,0.032
180,0.02,0.01,0.032,0.02,0.06,0.862,0.016
181,0.0,0.007,0.012,0.554,0.006,0.385,0.036
182,0.0,0.006,0.052,0.008,0.02,0.725,0.19
183,0.01,0.003,0.006,0.011,0.247,0.73,0.003
184,0.2,0.228,0.125,0.01,0.021,0.576,0.039
185,0.0,0.014,0.019,0.044,0.009,0.894,0.022
186,0.02,0.003,0.055,0.006,0.346,0.575,0.015
187,0.01,0.021,0.393,0.015,0.007,0.544,0.02
188,0.12,0.12,0.148,0.005,0.004,0.708,0.015
189,0.0,0.003,0.063,0.027,0.002,0.625,0.28
190,0.0,0.004,0.003,0.001,0.003,0.984,0.004
191,0.05,0.104,0.182,0.051,0.003,0.621,0.039
192,0.11,0.008,0.003,0.005,0.277,0.704,0.004
193,0.14,0.021,0.153,0.009,0.008,0.787,0.023
194,0.02,0.013,0.195,0.005,0.002,0.774,0.01
195,0.07,0.015,0.013,0.084,0.002,0.876,0.01
196,0.03,0.018,0.04,0.006,0.334,0.598,0.004
197,0.05,0.006,0.007,0.004,0.002,0.977,0.005
198,0.09,0.077,0.02,0.012,0.01,0.824,0.057
199,0.01,0.011,0.007,0.006,0.004,0.968,0.004
200,0.09,0.009,0.128,0.002,0.286,0.568,0.008
201,0.07,0.139,0.009,0.006,0.004,0.836,0.005
202,0.01,0.032,0.296,0.007,0.003,0.652,0.01
203,0.06,0.102,0.028,0.004,0.013,0.832,0.021
204,0.0,0.011,0.023,0.1,0.002,0.857,0.008
205,0.0,0.01,0.139,0.001,0.136,0.706,0.008
206,0.0,0.009,0.34,0.002,0.001,0.63,0.018
207,0.03,0.008,0.008,0.001,0.002,0.975,0.005
208,0.13,0.124,0.029,0.13,0.007,0.679,0.032
209,0.02,0.012,0.017,0.008,0.049,0.907,0.007
210,0.07,0.015,0.006,0.007,0.002,0.964,0.005
211,0.02,0.013,0.008,0.028,0.013,0.931,0.007
212,0.08,0.077,0.148,0.005,0.004,0.655,0.111
213,0.17,0.34,0.004,0.008,0.006,0.637,0.006
214,0.06,0.297,0.009,0.16,0.002,0.007,0.524
215,0.0,0.232,0.042,0.231,0.003,0.014,0.477
216,0.04,0.005,0.004,0.884,0.1,0.003,0.004
217,0.02,0.007,0.015,0.82,0.005,0.01,0.144
218,0.12,0.044,0.022,0.18,0.005,0.746,0.004
219,0.13,0.123,0.028,0.257,0.05,0.534,0.008
220,0.49,0.641,0.023,0.009,0.149,0.027,0.151
221,0.12,0.189,0.082,0.024,0.002,0.008,0.695
222,0.02,0.072,0.089,0.005,0.014,0.005,0.815
223,0.06,0.219,0.007,0.003,0.001,0.009,0.761
224,0.21,0.174,0.032,0.007,0.004,0.011,0.772
225,0.02,0.036,0.026,0.008,0.002,0.013,0.915
226,0.05,0.204,0.003,0.008,0.002,0.008,0.775
227,0.45,0.5,0.083,0.008,0.005,0.183,0.221
228,0.48,0.445,0.006,0.007,0.127,0.013,0.401
229,0.0,0.013,0.615,0.002,0.005,0.025,0.34
230,0.02,0.004,0.202,0.09,0.003,0.007,0.694
231,0.0,0.105,0.572,0.006,0.028,0.047,0.242
232,0.0,0.112,0.156,0.008,0.005,0.008,0.71
233,0.03,0.11,0.226,0.003,0.003,0.014,0.645
234,0.01,0.129,0.011,0.006,0.144,0.011,0.7
235,0.25,0.208,0.139,0.076,0.003,0.031,0.542
236,0.02,0.01,0.021,0.003,0.002,0.014,0.95
237,0.21,0.393,0.015,0.006,0.003,0.017,0.566
238,0.11,0.052,0.256,0.036,0.016,0.014,0.625
239,0.0,0.009,0.054,0.01,0.006,0.008,0.914
240,0.62,0.763,0.013,0.007,0.169,0.011,0.037
241,0.08,0.201,0.004,0.004,0.003,0.008,0.781
242,0.07,0.05,0.098,0.002,0.004,0.002,0.844
243,0.04,0.006,0.004,0.005,0.219,0.003,0.761
244,0.18,0.196,0.004,0.01,0.002,0.006,0.781
245,0.38,0.354,0.018,0.01,0.002,0.021,0.594
246,0.07,0.112,0.056,0.009,0.116,0.188,0.519
247,0.55,0.53,0.007,0.007,0.227,0.013,0.216
248,0.01,0.165,0.019,0.008,0.002,0.007,0.799
249,0.0,0.137,0.084,0.026,0.006,0.009,0.738
250,0.07,0.232,0.031,0.004,0.005,0.007,0.722
251,0.01,0.28,0.139,0.006,0.005,0.009,0.562
252,0.04,0.036,0.031,0.002,0.004,0.02,0.905
253,0.08,0.059,0.094,0.004,0.002,0.102,0.738
254,0.36,0.625,0.148,0.017,0.006,0.006,0.197
255,0.09,0.165,0.455,0.005,0.005,0.01,0.36
256,0.72,0.817,0.009,0.007,0.005,0.101,0.06
257,0.01,0.173,0.176,0.01,0.006,0.009,0.626
258,0.0,0.185,0.172,0.048,0.002,0.004,0.591
259,0.0,0.023,0.038,0.012,0.071,0.008,0.848
260,0.0,0.013,0.104,0.005,0.003,0.017,0.859
261,0.01,0.04,0.068,0.008,0.002,0.018,0.864
262,0.03,0.081,0.14,0.004,0.015,0.011,0.748
263,0.29,0.364,0.014,0.008,0.184,0.005,0.425
264,0.0,0.137,0.022,0.108,0.002,0.014,0.717
265,0.0,0.019,0.311,0.006,0.002,0.006,0.656
266,0.07,0.068,0.025,0.013,0.003,0.025,0.866
267,0.4,0.444,0.006,0.015,0.004,0.528,0.004
268,0.72,0.642,0.009,0.164,0.004,0.163,0.018
269,0.02,0.026,0.171,0.005,0.024,0.607,0.167
270,0.68,0.747,0.035,0.01,0.002,0.195,0.011
271,0.49,0.584,0.013,0.005,0.004,0.373,0.021
272,0.18,0.071,0.65,0.007,0.002,0.253,0.018
273,0.07,0.007,0.208,0.005,0.007,0.766,0.008
274,0.7,0.509,0.019,0.163,0.164,0.139,0.005
275,0.02,0.007,0.21,0.003,0.003,0.724,0.052
276,0.7,0.536,0.005,0.005,0.005,0.441,0.008
277,0.04,0.017,0.839,0.017,0.004,0.018,0.106
278,0.02,0.228,0.4,0.005,0.008,0.007,0.352
279,0.04,0.007,0.003,0.707,0.128,0.15,0.006
280,0.0,0.003,0.004,0.014,0.002,0.743,0.233
281,0.02,0.006,0.006,0.01,0.007,0.773,0.198
282,0.04,0.005,0.013,0.02,0.123,0.829,0.009
283,0.22,0.043,0.004,0.05,0.187,0.712,0.005
284,0.0,0.152,0.052,0.138,0.015,0.096,0.547
285,0.72,0.657,0.023,0.027,0.007,0.11,0.176
286,0.01,0.16,0.032,0.01,0.171,0.01,0.617
287,0.0,0.019,0.053,0.111,0.007,0.023,0.787
288,0.0,0.002,0.003,0.721,0.196,0.074,0.002
289,0.0,0.003,0.008,0.934,0.033,0.011,0.011
290,0.0,0.003,0.258,0.007,0.004,0.446,0.282
291,0.0,0.005,0.006,0.951,0.004,0.006,0.027
292,0.0,0.002,0.003,0.988,0.001,0.004,0.002
293,0.0,0.018,0.021,0.78,0.004,0.169,0.009
294,0.0,0.008,0.227,0.002,0.002,0.564,0.196
295,0.0,0.362,0.128,0.005,0.07,0.009,0.425
296,0.37,0.759,0.076,0.021,0.005,0.02,0.119
297,0.5,0.948,0.021,0.018,0.002,0.006,0.005
298,0.01,0.546,0.053,0.005,0.002,0.003,0.391
299,0.0,0.449,0.05,0.005,0.002,0.005,0.489
300,0.2,0.501,0.168,0.003,0.097,0.141,0.09
301,0.54,0.787,0.009,0.083,0.102,0.01,0.01
302,0.04,0.652,0.308,0.022,0.002,0.008,0.007
303,0.56,0.877,0.013,0.02,0.004,0.075,0.011
304,0.82,0.938,0.016,0.012,0.004,0.01,0.02
305,0.01,0.737,0.168,0.007,0.005,0.018,0.065
306,0.12,0.735,0.185,0.003,0.002,0.039,0.035
307,0.1,0.678,0.005,0.045,0.003,0.007,0.261
308,0.23,0.708,0.19,0.008,0.069,0.004,0.021
309,0.1,0.512,0.012,0.066,0.03,0.022,0.359
310,0.04,0.587,0.308,0.034,0.002,0.005,0.064
311,0.03,0.5,0.146,0.007,0.003,0.003,0.34
312,0.1,0.524,0.441,0.004,0.017,0.007,0.008
313,0.03,0.632,0.246,0.009,0.003,0.077,0.033
314,0.02,0.036,0.009,0.94,0.003,0.007,0.006
315,0.46,0.031,0.004,0.809,0.152,0.002,0.003
316,0.05,0.084,0.008,0.88,0.002,0.006,0.018
317,0.44,0.041,0.006,0.682,0.216,0.052,0.004
318,0.02,0.01,0.004,0.973,0.002,0.008,0.003
319,0.03,0.013,0.003,0.976,0.001,0.004,0.004
320,0.06,0.109,0.006,0.656,0.004,0.216,0.009
321,0.0,0.011,0.024,0.921,0.004,0.027,0.013
322,0.02,0.016,0.006,0.962,0.002,0.005,0.008
