,prop_missing,prop_1,prop_2,prop_3,prop_4,prop_5,prop_6,prop_7,prop_8
0,0.02,0.072,0.011,0.552,0.005,0.004,0.249,0.005,0.101
1,0.02,0.008,0.009,0.101,0.039,0.129,0.63,0.005,0.08
2,0.03,0.007,0.012,0.194,0.005,0.004,0.663,0.107,0.007
3,0.0,0.013,0.012,0.58,0.009,0.004,0.374,0.002,0.006
4,0.0,0.04,0.015,0.081,0.01,0.108,0.695,0.017,0.034
5,0.0,0.026,0.025,0.097,0.005,0.004,0.784,0.003,0.058
6,0.0,0.006,0.012,0.354,0.005,0.088,0.392,0.135,0.008
7,0.0,0.028,0.005,0.007,0.004,0.157,0.782,0.003,0.014
8,0.0,0.02,0.046,0.253,0.032,0.02,0.61,0.005,0.013
9,0.08,0.011,0.01,0.556,0.024,0.026,0.308,0.031,0.033
10,0.01,0.024,0.015,0.553,0.023,0.005,0.37,0.003,0.007
11,0.0,0.003,0.007,0.6,0.003,0.154,0.227,0.001,0.006
12,0.0,0.029,0.006,0.078,0.005,0.008,0.855,0.002,0.017
13,0.0,0.011,0.008,0.026,0.003,0.242,0.674,0.007,0.03
14,0.0,0.03,0.004,0.062,0.003,0.003,0.01,0.216,0.671
15,0.0,0.017,0.009,0.006,0.013,0.002,0.025,0.003,0.925
16,0.05,0.227,0.024,0.003,0.011,0.003,0.01,0.002,0.72
17,0.01,0.025,0.006,0.004,0.003,0.009,0.002,0.005,0.944
18,0.03,0.008,0.008,0.01,0.053,0.003,0.016,0.014,0.888
19,0.04,0.087,0.011,0.007,0.013,0.002,0.003,0.221,0.656
20,0.02,0.009,0.008,0.003,0.006,0.003,0.003,0.209,0.759
21,0.01,0.013,0.005,0.014,0.004,0.003,0.007,0.001,0.952
22,0.05,0.007,0.002,0.002,0.009,0.153,0.004,0.023,0.801
23,0.08,0.016,0.01,0.005,0.131,0.002,0.003,0.236,0.598
24,0.01,0.01,0.02,0.057,0.01,0.003,0.034,0.002,0.865
25,0.01,0.137,0.007,0.006,0.024,0.008,0.005,0.002,0.81
26,0.0,0.245,0.006,0.012,0.05,0.002,0.006,0.002,0.677
27,0.0,0.035,0.011,0.003,0.005,0.023,0.006,0.004,0.913
28,0.0,0.259,0.038,0.004,0.007,0.064,0.004,0.003,0.621
29,0.01,0.453,0.176,0.026,0.018,0.004,0.011,0.003,0.31
30,0.07,0.603,0.042,0.013,0.027,0.127,0.019,0.006,0.163
31,0.15,0.187,0.031,0.011,0.161,0.004,0.012,0.014,0.58
32,0.08,0.576,0.069,0.012,0.051,0.012,0.015,0.002,0.263
33,0.0,0.957,0.003,0.005,0.02,0.003,0.002,0.004,0.006
34,0.0,0.389,0.217,0.032,0.008,0.003,0.059,0.002,0.291
35,0.04,0.869,0.015,0.01,0.023,0.013,0.007,0.058,0.006
36,0.06,0.855,0.005,0.006,0.062,0.042,0.003,0.002,0.024
37,0.02,0.943,0.005,0.006,0.017,0.002,0.016,0.001,0.01
38,0.0,0.743,0.032,0.006,0.004,0.179,0.005,0.016,0.014
39,0.05,0.003,0.005,0.769,0.005,0.005,0.004,0.208,0.003
40,0.02,0.006,0.006,0.949,0.009,0.005,0.01,0.005,0.009
41,0.0,0.007,0.004,0.962,0.009,0.004,0.004,0.003,0.006
42,0.08,0.004,0.01,0.794,0.175,0.004,0.004,0.005,0.006
43,0.01,0.008,0.003,0.886,0.003,0.001,0.005,0.089,0.004
44,0.55,0.061,0.287,0.166,0.42,0.028,0.016,0.007,0.015
45,0.02,0.005,0.003,0.902,0.016,0.003,0.018,0.017,0.037
46,0.0,0.005,0.005,0.964,0.005,0.003,0.007,0.002,0.008
47,0.01,0.005,0.007,0.9,0.012,0.062,0.004,0.005,0.005
48,0.14,0.024,0.004,0.789,0.07,0.098,0.005,0.002,0.009
49,0.01,0.012,0.013,0.93,0.011,0.004,0.004,0.006,0.019
50,0.06,0.011,0.038,0.902,0.02,0.007,0.004,0.003,0.015
51,0.01,0.003,0.005,0.554,0.006,0.002,0.151,0.277,0.002
52,0.0,0.003,0.004,0.809,0.002,0.175,0.002,0.002,0.004
53,0.07,0.008,0.004,0.422,0.039,0.004,0.208,0.31,0.004
54,0.06,0.01,0.006,0.524,0.015,0.002,0.1,0.337,0.006
55,0.13,0.034,0.137,0.018,0.085,0.009,0.014,0.34,0.364
56,0.0,0.003,0.007,0.512,0.01,0.243,0.218,0.002,0.004
57,0.0,0.004,0.004,0.823,0.003,0.003,0.003,0.156,0.004
58,0.03,0.018,0.008,0.914,0.028,0.004,0.006,0.006,0.015
59,0.04,0.013,0.104,0.005,0.12,0.004,0.041,0.01,0.704
60,0.05,0.008,0.023,0.008,0.149,0.007,0.003,0.003,0.8
61,0.08,0.006,0.011,0.002,0.03,0.003,0.008,0.358,0.582
62,0.05,0.02,0.024,0.007,0.091,0.004,0.017,0.32,0.518
63,0.0,0.01,0.008,0.012,0.01,0.001,0.004,0.402,0.553
64,0.0,0.025,0.056,0.006,0.007,0.011,0.013,0.373,0.51
65,0.05,0.006,0.004,0.004,0.109,0.004,0.002,0.165,0.706
66,0.07,0.048,0.032,0.01,0.138,0.014,0.018,0.026,0.714
67,0.03,0.236,0.005,0.003,0.017,0.002,0.619,0.002,0.116
68,0.04,0.262,0.005,0.003,0.037,0.129,0.493,0.047,0.025
69,0.01,0.017,0.016,0.11,0.021,0.104,0.712,0.003,0.016
70,0.23,0.039,0.023,0.007,0.246,0.097,0.486,0.011,0.091
71,0.0,0.035,0.019,0.002,0.006,0.011,0.85,0.018,0.057
72,0.02,0.005,0.007,0.005,0.012,0.102,0.716,0.147,0.006
73,0.0,0.315,0.005,0.002,0.002,0.119,0.542,0.007,0.009
74,0.0,0.01,0.002,0.047,0.007,0.004,0.817,0.006,0.106
75,0.0,0.003,0.007,0.089,0.003,0.215,0.549,0.123,0.01
76,0.0,0.248,0.002,0.003,0.002,0.004,0.496,0.236,0.009
77,0.01,0.741,0.058,0.006,0.006,0.005,0.009,0.003,0.172
78,0.0,0.586,0.017,0.004,0.002,0.002,0.046,0.014,0.33
79,0.01,0.649,0.197,0.011,0.007,0.002,0.008,0.004,0.122
80,0.0,0.791,0.027,0.003,0.003,0.003,0.002,0.077,0.095
81,0.03,0.945,0.011,0.013,0.009,0.006,0.002,0.002,0.011
82,0.0,0.87,0.003,0.003,0.004,0.003,0.02,0.004,0.092
83,0.0,0.702,0.006,0.003,0.005,0.161,0.003,0.011,0.108
84,0.0,0.518,0.006,0.003,0.005,0.001,0.005,0.219,0.243
85,0.03,0.78,0.176,0.004,0.008,0.007,0.007,0.003,0.015
86,0.05,0.703,0.049,0.016,0.093,0.018,0.007,0.004,0.11
87,0.06,0.63,0.023,0.013,0.048,0.003,0.026,0.007,0.249
88,0.02,0.699,0.019,0.028,0.004,0.126,0.008,0.094,0.023
89,0.03,0.702,0.006,0.006,0.014,0.098,0.014,0.003,0.159
90,0.05,0.459,0.015,0.031,0.032,0.003,0.009,0.005,0.447
91,0.0,0.692,0.049,0.007,0.002,0.226,0.002,0.003,0.019
92,0.01,0.442,0.253,0.012,0.006,0.008,0.004,0.205,0.07
93,0.02,0.427,0.121,0.002,0.092,0.175,0.011,0.003,0.169
94,0.02,0.465,0.172,0.007,0.084,0.002,0.092,0.008,0.17
95,0.0,0.534,0.026,0.008,0.007,0.005,0.051,0.359,0.01
96,0.0,0.485,0.218,0.003,0.009,0.25,0.022,0.004,0.01
97,0.02,0.506,0.098,0.005,0.01,0.023,0.026,0.003,0.329
98,0.02,0.548,0.106,0.02,0.048,0.015,0.054,0.003,0.205
99,0.24,0.144,0.189,0.004,0.218,0.139,0.026,0.241,0.039
100,0.03,0.377,0.143,0.026,0.006,0.003,0.009,0.406,0.029
101,0.43,0.014,0.012,0.12,0.337,0.006,0.499,0.005,0.008
102,0.07,0.007,0.079,0.046,0.056,0.147,0.644,0.004,0.017
103,0.03,0.012,0.009,0.239,0.082,0.003,0.631,0.004,0.02
104,0.07,0.012,0.005,0.062,0.013,0.003,0.57,0.331,0.004
105,0.04,0.003,0.004,0.622,0.006,0.196,0.146,0.02,0.004
106,0.01,0.006,0.004,0.003,0.008,0.002,0.664,0.307,0.007
107,0.06,0.004,0.009,0.455,0.117,0.188,0.22,0.002,0.004
108,0.08,0.006,0.027,0.542,0.058,0.008,0.328,0.004,0.026
109,0.09,0.029,0.053,0.071,0.094,0.006,0.724,0.004,0.021
110,0.17,0.004,0.006,0.038,0.162,0.204,0.576,0.003,0.006
111,0.54,0.011,0.011,0.01,0.385,0.016,0.545,0.007,0.014
112,0.02,0.02,0.026,0.153,0.043,0.052,0.689,0.003,0.013
113,0.06,0.005,0.003,0.044,0.069,0.002,0.868,0.003,0.007
114,0.09,0.002,0.002,0.002,0.005,0.002,0.687,0.295,0.004
115,0.03,0.014,0.027,0.057,0.022,0.131,0.725,0.002,0.022
116,0.01,0.023,0.094,0.147,0.005,0.002,0.713,0.002,0.013
117,0.03,0.009,0.034,0.245,0.097,0.012,0.582,0.003,0.017
118,0.15,0.006,0.009,0.004,0.046,0.002,0.751,0.127,0.055
119,0.19,0.008,0.004,0.02,0.211,0.006,0.739,0.004,0.008
120,0.0,0.002,0.006,0.201,0.012,0.218,0.555,0.002,0.003
121,0.0,0.04,0.005,0.441,0.004,0.007,0.485,0.003,0.016
122,0.07,0.115,0.017,0.02,0.155,0.076,0.596,0.01,0.012
123,0.0,0.003,0.002,0.144,0.002,0.005,0.564,0.277,0.004
124,0.0,0.006,0.018,0.494,0.004,0.257,0.215,0.003,0.004
125,0.03,0.009,0.004,0.09,0.114,0.181,0.592,0.005,0.006
126,0.01,0.049,0.125,0.17,0.007,0.006,0.627,0.003,0.013
127,0.04,0.004,0.083,0.12,0.058,0.003,0.705,0.003,0.024
128,0.16,0.149,0.227,0.048,0.02,0.003,0.018,0.235,0.3
129,0.43,0.195,0.022,0.015,0.411,0.006,0.013,0.006,0.332
130,0.17,0.116,0.023,0.007,0.261,0.016,0.014,0.018,0.546
131,0.11,0.003,0.03,0.003,0.003,0.002,0.005,0.322,0.632
132,0.14,0.127,0.013,0.004,0.062,0.158,0.003,0.12,0.513
133,0.05,0.008,0.148,0.053,0.02,0.002,0.006,0.007,0.756
134,0.02,0.213,0.039,0.011,0.015,0.002,0.015,0.002,0.704
135,0.37,0.003,0.003,0.66,0.168,0.07,0.003,0.088,0.004
136,0.25,0.019,0.016,0.356,0.213,0.009,0.007,0.207,0.173
137,0.42,0.022,0.025,0.212,0.393,0.008,0.03,0.005,0.306
138,0.12,0.008,0.01,0.021,0.229,0.191,0.532,0.005,0.004
139,0.03,0.008,0.008,0.038,0.083,0.196,0.662,0.002,0.004
140,0.03,0.218,0.027,0.004,0.069,0.002,0.607,0.003,0.07
141,0.1,0.213,0.005,0.002,0.134,0.134,0.488,0.015,0.008
142,0.03,0.12,0.006,0.002,0.007,0.002,0.491,0.274,0.098
143,0.09,0.285,0.005,0.003,0.165,0.1,0.419,0.003,0.021
144,0.15,0.307,0.009,0.01,0.039,0.146,0.483,0.002,0.004
145,0.12,0.293,0.009,0.002,0.293,0.002,0.392,0.002,0.007
146,0.3,0.273,0.047,0.002,0.168,0.003,0.455,0.002,0.051
147,0.51,0.03,0.01,0.296,0.576,0.007,0.022,0.005,0.054
148,0.0,0.003,0.008,0.902,0.003,0.08,0.002,0.001,0.003
149,0.0,0.004,0.007,0.939,0.024,0.002,0.004,0.004,0.016
150,0.0,0.002,0.001,0.764,0.001,0.001,0.002,0.227,0.002
151,0.03,0.005,0.004,0.82,0.033,0.126,0.004,0.003,0.004
152,0.0,0.006,0.003,0.929,0.003,0.003,0.046,0.004,0.006
153,0.01,0.002,0.006,0.893,0.003,0.089,0.003,0.001,0.003
154,0.0,0.09,0.103,0.289,0.027,0.291,0.009,0.006,0.185
155,0.0,0.026,0.015,0.134,0.079,0.19,0.164,0.002,0.39
156,0.31,0.011,0.153,0.248,0.292,0.012,0.042,0.004,0.238
157,0.14,0.016,0.087,0.113,0.251,0.21,0.021,0.005,0.297
158,0.19,0.007,0.312,0.152,0.153,0.028,0.01,0.256,0.082
159,0.39,0.011,0.198,0.181,0.475,0.006,0.02,0.005,0.105
160,0.01,0.009,0.261,0.118,0.107,0.185,0.01,0.003,0.307
161,0.03,0.023,0.061,0.134,0.175,0.004,0.007,0.005,0.591
162,0.08,0.009,0.057,0.123,0.189,0.006,0.009,0.367,0.24
163,0.12,0.004,0.233,0.149,0.288,0.212,0.044,0.005,0.064
164,0.1,0.196,0.25,0.077,0.227,0.017,0.017,0.003,0.214
165,0.13,0.123,0.405,0.147,0.284,0.02,0.007,0.003,0.011
166,0.47,0.025,0.268,0.014,0.468,0.058,0.005,0.139,0.025
167,0.85,0.047,0.209,0.032,0.591,0.017,0.013,0.052,0.04
168,0.1,0.241,0.21,0.011,0.274,0.113,0.016,0.003,0.131
169,0.17,0.007,0.059,0.032,0.34,0.005,0.094,0.004,0.457
170,0.04,0.009,0.03,0.008,0.005,0.003,0.495,0.372,0.078
171,0.03,0.002,0.004,0.073,0.005,0.278,0.582,0.054,0.002
172,0.09,0.029,0.014,0.015,0.051,0.185,0.691,0.002,0.012
173,0.02,0.009,0.015,0.016,0.029,0.003,0.772,0.003,0.153
174,0.0,0.006,0.004,0.026,0.007,0.005,0.698,0.228,0.027
175,0.08,0.005,0.032,0.007,0.087,0.041,0.725,0.003,0.099
176,0.0,0.128,0.089,0.07,0.002,0.204,0.395,0.023,0.089
177,0.01,0.011,0.01,0.073,0.093,0.158,0.619,0.024,0.014
178,0.0,0.018,0.005,0.027,0.006,0.18,0.756,0.002,0.006
179,0.0,0.061,0.015,0.006,0.002,0.012,0.505,0.371,0.029
180,0.02,0.008,0.009,0.006,0.003,0.308,0.635,0.023,0.007
181,0.0,0.011,0.007,0.504,0.005,0.131,0.305,0.003,0.034
182,0.0,0.07,0.026,0.009,0.004,0.004,0.685,0.016,0.186
183,0.01,0.006,0.004,0.01,0.002,0.066,0.661,0.246,0.005
184,0.2,0.065,0.159,0.011,0.156,0.114,0.477,0.01,0.008
185,0.0,0.036,0.017,0.057,0.019,0.002,0.818,0.01,0.041
186,0.02,0.12,0.005,0.006,0.007,0.002,0.518,0.333,0.009
187,0.01,0.315,0.022,0.011,0.017,0.158,0.44,0.004,0.034
188,0.12,0.107,0.029,0.003,0.186,0.104,0.553,0.006,0.011
189,0.0,0.199,0.008,0.034,0.004,0.002,0.587,0.002,0.164
190,0.0,0.008,0.007,0.002,0.005,0.003,0.968,0.003,0.005
191,0.05,0.181,0.063,0.037,0.081,0.021,0.57,0.003,0.043
192,0.11,0.005,0.006,0.006,0.025,0.003,0.667,0.286,0.003
193,0.14,0.18,0.005,0.012,0.158,0.006,0.626,0.005,0.008
194,0.02,0.18,0.019,0.006,0.007,0.096,0.683,0.003,0.006
195,0.07,0.014,0.019,0.106,0.018,0.018,0.811,0.003,0.011
196,0.03,0.051,0.008,0.007,0.034,0.006,0.551,0.337,0.005
197,0.05,0.005,0.005,0.002,0.01,0.192,0.78,0.002,0.004
198,0.09,0.029,0.033,0.009,0.084,0.015,0.734,0.006,0.09
199,0.01,0.028,0.017,0.011,0.03,0.009,0.895,0.005,0.005
200,0.09,0.129,0.005,0.002,0.032,0.003,0.536,0.286,0.007
201,0.07,0.012,0.005,0.004,0.224,0.042,0.706,0.002,0.004
202,0.01,0.292,0.017,0.007,0.041,0.033,0.595,0.003,0.013
203,0.06,0.019,0.061,0.004,0.037,0.102,0.727,0.012,0.037
204,0.0,0.044,0.014,0.104,0.016,0.037,0.772,0.002,0.01
205,0.0,0.137,0.003,0.001,0.009,0.103,0.61,0.121,0.015
206,0.0,0.313,0.018,0.002,0.004,0.093,0.559,0.002,0.01
207,0.03,0.01,0.065,0.002,0.003,0.012,0.9,0.003,0.005
208,0.13,0.084,0.009,0.102,0.188,0.002,0.58,0.004,0.031
209,0.02,0.003,0.011,0.005,0.005,0.287,0.679,0.006,0.004
210,0.07,0.004,0.005,0.008,0.112,0.031,0.835,0.002,0.003
211,0.02,0.011,0.01,0.027,0.065,0.026,0.834,0.015,0.013
212,0.08,0.253,0.05,0.008,0.041,0.002,0.607,0.005,0.033
213,0.17,0.006,0.079,0.008,0.289,0.006,0.582,0.016,0.015
214,0.06,0.011,0.186,0.154,0.079,0.002,0.01,0.004,0.553
215,0.0,0.04,0.202,0.219,0.041,0.014,0.009,0.004,0.471
216,0.04,0.007,0.002,0.845,0.016,0.008,0.003,0.113,0.006
217,0.02,0.023,0.009,0.776,0.018,0.029,0.016,0.01,0.118
218,0.12,0.026,0.006,0.158,0.158,0.003,0.639,0.003,0.006
219,0.13,0.008,0.008,0.213,0.158,0.195,0.394,0.016,0.008
220,0.49,0.025,0.201,0.009,0.416,0.008,0.01,0.149,0.182
221,0.12,0.156,0.018,0.019,0.178,0.006,0.004,0.002,0.618
222,0.02,0.126,0.024,0.003,0.027,0.003,0.005,0.017,0.795
223,0.06,0.019,0.027,0.002,0.189,0.001,0.012,0.002,0.747
224,0.21,0.075,0.014,0.01,0.153,0.002,0.01,0.003,0.733
225,0.02,0.025,0.008,0.007,0.087,0.022,0.015,0.002,0.833
226,0.05,0.006,0.02,0.006,0.175,0.004,0.011,0.002,0.777
227,0.45,0.097,0.011,0.012,0.501,0.043,0.137,0.004,0.195
228,0.48,0.01,0.031,0.011,0.414,0.002,0.009,0.122,0.4
229,0.0,0.533,0.078,0.003,0.008,0.013,0.021,0.006,0.337
230,0.02,0.256,0.005,0.08,0.004,0.003,0.007,0.004,0.64
231,0.0,0.385,0.204,0.005,0.008,0.11,0.053,0.023,0.212
232,0.0,0.139,0.098,0.01,0.026,0.003,0.017,0.004,0.703
233,0.03,0.233,0.03,0.003,0.065,0.004,0.013,0.002,0.65
234,0.01,0.008,0.017,0.005,0.042,0.046,0.006,0.137,0.74
235,0.25,0.132,0.124,0.048,0.178,0.019,0.035,0.003,0.463
236,0.02,0.044,0.005,0.003,0.03,0.003,0.013,0.002,0.9
237,0.21,0.03,0.022,0.004,0.332,0.011,0.016,0.004,0.581
238,0.11,0.027,0.017,0.013,0.066,0.211,0.007,0.006,0.653
239,0.0,0.044,0.01,0.004,0.002,0.074,0.007,0.005,0.853
240,0.62,0.018,0.023,0.004,0.578,0.019,0.01,0.168,0.18
241,0.08,0.005,0.082,0.005,0.102,0.008,0.012,0.005,0.783
242,0.07,0.085,0.024,0.001,0.068,0.002,0.005,0.003,0.812
243,0.04,0.005,0.014,0.004,0.003,0.003,0.003,0.216,0.752
244,0.18,0.01,0.026,0.014,0.102,0.045,0.006,0.002,0.796
245,0.38,0.036,0.011,0.016,0.321,0.003,0.022,0.002,0.589
246,0.07,0.016,0.055,0.008,0.048,0.11,0.127,0.107,0.529
247,0.55,0.005,0.017,0.007,0.406,0.003,0.011,0.198,0.353
248,0.01,0.057,0.044,0.012,0.078,0.003,0.012,0.001,0.792
249,0.0,0.076,0.013,0.029,0.098,0.003,0.024,0.007,0.751
250,0.07,0.046,0.007,0.003,0.205,0.005,0.006,0.003,0.725
251,0.01,0.192,0.127,0.005,0.146,0.003,0.012,0.006,0.51
252,0.04,0.035,0.023,0.003,0.037,0.003,0.021,0.006,0.872
253,0.08,0.109,0.005,0.003,0.167,0.039,0.042,0.002,0.635
254,0.36,0.183,0.226,0.019,0.382,0.005,0.004,0.006,0.175
255,0.09,0.278,0.016,0.004,0.131,0.191,0.003,0.003,0.374
256,0.72,0.008,0.012,0.006,0.636,0.029,0.055,0.004,0.25
257,0.01,0.158,0.05,0.016,0.113,0.011,0.013,0.004,0.635
258,0.0,0.217,0.022,0.057,0.129,0.001,0.003,0.002,0.57
259,0.0,0.079,0.062,0.016,0.005,0.02,0.007,0.072,0.739
260,0.0,0.032,0.045,0.006,0.003,0.07,0.009,0.003,0.832
261,0.01,0.093,0.12,0.012,0.007,0.003,0.02,0.002,0.743
262,0.03,0.016,0.04,0.003,0.015,0.174,0.006,0.004,0.742
263,0.29,0.024,0.047,0.007,0.274,0.004,0.005,0.178,0.46
264,0.0,0.018,0.085,0.105,0.04,0.014,0.008,0.002,0.728
265,0.0,0.163,0.059,0.004,0.003,0.132,0.005,0.002,0.633
266,0.07,0.016,0.064,0.012,0.067,0.004,0.012,0.002,0.821
267,0.4,0.03,0.005,0.018,0.515,0.003,0.42,0.003,0.005
268,0.72,0.014,0.022,0.16,0.593,0.014,0.14,0.004,0.053
269,0.02,0.148,0.006,0.011,0.054,0.055,0.536,0.016,0.174
270,0.68,0.084,0.106,0.01,0.59,0.009,0.171,0.002,0.028
271,0.49,0.047,0.062,0.006,0.482,0.004,0.32,0.004,0.076
272,0.18,0.604,0.028,0.009,0.083,0.007,0.22,0.002,0.047
273,0.07,0.092,0.023,0.004,0.015,0.189,0.659,0.004,0.016
274,0.7,0.034,0.018,0.177,0.463,0.01,0.121,0.169,0.009
275,0.02,0.269,0.007,0.003,0.014,0.012,0.67,0.006,0.018
276,0.7,0.006,0.009,0.005,0.579,0.007,0.383,0.005,0.007
277,0.04,0.824,0.012,0.026,0.063,0.003,0.018,0.005,0.049
278,0.02,0.341,0.121,0.005,0.121,0.002,0.007,0.009,0.395
279,0.04,0.005,0.006,0.671,0.009,0.008,0.156,0.137,0.009
280,0.0,0.013,0.004,0.021,0.002,0.032,0.688,0.002,0.238
281,0.02,0.01,0.005,0.012,0.005,0.003,0.729,0.009,0.227
282,0.04,0.008,0.008,0.021,0.007,0.166,0.692,0.085,0.014
283,0.22,0.003,0.004,0.049,0.179,0.007,0.589,0.166,0.004
284,0.0,0.03,0.055,0.112,0.024,0.088,0.058,0.018,0.616
285,0.72,0.043,0.013,0.019,0.594,0.008,0.084,0.007,0.232
286,0.01,0.021,0.038,0.008,0.008,0.117,0.003,0.17,0.634
287,0.0,0.077,0.009,0.109,0.038,0.016,0.016,0.011,0.724
288,0.0,0.002,0.003,0.667,0.002,0.1,0.039,0.184,0.003
289,0.0,0.004,0.002,0.835,0.003,0.134,0.003,0.016,0.003
290,0.0,0.321,0.009,0.005,0.007,0.004,0.436,0.004,0.215
291,0.0,0.009,0.02,0.915,0.004,0.002,0.013,0.006,0.032
292,0.0,0.003,0.003,0.893,0.002,0.092,0.005,0.001,0.001
293,0.0,0.023,0.011,0.738,0.035,0.012,0.17,0.003,0.009
294,0.0,0.145,0.041,0.002,0.005,0.002,0.541,0.002,0.262
295,0.0,0.016,0.537,0.004,0.006,0.015,0.006,0.081,0.334
296,0.37,0.035,0.507,0.013,0.359,0.003,0.01,0.004,0.069
297,0.5,0.021,0.405,0.009,0.545,0.009,0.004,0.002,0.005
298,0.01,0.005,0.711,0.003,0.016,0.041,0.002,0.003,0.219
299,0.0,0.012,0.722,0.002,0.009,0.002,0.006,0.002,0.245
300,0.2,0.028,0.514,0.003,0.092,0.117,0.116,0.066,0.064
301,0.54,0.007,0.411,0.044,0.425,0.008,0.013,0.083,0.008
302,0.04,0.042,0.831,0.014,0.055,0.005,0.032,0.002,0.019
303,0.56,0.015,0.49,0.017,0.423,0.006,0.035,0.003,0.011
304,0.82,0.034,0.226,0.019,0.678,0.006,0.01,0.005,0.022
305,0.01,0.005,0.838,0.003,0.059,0.066,0.008,0.006,0.016
306,0.12,0.013,0.881,0.002,0.069,0.002,0.021,0.002,0.009
307,0.1,0.007,0.742,0.04,0.101,0.002,0.013,0.004,0.09
308,0.23,0.005,0.653,0.003,0.154,0.127,0.003,0.05,0.005
309,0.1,0.004,0.617,0.047,0.044,0.003,0.032,0.023,0.23
310,0.04,0.029,0.809,0.017,0.014,0.08,0.004,0.003,0.045
311,0.03,0.038,0.849,0.006,0.009,0.004,0.006,0.004,0.085
312,0.1,0.019,0.744,0.002,0.019,0.198,0.003,0.004,0.01
313,0.03,0.011,0.851,0.007,0.01,0.002,0.113,0.002,0.004
314,0.02,0.008,0.004,0.835,0.136,0.002,0.009,0.002,0.005
315,0.46,0.003,0.005,0.643,0.209,0.002,0.003,0.133,0.003
316,0.05,0.007,0.031,0.826,0.086,0.003,0.018,0.003,0.026
317,0.44,0.007,0.007,0.605,0.137,0.003,0.033,0.203,0.004
318,0.02,0.003,0.002,0.849,0.021,0.118,0.003,0.002,0.002
319,0.03,0.002,0.003,0.823,0.062,0.104,0.002,0.001,0.004
320,0.06,0.008,0.005,0.576,0.191,0.02,0.184,0.003,0.012
321,0.0,0.02,0.009,0.842,0.009,0.093,0.014,0.004,0.009
322,0.02,0.005,0.003,0.857,0.019,0.103,0.005,0.003,0.005
