,prop_missing,prop_1,prop_2,prop_3,prop_4
0,0.02,0.002,0.288,0.6,0.11
1,0.02,0.008,0.836,0.121,0.035
2,0.03,0.094,0.736,0.167,0.003
3,0.0,0.001,0.392,0.602,0.004
4,0.0,0.01,0.885,0.078,0.026
5,0.0,0.002,0.926,0.047,0.025
6,0.0,0.141,0.474,0.379,0.006
7,0.0,0.001,0.987,0.006,0.006
8,0.0,0.003,0.736,0.254,0.008
9,0.08,0.019,0.364,0.608,0.009
10,0.01,0.002,0.413,0.571,0.014
11,0.0,0.001,0.303,0.693,0.003
12,0.0,0.002,0.977,0.015,0.006
13,0.0,0.012,0.926,0.034,0.029
14,0.0,0.234,0.008,0.053,0.705
15,0.0,0.003,0.011,0.002,0.984
16,0.05,0.001,0.009,0.002,0.988
17,0.01,0.006,0.002,0.002,0.99
18,0.03,0.025,0.02,0.007,0.948
19,0.04,0.242,0.002,0.002,0.753
20,0.02,0.221,0.002,0.003,0.774
21,0.01,0.001,0.006,0.007,0.986
22,0.05,0.083,0.002,0.002,0.914
23,0.08,0.267,0.003,0.006,0.724
24,0.01,0.002,0.017,0.05,0.93
25,0.01,0.002,0.006,0.004,0.988
26,0.0,0.002,0.004,0.006,0.988
27,0.0,0.006,0.005,0.004,0.985
28,0.0,0.002,0.005,0.003,0.99
29,0.01,0.002,0.014,0.025,0.958
30,0.07,0.007,0.05,0.015,0.927
31,0.15,0.014,0.008,0.009,0.969
32,0.08,0.001,0.014,0.01,0.974
33,0.0,0.004,0.002,0.008,0.986
34,0.0,0.001,0.057,0.024,0.917
35,0.04,0.054,0.016,0.014,0.916
36,0.06,0.002,0.004,0.008,0.987
37,0.02,0.001,0.022,0.009,0.968
38,0.0,0.015,0.012,0.01,0.963
39,0.05,0.192,0.002,0.805,0.002
40,0.02,0.002,0.003,0.993,0.002
41,0.0,0.002,0.002,0.993,0.003
42,0.08,0.009,0.004,0.964,0.023
43,0.01,0.061,0.003,0.933,0.003
44,0.55,0.002,0.039,0.27,0.689
45,0.02,0.012,0.006,0.974,0.008
46,0.0,0.001,0.002,0.994,0.003
47,0.01,0.006,0.002,0.988,0.004
48,0.14,0.002,0.009,0.932,0.057
49,0.01,0.002,0.003,0.991,0.004
50,0.06,0.002,0.003,0.99,0.005
51,0.01,0.295,0.091,0.611,0.003
52,0.0,0.037,0.004,0.956,0.003
53,0.07,0.319,0.215,0.463,0.003
54,0.06,0.346,0.069,0.574,0.01
55,0.13,0.333,0.004,0.007,0.656
56,0.0,0.001,0.364,0.629,0.005
57,0.0,0.141,0.001,0.856,0.002
58,0.03,0.004,0.004,0.982,0.009
59,0.04,0.016,0.061,0.003,0.92
60,0.05,0.005,0.004,0.005,0.986
61,0.08,0.367,0.005,0.003,0.625
62,0.05,0.322,0.012,0.007,0.659
63,0.0,0.418,0.002,0.009,0.571
64,0.0,0.362,0.002,0.002,0.635
65,0.05,0.194,0.002,0.004,0.8
66,0.07,0.052,0.012,0.009,0.928
67,0.03,0.002,0.711,0.002,0.284
68,0.04,0.087,0.669,0.003,0.24
69,0.01,0.002,0.874,0.117,0.007
70,0.23,0.007,0.68,0.005,0.308
71,0.0,0.011,0.977,0.002,0.011
72,0.02,0.15,0.845,0.002,0.003
73,0.0,0.006,0.73,0.002,0.262
74,0.0,0.006,0.97,0.014,0.009
75,0.0,0.134,0.75,0.109,0.007
76,0.0,0.257,0.657,0.003,0.083
77,0.01,0.001,0.012,0.004,0.982
78,0.0,0.022,0.036,0.002,0.94
79,0.01,0.004,0.01,0.006,0.98
80,0.0,0.075,0.004,0.004,0.917
81,0.03,0.002,0.005,0.034,0.958
82,0.0,0.003,0.023,0.002,0.971
83,0.0,0.034,0.006,0.003,0.957
84,0.0,0.22,0.005,0.002,0.773
85,0.03,0.001,0.008,0.004,0.987
86,0.05,0.008,0.006,0.008,0.978
87,0.06,0.003,0.027,0.013,0.957
88,0.02,0.097,0.025,0.049,0.829
89,0.03,0.002,0.021,0.004,0.973
90,0.05,0.002,0.008,0.017,0.972
91,0.0,0.007,0.006,0.012,0.975
92,0.01,0.185,0.003,0.01,0.802
93,0.02,0.002,0.042,0.006,0.95
94,0.02,0.005,0.114,0.007,0.875
95,0.0,0.345,0.028,0.004,0.623
96,0.0,0.003,0.204,0.003,0.79
97,0.02,0.002,0.023,0.004,0.971
98,0.02,0.002,0.07,0.014,0.914
99,0.24,0.248,0.043,0.006,0.703
100,0.03,0.374,0.005,0.01,0.611
101,0.43,0.003,0.792,0.185,0.02
102,0.07,0.004,0.89,0.091,0.015
103,0.03,0.002,0.757,0.238,0.003
104,0.07,0.327,0.632,0.037,0.004
105,0.04,0.027,0.263,0.705,0.004
106,0.01,0.296,0.7,0.001,0.003
107,0.06,0.002,0.408,0.582,0.007
108,0.08,0.003,0.371,0.607,0.019
109,0.09,0.003,0.912,0.058,0.027
110,0.17,0.003,0.888,0.102,0.007
111,0.54,0.014,0.913,0.026,0.047
112,0.02,0.002,0.835,0.157,0.006
113,0.06,0.002,0.985,0.01,0.003
114,0.09,0.285,0.711,0.001,0.002
115,0.03,0.001,0.927,0.054,0.019
116,0.01,0.001,0.843,0.147,0.009
117,0.03,0.002,0.725,0.26,0.013
118,0.15,0.122,0.862,0.002,0.014
119,0.19,0.002,0.971,0.014,0.012
120,0.0,0.002,0.744,0.25,0.004
121,0.0,0.003,0.543,0.45,0.005
122,0.07,0.006,0.799,0.017,0.177
123,0.0,0.278,0.596,0.124,0.002
124,0.0,0.002,0.389,0.602,0.007
125,0.03,0.004,0.859,0.128,0.009
126,0.01,0.003,0.763,0.181,0.052
127,0.04,0.002,0.859,0.118,0.02
128,0.16,0.22,0.014,0.039,0.726
129,0.43,0.003,0.008,0.012,0.977
130,0.17,0.017,0.018,0.005,0.96
131,0.11,0.349,0.004,0.003,0.645
132,0.14,0.138,0.015,0.015,0.833
133,0.05,0.009,0.006,0.062,0.923
134,0.02,0.001,0.008,0.008,0.983
135,0.37,0.116,0.004,0.868,0.011
136,0.25,0.228,0.004,0.429,0.339
137,0.42,0.003,0.036,0.293,0.668
138,0.12,0.013,0.87,0.078,0.039
139,0.03,0.002,0.908,0.078,0.013
140,0.03,0.002,0.722,0.004,0.272
141,0.1,0.015,0.753,0.002,0.231
142,0.03,0.285,0.59,0.001,0.123
143,0.09,0.003,0.635,0.004,0.359
144,0.15,0.003,0.734,0.005,0.258
145,0.12,0.002,0.577,0.003,0.417
146,0.3,0.002,0.556,0.002,0.441
147,0.51,0.003,0.042,0.493,0.462
148,0.0,0.001,0.001,0.995,0.003
149,0.0,0.002,0.004,0.991,0.003
150,0.0,0.215,0.001,0.783,0.001
151,0.03,0.004,0.012,0.968,0.016
152,0.0,0.002,0.012,0.983,0.003
153,0.01,0.001,0.004,0.993,0.002
154,0.0,0.003,0.072,0.379,0.545
155,0.0,0.002,0.274,0.186,0.538
156,0.31,0.002,0.018,0.322,0.659
157,0.14,0.008,0.097,0.191,0.704
158,0.19,0.257,0.008,0.194,0.541
159,0.39,0.006,0.021,0.252,0.721
160,0.01,0.002,0.037,0.205,0.757
161,0.03,0.005,0.005,0.151,0.838
162,0.08,0.383,0.005,0.157,0.455
163,0.12,0.005,0.194,0.214,0.587
164,0.1,0.002,0.015,0.12,0.863
165,0.13,0.002,0.007,0.207,0.785
166,0.47,0.164,0.009,0.021,0.806
167,0.85,0.082,0.02,0.07,0.828
168,0.1,0.003,0.046,0.03,0.921
169,0.17,0.003,0.148,0.047,0.802
170,0.04,0.39,0.581,0.004,0.025
171,0.03,0.068,0.845,0.085,0.003
172,0.09,0.002,0.965,0.014,0.019
173,0.02,0.002,0.953,0.009,0.035
174,0.0,0.22,0.77,0.007,0.003
175,0.08,0.003,0.935,0.005,0.058
176,0.0,0.011,0.577,0.108,0.305
177,0.01,0.027,0.873,0.09,0.01
178,0.0,0.001,0.974,0.022,0.003
179,0.0,0.378,0.601,0.002,0.019
180,0.02,0.046,0.934,0.009,0.01
181,0.0,0.003,0.416,0.57,0.011
182,0.0,0.012,0.802,0.006,0.179
183,0.01,0.236,0.756,0.005,0.003
184,0.2,0.009,0.682,0.01,0.299
185,0.0,0.004,0.973,0.015,0.009
186,0.02,0.348,0.634,0.004,0.015
187,0.01,0.004,0.614,0.007,0.375
188,0.12,0.005,0.809,0.005,0.18
189,0.0,0.002,0.693,0.028,0.278
190,0.0,0.002,0.994,0.002,0.003
191,0.05,0.001,0.692,0.027,0.279
192,0.11,0.27,0.727,0.002,0.002
193,0.14,0.01,0.912,0.011,0.066
194,0.02,0.003,0.922,0.005,0.069
195,0.07,0.001,0.95,0.043,0.006
196,0.03,0.334,0.652,0.004,0.011
197,0.05,0.001,0.994,0.002,0.003
198,0.09,0.005,0.947,0.011,0.036
199,0.01,0.002,0.992,0.003,0.003
200,0.09,0.298,0.68,0.002,0.02
201,0.07,0.002,0.983,0.004,0.011
202,0.01,0.001,0.751,0.005,0.242
203,0.06,0.011,0.954,0.003,0.032
204,0.0,0.002,0.907,0.081,0.01
205,0.0,0.14,0.819,0.002,0.04
206,0.0,0.001,0.737,0.002,0.26
207,0.03,0.001,0.994,0.001,0.003
208,0.13,0.004,0.766,0.12,0.111
209,0.02,0.02,0.969,0.005,0.006
210,0.07,0.001,0.994,0.003,0.003
211,0.02,0.004,0.98,0.009,0.007
212,0.08,0.004,0.705,0.004,0.288
213,0.17,0.005,0.806,0.009,0.18
214,0.06,0.004,0.011,0.178,0.807
215,0.0,0.003,0.005,0.241,0.751
216,0.04,0.096,0.001,0.9,0.003
217,0.02,0.01,0.012,0.859,0.119
218,0.12,0.005,0.814,0.173,0.007
219,0.13,0.053,0.638,0.284,0.025
220,0.49,0.162,0.012,0.005,0.821
221,0.12,0.001,0.003,0.019,0.977
222,0.02,0.014,0.003,0.003,0.98
223,0.06,0.001,0.006,0.003,0.99
224,0.21,0.004,0.007,0.004,0.985
225,0.02,0.002,0.014,0.009,0.974
226,0.05,0.003,0.008,0.008,0.98
227,0.45,0.004,0.221,0.015,0.761
228,0.48,0.157,0.018,0.01,0.815
229,0.0,0.003,0.03,0.002,0.965
230,0.02,0.004,0.006,0.088,0.902
231,0.0,0.016,0.09,0.005,0.889
232,0.0,0.003,0.006,0.006,0.986
233,0.03,0.002,0.007,0.003,0.988
234,0.01,0.147,0.005,0.005,0.843
235,0.25,0.003,0.02,0.081,0.896
236,0.02,0.002,0.011,0.003,0.984
237,0.21,0.002,0.016,0.003,0.978
238,0.11,0.016,0.017,0.028,0.94
239,0.0,0.004,0.005,0.008,0.982
240,0.62,0.174,0.009,0.003,0.814
241,0.08,0.004,0.007,0.004,0.985
242,0.07,0.004,0.002,0.001,0.992
243,0.04,0.243,0.003,0.002,0.753
244,0.18,0.002,0.007,0.01,0.981
245,0.38,0.003,0.017,0.013,0.967
246,0.07,0.124,0.187,0.005,0.684
247,0.55,0.255,0.024,0.016,0.705
248,0.01,0.001,0.01,0.004,0.985
249,0.0,0.007,0.011,0.029,0.953
250,0.07,0.002,0.006,0.003,0.99
251,0.01,0.004,0.009,0.004,0.984
252,0.04,0.005,0.007,0.002,0.985
253,0.08,0.002,0.058,0.004,0.936
254,0.36,0.004,0.003,0.023,0.97
255,0.09,0.004,0.009,0.005,0.982
256,0.72,0.005,0.101,0.005,0.89
257,0.01,0.005,0.01,0.012,0.973
258,0.0,0.002,0.002,0.058,0.938
259,0.0,0.079,0.006,0.013,0.901
260,0.0,0.003,0.006,0.002,0.989
261,0.01,0.001,0.013,0.008,0.977
262,0.03,0.006,0.008,0.003,0.982
263,0.29,0.195,0.003,0.005,0.796
264,0.0,0.002,0.007,0.098,0.893
265,0.0,0.001,0.004,0.003,0.991
266,0.07,0.002,0.011,0.008,0.979
267,0.4,0.005,0.778,0.049,0.169
268,0.72,0.005,0.33,0.224,0.441
269,0.02,0.014,0.67,0.005,0.311
270,0.68,0.002,0.316,0.008,0.674
271,0.49,0.003,0.483,0.006,0.508
272,0.18,0.002,0.304,0.004,0.69
273,0.07,0.011,0.931,0.003,0.055
274,0.7,0.233,0.431,0.29,0.045
275,0.02,0.005,0.797,0.001,0.197
276,0.7,0.006,0.936,0.011,0.047
277,0.04,0.003,0.025,0.021,0.951
278,0.02,0.006,0.009,0.004,0.981
279,0.04,0.138,0.128,0.731,0.003
280,0.0,0.006,0.903,0.024,0.066
281,0.02,0.021,0.928,0.007,0.043
282,0.04,0.098,0.887,0.007,0.008
283,0.22,0.189,0.764,0.046,0.001
284,0.0,0.007,0.074,0.153,0.766
285,0.72,0.009,0.108,0.033,0.85
286,0.01,0.172,0.005,0.004,0.82
287,0.0,0.007,0.019,0.105,0.869
288,0.0,0.211,0.028,0.759,0.002
289,0.0,0.029,0.007,0.959,0.005
290,0.0,0.004,0.513,0.003,0.48
291,0.0,0.003,0.005,0.984,0.008
292,0.0,0.001,0.003,0.994,0.002
293,0.0,0.002,0.182,0.808,0.007
294,0.0,0.002,0.606,0.003,0.39
295,0.0,0.065,0.006,0.004,0.924
296,0.37,0.004,0.011,0.024,0.961
297,0.5,0.002,0.012,0.073,0.912
298,0.01,0.002,0.003,0.004,0.99
299,0.0,0.002,0.004,0.003,0.991
300,0.2,0.082,0.222,0.003,0.693
301,0.54,0.107,0.025,0.136,0.732
302,0.04,0.002,0.013,0.038,0.948
303,0.56,0.005,0.109,0.051,0.836
304,0.82,0.008,0.014,0.037,0.941
305,0.01,0.004,0.011,0.01,0.976
306,0.12,0.002,0.033,0.005,0.961
307,0.1,0.003,0.008,0.075,0.914
308,0.23,0.069,0.009,0.013,0.91
309,0.1,0.024,0.019,0.107,0.85
310,0.04,0.002,0.006,0.046,0.946
311,0.03,0.003,0.004,0.008,0.985
312,0.1,0.013,0.009,0.005,0.973
313,0.03,0.002,0.079,0.018,0.901
314,0.02,0.003,0.01,0.981,0.007
315,0.46,0.15,0.002,0.845,0.002
316,0.05,0.003,0.017,0.957,0.023
317,0.44,0.237,0.034,0.723,0.006
318,0.02,0.001,0.003,0.993,0.003
319,0.03,0.001,0.002,0.994,0.003
320,0.06,0.003,0.265,0.708,0.024
321,0.0,0.004,0.017,0.954,0.026
322,0.02,0.002,0.006,0.988,0.004
