,prop_missing,prop_1,prop_2,prop_3,prop_4,prop_5,prop_6,prop_7,prop_8,prop_9
0,0.02,0.553,0.013,0.259,0.003,0.005,0.004,0.003,0.02,0.14
1,0.02,0.106,0.01,0.686,0.123,0.007,0.025,0.004,0.008,0.031
2,0.03,0.183,0.003,0.684,0.003,0.003,0.004,0.108,0.006,0.006
3,0.0,0.575,0.003,0.394,0.002,0.005,0.006,0.003,0.006,0.005
4,0.0,0.053,0.004,0.73,0.094,0.007,0.067,0.007,0.026,0.012
5,0.0,0.071,0.006,0.828,0.003,0.009,0.004,0.002,0.007,0.069
6,0.0,0.349,0.004,0.411,0.085,0.003,0.004,0.13,0.008,0.006
7,0.0,0.008,0.006,0.809,0.143,0.002,0.009,0.002,0.01,0.011
8,0.0,0.243,0.006,0.644,0.007,0.02,0.037,0.004,0.031,0.007
9,0.08,0.556,0.017,0.315,0.022,0.01,0.009,0.029,0.003,0.038
10,0.01,0.547,0.005,0.385,0.005,0.02,0.002,0.001,0.027,0.008
11,0.0,0.603,0.002,0.233,0.148,0.006,0.003,0.001,0.002,0.002
12,0.0,0.064,0.016,0.888,0.003,0.002,0.003,0.002,0.012,0.011
13,0.0,0.012,0.006,0.705,0.231,0.005,0.006,0.002,0.005,0.028
14,0.0,0.033,0.005,0.006,0.003,0.003,0.002,0.214,0.016,0.717
15,0.0,0.004,0.004,0.016,0.001,0.005,0.007,0.001,0.014,0.949
16,0.05,0.004,0.031,0.007,0.002,0.008,0.033,0.002,0.175,0.738
17,0.01,0.002,0.008,0.001,0.006,0.002,0.004,0.006,0.016,0.955
18,0.03,0.007,0.012,0.016,0.002,0.003,0.016,0.018,0.007,0.919
19,0.04,0.004,0.01,0.004,0.002,0.004,0.017,0.225,0.049,0.686
20,0.02,0.002,0.002,0.002,0.002,0.006,0.006,0.206,0.004,0.768
21,0.01,0.01,0.009,0.005,0.002,0.005,0.008,0.001,0.025,0.935
22,0.05,0.002,0.004,0.002,0.147,0.002,0.005,0.025,0.006,0.807
23,0.08,0.004,0.007,0.004,0.002,0.059,0.007,0.251,0.006,0.66
24,0.01,0.025,0.003,0.016,0.002,0.005,0.004,0.001,0.006,0.936
25,0.01,0.006,0.025,0.006,0.011,0.008,0.065,0.002,0.025,0.851
26,0.0,0.009,0.079,0.008,0.002,0.012,0.045,0.001,0.066,0.777
27,0.0,0.002,0.044,0.005,0.019,0.005,0.011,0.002,0.013,0.899
28,0.0,0.002,0.042,0.002,0.059,0.018,0.003,0.002,0.155,0.718
29,0.01,0.027,0.32,0.026,0.003,0.081,0.012,0.002,0.07,0.459
30,0.07,0.012,0.421,0.015,0.12,0.035,0.014,0.004,0.069,0.31
31,0.15,0.007,0.033,0.007,0.003,0.217,0.066,0.02,0.116,0.531
32,0.08,0.013,0.218,0.011,0.008,0.048,0.018,0.001,0.36,0.323
33,0.0,0.001,0.99,0.001,0.002,0.001,0.001,0.001,0.001,0.001
34,0.0,0.014,0.256,0.047,0.002,0.059,0.231,0.002,0.073,0.316
35,0.04,0.017,0.838,0.005,0.009,0.03,0.006,0.068,0.019,0.007
36,0.06,0.002,0.954,0.002,0.022,0.005,0.005,0.001,0.003,0.006
37,0.02,0.004,0.942,0.018,0.002,0.003,0.007,0.001,0.014,0.009
38,0.0,0.004,0.631,0.004,0.166,0.033,0.005,0.007,0.089,0.062
39,0.05,0.779,0.002,0.002,0.003,0.004,0.002,0.205,0.002,0.002
40,0.02,0.965,0.005,0.007,0.002,0.007,0.003,0.002,0.004,0.005
41,0.0,0.973,0.006,0.004,0.003,0.002,0.002,0.002,0.005,0.003
42,0.08,0.832,0.001,0.003,0.002,0.092,0.05,0.005,0.003,0.011
43,0.01,0.897,0.002,0.003,0.001,0.003,0.003,0.082,0.005,0.004
44,0.55,0.195,0.087,0.02,0.017,0.573,0.08,0.003,0.01,0.015
45,0.02,0.911,0.002,0.019,0.002,0.002,0.007,0.012,0.008,0.037
46,0.0,0.971,0.004,0.006,0.003,0.004,0.002,0.002,0.003,0.005
47,0.01,0.909,0.005,0.002,0.059,0.006,0.005,0.008,0.003,0.003
48,0.14,0.832,0.033,0.008,0.093,0.005,0.006,0.002,0.013,0.009
49,0.01,0.944,0.016,0.007,0.001,0.006,0.003,0.004,0.003,0.016
50,0.06,0.888,0.002,0.003,0.004,0.011,0.078,0.003,0.008,0.003
51,0.01,0.56,0.002,0.157,0.003,0.003,0.003,0.268,0.002,0.003
52,0.0,0.819,0.003,0.001,0.167,0.001,0.002,0.002,0.002,0.002
53,0.07,0.43,0.007,0.234,0.002,0.004,0.007,0.311,0.003,0.003
54,0.06,0.527,0.004,0.097,0.002,0.005,0.013,0.335,0.004,0.013
55,0.13,0.008,0.018,0.008,0.004,0.224,0.032,0.327,0.039,0.34
56,0.0,0.518,0.002,0.227,0.232,0.004,0.009,0.001,0.005,0.003
57,0.0,0.829,0.002,0.002,0.002,0.002,0.002,0.155,0.003,0.002
58,0.03,0.921,0.005,0.008,0.002,0.007,0.016,0.004,0.021,0.016
59,0.04,0.002,0.004,0.035,0.002,0.048,0.466,0.007,0.007,0.429
60,0.05,0.004,0.002,0.005,0.001,0.01,0.498,0.002,0.005,0.474
61,0.08,0.001,0.003,0.007,0.002,0.008,0.244,0.338,0.005,0.392
62,0.05,0.003,0.017,0.013,0.002,0.028,0.434,0.298,0.006,0.199
63,0.0,0.007,0.008,0.003,0.001,0.003,0.346,0.372,0.008,0.252
64,0.0,0.002,0.002,0.004,0.004,0.005,0.445,0.338,0.121,0.077
65,0.05,0.003,0.003,0.002,0.003,0.003,0.461,0.147,0.006,0.373
66,0.07,0.002,0.004,0.008,0.004,0.007,0.494,0.015,0.064,0.403
67,0.03,0.002,0.014,0.65,0.001,0.002,0.003,0.001,0.14,0.186
68,0.04,0.002,0.125,0.569,0.126,0.016,0.005,0.055,0.082,0.02
69,0.01,0.097,0.04,0.736,0.093,0.012,0.007,0.002,0.005,0.006
70,0.23,0.004,0.006,0.577,0.079,0.135,0.126,0.007,0.022,0.045
71,0.0,0.004,0.015,0.878,0.004,0.01,0.005,0.014,0.032,0.039
72,0.02,0.003,0.002,0.749,0.085,0.005,0.004,0.145,0.002,0.005
73,0.0,0.001,0.01,0.555,0.111,0.002,0.009,0.003,0.303,0.005
74,0.0,0.028,0.006,0.848,0.003,0.003,0.009,0.009,0.008,0.087
75,0.0,0.093,0.003,0.561,0.208,0.003,0.002,0.122,0.003,0.006
76,0.0,0.003,0.11,0.547,0.003,0.003,0.003,0.238,0.074,0.02
77,0.01,0.004,0.003,0.005,0.003,0.008,0.012,0.001,0.949,0.015
78,0.0,0.003,0.047,0.041,0.003,0.003,0.006,0.011,0.717,0.171
79,0.01,0.006,0.006,0.004,0.001,0.129,0.024,0.003,0.787,0.039
80,0.0,0.001,0.012,0.003,0.003,0.005,0.006,0.072,0.881,0.018
81,0.03,0.009,0.151,0.002,0.002,0.003,0.007,0.002,0.82,0.005
82,0.0,0.001,0.005,0.008,0.001,0.002,0.005,0.002,0.938,0.038
83,0.0,0.002,0.064,0.002,0.153,0.002,0.003,0.007,0.677,0.09
84,0.0,0.001,0.032,0.004,0.001,0.004,0.018,0.221,0.62,0.099
85,0.03,0.003,0.005,0.004,0.002,0.049,0.003,0.001,0.923,0.01
86,0.05,0.009,0.004,0.006,0.007,0.028,0.039,0.004,0.876,0.028
87,0.06,0.024,0.003,0.02,0.001,0.033,0.017,0.004,0.798,0.101
88,0.02,0.02,0.004,0.003,0.101,0.004,0.002,0.086,0.772,0.009
89,0.03,0.005,0.003,0.004,0.065,0.005,0.004,0.002,0.897,0.015
90,0.05,0.008,0.009,0.007,0.001,0.005,0.272,0.003,0.566,0.129
91,0.0,0.004,0.012,0.001,0.208,0.003,0.004,0.003,0.759,0.006
92,0.01,0.009,0.004,0.003,0.006,0.05,0.078,0.19,0.638,0.022
93,0.02,0.002,0.004,0.01,0.151,0.03,0.214,0.001,0.551,0.037
94,0.02,0.006,0.012,0.127,0.001,0.179,0.02,0.006,0.551,0.097
95,0.0,0.005,0.004,0.017,0.004,0.005,0.007,0.335,0.619,0.005
96,0.0,0.002,0.003,0.032,0.232,0.069,0.012,0.003,0.639,0.009
97,0.02,0.003,0.01,0.024,0.016,0.044,0.01,0.002,0.609,0.283
98,0.02,0.008,0.006,0.047,0.007,0.032,0.224,0.003,0.663,0.01
99,0.24,0.006,0.016,0.018,0.157,0.346,0.017,0.25,0.177,0.013
100,0.03,0.02,0.007,0.009,0.002,0.037,0.015,0.389,0.508,0.013
101,0.43,0.147,0.025,0.634,0.006,0.151,0.01,0.004,0.012,0.012
102,0.07,0.045,0.004,0.672,0.134,0.109,0.019,0.004,0.007,0.006
103,0.03,0.242,0.004,0.696,0.003,0.011,0.018,0.003,0.006,0.017
104,0.07,0.05,0.003,0.603,0.002,0.003,0.003,0.32,0.008,0.009
105,0.04,0.625,0.002,0.159,0.187,0.002,0.004,0.017,0.002,0.002
106,0.01,0.002,0.004,0.684,0.002,0.003,0.003,0.296,0.002,0.004
107,0.06,0.49,0.005,0.254,0.194,0.041,0.006,0.001,0.004,0.006
108,0.08,0.557,0.002,0.348,0.006,0.016,0.047,0.003,0.008,0.013
109,0.09,0.044,0.03,0.789,0.006,0.054,0.004,0.004,0.047,0.023
110,0.17,0.067,0.005,0.691,0.21,0.008,0.008,0.002,0.006,0.004
111,0.54,0.014,0.016,0.729,0.014,0.143,0.043,0.014,0.008,0.019
112,0.02,0.144,0.005,0.727,0.034,0.011,0.043,0.002,0.022,0.013
113,0.06,0.031,0.002,0.936,0.001,0.009,0.006,0.002,0.009,0.003
114,0.09,0.001,0.002,0.702,0.002,0.003,0.003,0.283,0.001,0.003
115,0.03,0.047,0.009,0.761,0.123,0.014,0.009,0.001,0.018,0.02
116,0.01,0.153,0.038,0.755,0.002,0.016,0.008,0.001,0.011,0.016
117,0.03,0.248,0.022,0.642,0.009,0.037,0.028,0.001,0.003,0.01
118,0.15,0.002,0.003,0.808,0.001,0.02,0.008,0.129,0.005,0.024
119,0.19,0.015,0.003,0.866,0.005,0.027,0.067,0.002,0.007,0.009
120,0.0,0.19,0.002,0.58,0.205,0.002,0.01,0.002,0.002,0.005
121,0.0,0.44,0.013,0.506,0.003,0.003,0.007,0.002,0.017,0.009
122,0.07,0.021,0.019,0.685,0.065,0.103,0.022,0.006,0.053,0.027
123,0.0,0.133,0.005,0.575,0.004,0.002,0.001,0.275,0.002,0.002
124,0.0,0.497,0.005,0.221,0.25,0.01,0.003,0.002,0.006,0.005
125,0.03,0.081,0.011,0.65,0.162,0.006,0.082,0.002,0.003,0.003
126,0.01,0.165,0.008,0.67,0.006,0.027,0.021,0.004,0.066,0.033
127,0.04,0.108,0.002,0.739,0.002,0.125,0.01,0.002,0.002,0.011
128,0.16,0.043,0.066,0.024,0.003,0.178,0.006,0.222,0.052,0.405
129,0.43,0.016,0.017,0.007,0.004,0.359,0.115,0.006,0.129,0.347
130,0.17,0.006,0.015,0.012,0.013,0.235,0.03,0.017,0.009,0.663
131,0.11,0.003,0.002,0.004,0.001,0.017,0.007,0.323,0.004,0.639
132,0.14,0.006,0.013,0.012,0.151,0.033,0.01,0.129,0.119,0.53
133,0.05,0.045,0.015,0.004,0.002,0.124,0.043,0.007,0.003,0.756
134,0.02,0.01,0.029,0.006,0.001,0.029,0.009,0.002,0.152,0.761
135,0.37,0.771,0.007,0.003,0.082,0.013,0.005,0.109,0.003,0.005
136,0.25,0.385,0.108,0.006,0.007,0.055,0.05,0.22,0.005,0.165
137,0.42,0.214,0.01,0.019,0.002,0.288,0.396,0.006,0.011,0.054
138,0.12,0.02,0.005,0.609,0.189,0.157,0.005,0.005,0.005,0.005
139,0.03,0.045,0.006,0.732,0.173,0.01,0.021,0.001,0.004,0.006
140,0.03,0.004,0.022,0.657,0.001,0.046,0.004,0.001,0.07,0.194
141,0.1,0.002,0.027,0.584,0.139,0.024,0.02,0.012,0.184,0.008
142,0.03,0.001,0.004,0.511,0.001,0.004,0.008,0.263,0.107,0.1
143,0.09,0.003,0.103,0.513,0.1,0.011,0.108,0.002,0.141,0.019
144,0.15,0.01,0.031,0.541,0.139,0.042,0.002,0.003,0.226,0.007
145,0.12,0.002,0.044,0.486,0.001,0.205,0.015,0.002,0.236,0.008
146,0.3,0.002,0.014,0.511,0.003,0.201,0.013,0.002,0.222,0.032
147,0.51,0.372,0.004,0.024,0.004,0.245,0.307,0.003,0.008,0.032
148,0.0,0.908,0.002,0.001,0.078,0.003,0.003,0.001,0.002,0.002
149,0.0,0.956,0.006,0.004,0.001,0.003,0.009,0.004,0.004,0.013
150,0.0,0.769,0.001,0.001,0.001,0.001,0.001,0.225,0.001,0.001
151,0.03,0.842,0.011,0.003,0.123,0.007,0.004,0.002,0.002,0.007
152,0.0,0.93,0.018,0.033,0.002,0.002,0.002,0.002,0.002,0.008
153,0.01,0.9,0.001,0.003,0.087,0.002,0.002,0.001,0.004,0.001
154,0.0,0.254,0.003,0.003,0.233,0.006,0.37,0.002,0.124,0.006
155,0.0,0.101,0.004,0.175,0.153,0.009,0.375,0.001,0.083,0.098
156,0.31,0.211,0.002,0.017,0.002,0.152,0.579,0.002,0.022,0.011
157,0.14,0.056,0.029,0.004,0.181,0.012,0.701,0.003,0.003,0.011
158,0.19,0.129,0.005,0.005,0.035,0.276,0.281,0.248,0.003,0.018
159,0.39,0.134,0.009,0.009,0.002,0.407,0.42,0.005,0.004,0.01
160,0.01,0.083,0.005,0.006,0.163,0.128,0.577,0.002,0.01,0.026
161,0.03,0.083,0.018,0.003,0.001,0.007,0.662,0.003,0.011,0.213
162,0.08,0.044,0.001,0.002,0.002,0.024,0.584,0.333,0.005,0.004
163,0.12,0.053,0.005,0.016,0.176,0.158,0.584,0.002,0.003,0.004
164,0.1,0.034,0.165,0.034,0.013,0.242,0.435,0.002,0.008,0.066
165,0.13,0.061,0.012,0.004,0.01,0.326,0.564,0.002,0.017,0.004
166,0.47,0.003,0.004,0.004,0.017,0.407,0.441,0.116,0.006,0.003
167,0.85,0.017,0.027,0.013,0.012,0.418,0.423,0.059,0.012,0.019
168,0.1,0.003,0.036,0.012,0.093,0.184,0.524,0.002,0.138,0.008
169,0.17,0.008,0.016,0.107,0.002,0.066,0.673,0.003,0.007,0.119
170,0.04,0.011,0.004,0.525,0.002,0.012,0.024,0.371,0.01,0.041
171,0.03,0.048,0.002,0.627,0.271,0.002,0.002,0.043,0.002,0.003
172,0.09,0.009,0.006,0.74,0.178,0.022,0.006,0.002,0.029,0.007
173,0.02,0.009,0.007,0.818,0.002,0.017,0.005,0.001,0.007,0.134
174,0.0,0.016,0.003,0.73,0.005,0.004,0.004,0.22,0.01,0.009
175,0.08,0.004,0.009,0.78,0.02,0.06,0.062,0.002,0.003,0.061
176,0.0,0.054,0.003,0.413,0.193,0.01,0.037,0.025,0.228,0.037
177,0.01,0.083,0.002,0.684,0.152,0.032,0.01,0.013,0.005,0.019
178,0.0,0.018,0.006,0.792,0.164,0.003,0.004,0.001,0.01,0.003
179,0.0,0.004,0.009,0.53,0.013,0.006,0.006,0.369,0.05,0.013
180,0.02,0.006,0.002,0.661,0.291,0.003,0.005,0.021,0.006,0.005
181,0.0,0.504,0.011,0.313,0.137,0.002,0.004,0.003,0.006,0.019
182,0.0,0.006,0.02,0.707,0.003,0.009,0.004,0.016,0.044,0.192
183,0.01,0.004,0.004,0.687,0.058,0.002,0.003,0.235,0.006,0.003
184,0.2,0.007,0.032,0.538,0.115,0.218,0.013,0.015,0.044,0.018
185,0.0,0.049,0.018,0.858,0.002,0.015,0.007,0.006,0.007,0.039
186,0.02,0.003,0.004,0.56,0.003,0.004,0.002,0.331,0.077,0.016
187,0.01,0.009,0.023,0.484,0.152,0.011,0.004,0.003,0.217,0.096
188,0.12,0.003,0.038,0.637,0.099,0.041,0.057,0.005,0.107,0.014
189,0.0,0.024,0.075,0.618,0.002,0.003,0.005,0.001,0.02,0.252
190,0.0,0.001,0.001,0.981,0.001,0.004,0.005,0.002,0.002,0.003
191,0.05,0.021,0.049,0.616,0.013,0.081,0.083,0.002,0.064,0.071
192,0.11,0.003,0.005,0.698,0.001,0.005,0.005,0.278,0.002,0.003
193,0.14,0.015,0.171,0.748,0.004,0.004,0.014,0.007,0.013,0.023
194,0.02,0.004,0.021,0.731,0.082,0.01,0.023,0.002,0.11,0.017
195,0.07,0.073,0.005,0.855,0.01,0.02,0.009,0.001,0.023,0.004
196,0.03,0.004,0.083,0.567,0.003,0.015,0.004,0.314,0.008,0.003
197,0.05,0.003,0.002,0.812,0.171,0.003,0.003,0.001,0.003,0.003
198,0.09,0.009,0.003,0.807,0.005,0.04,0.057,0.007,0.022,0.05
199,0.01,0.006,0.007,0.95,0.006,0.009,0.003,0.003,0.013,0.003
200,0.09,0.001,0.004,0.559,0.002,0.006,0.006,0.275,0.142,0.003
201,0.07,0.004,0.005,0.847,0.038,0.052,0.035,0.002,0.011,0.006
202,0.01,0.009,0.019,0.63,0.023,0.025,0.024,0.002,0.259,0.009
203,0.06,0.003,0.009,0.769,0.094,0.077,0.018,0.009,0.007,0.014
204,0.0,0.091,0.002,0.802,0.026,0.011,0.002,0.001,0.06,0.005
205,0.0,0.001,0.056,0.65,0.094,0.003,0.02,0.121,0.045,0.01
206,0.0,0.001,0.009,0.592,0.092,0.011,0.004,0.001,0.279,0.01
207,0.03,0.002,0.003,0.943,0.011,0.023,0.004,0.003,0.008,0.003
208,0.13,0.111,0.03,0.665,0.002,0.122,0.037,0.003,0.007,0.023
209,0.02,0.002,0.001,0.705,0.275,0.005,0.002,0.004,0.003,0.004
210,0.07,0.006,0.002,0.937,0.021,0.013,0.005,0.001,0.01,0.005
211,0.02,0.011,0.01,0.913,0.013,0.011,0.011,0.015,0.007,0.011
212,0.08,0.003,0.041,0.645,0.001,0.14,0.011,0.004,0.126,0.029
213,0.17,0.006,0.005,0.657,0.002,0.303,0.007,0.005,0.004,0.01
214,0.06,0.131,0.006,0.006,0.001,0.07,0.392,0.003,0.008,0.383
215,0.0,0.17,0.015,0.005,0.008,0.014,0.521,0.003,0.051,0.214
216,0.04,0.858,0.009,0.002,0.006,0.002,0.002,0.115,0.003,0.004
217,0.02,0.779,0.01,0.017,0.021,0.006,0.018,0.005,0.01,0.134
218,0.12,0.183,0.029,0.741,0.001,0.013,0.01,0.003,0.013,0.007
219,0.13,0.221,0.004,0.464,0.197,0.043,0.046,0.014,0.007,0.003
220,0.49,0.005,0.004,0.014,0.004,0.582,0.042,0.162,0.056,0.131
221,0.12,0.013,0.034,0.004,0.004,0.103,0.014,0.001,0.05,0.776
222,0.02,0.002,0.014,0.004,0.002,0.024,0.024,0.012,0.112,0.807
223,0.06,0.002,0.007,0.007,0.001,0.05,0.238,0.001,0.006,0.687
224,0.21,0.005,0.007,0.008,0.002,0.067,0.022,0.003,0.03,0.857
225,0.02,0.006,0.002,0.009,0.018,0.006,0.018,0.001,0.071,0.87
226,0.05,0.005,0.003,0.007,0.003,0.112,0.028,0.002,0.003,0.838
227,0.45,0.014,0.011,0.173,0.034,0.376,0.037,0.003,0.033,0.318
228,0.48,0.007,0.004,0.012,0.002,0.404,0.006,0.134,0.01,0.422
229,0.0,0.002,0.017,0.016,0.006,0.014,0.006,0.003,0.619,0.316
230,0.02,0.072,0.083,0.006,0.001,0.003,0.013,0.003,0.171,0.648
231,0.0,0.003,0.007,0.027,0.095,0.079,0.008,0.017,0.517,0.246
232,0.0,0.005,0.022,0.014,0.001,0.066,0.012,0.002,0.161,0.718
233,0.03,0.003,0.03,0.004,0.004,0.042,0.018,0.002,0.185,0.711
234,0.01,0.003,0.003,0.009,0.041,0.018,0.036,0.139,0.016,0.736
235,0.25,0.047,0.019,0.038,0.017,0.187,0.006,0.003,0.081,0.603
236,0.02,0.002,0.005,0.012,0.003,0.006,0.007,0.001,0.036,0.929
237,0.21,0.004,0.006,0.013,0.004,0.268,0.063,0.001,0.027,0.613
238,0.11,0.009,0.02,0.003,0.206,0.019,0.005,0.013,0.019,0.706
239,0.0,0.005,0.004,0.006,0.063,0.004,0.008,0.004,0.062,0.844
240,0.62,0.006,0.005,0.007,0.007,0.628,0.059,0.178,0.018,0.093
241,0.08,0.003,0.003,0.007,0.006,0.126,0.092,0.003,0.01,0.751
242,0.07,0.001,0.005,0.004,0.001,0.007,0.016,0.004,0.212,0.752
243,0.04,0.003,0.003,0.002,0.003,0.01,0.008,0.221,0.003,0.747
244,0.18,0.005,0.005,0.004,0.041,0.058,0.008,0.002,0.008,0.869
245,0.38,0.013,0.009,0.022,0.002,0.213,0.088,0.003,0.011,0.638
246,0.07,0.008,0.007,0.141,0.107,0.093,0.007,0.106,0.009,0.521
247,0.55,0.009,0.003,0.007,0.003,0.424,0.018,0.231,0.01,0.295
248,0.01,0.007,0.009,0.007,0.003,0.103,0.012,0.002,0.012,0.845
249,0.0,0.014,0.02,0.008,0.002,0.014,0.138,0.004,0.047,0.752
250,0.07,0.003,0.008,0.008,0.002,0.061,0.159,0.003,0.051,0.705
251,0.01,0.004,0.033,0.006,0.001,0.228,0.129,0.005,0.056,0.537
252,0.04,0.002,0.019,0.019,0.003,0.015,0.009,0.004,0.012,0.916
253,0.08,0.004,0.009,0.047,0.044,0.026,0.008,0.002,0.024,0.837
254,0.36,0.014,0.067,0.003,0.003,0.56,0.038,0.005,0.076,0.235
255,0.09,0.004,0.048,0.004,0.196,0.036,0.047,0.003,0.094,0.569
256,0.72,0.005,0.009,0.045,0.014,0.507,0.164,0.004,0.011,0.241
257,0.01,0.007,0.117,0.01,0.01,0.052,0.119,0.003,0.02,0.661
258,0.0,0.034,0.008,0.002,0.001,0.042,0.157,0.002,0.247,0.507
259,0.0,0.01,0.1,0.004,0.017,0.005,0.008,0.07,0.006,0.781
260,0.0,0.002,0.011,0.007,0.067,0.005,0.017,0.001,0.022,0.868
261,0.01,0.006,0.012,0.01,0.002,0.026,0.008,0.002,0.056,0.879
262,0.03,0.002,0.016,0.003,0.167,0.018,0.004,0.002,0.008,0.78
263,0.29,0.004,0.013,0.006,0.002,0.281,0.039,0.188,0.01,0.455
264,0.0,0.093,0.006,0.007,0.005,0.04,0.131,0.002,0.027,0.691
265,0.0,0.002,0.009,0.004,0.127,0.02,0.002,0.001,0.059,0.777
266,0.07,0.009,0.004,0.021,0.005,0.04,0.017,0.002,0.034,0.868
267,0.4,0.016,0.016,0.546,0.002,0.228,0.175,0.002,0.01,0.004
268,0.72,0.109,0.006,0.25,0.008,0.542,0.036,0.005,0.014,0.032
269,0.02,0.004,0.021,0.572,0.043,0.005,0.126,0.015,0.127,0.087
270,0.68,0.008,0.003,0.175,0.005,0.681,0.011,0.002,0.106,0.01
271,0.49,0.004,0.003,0.395,0.002,0.521,0.03,0.002,0.025,0.017
272,0.18,0.004,0.01,0.239,0.003,0.039,0.013,0.001,0.683,0.008
273,0.07,0.002,0.015,0.73,0.192,0.017,0.007,0.003,0.016,0.019
274,0.7,0.156,0.005,0.185,0.009,0.414,0.039,0.173,0.016,0.004
275,0.02,0.001,0.006,0.701,0.005,0.004,0.051,0.003,0.221,0.008
276,0.7,0.004,0.008,0.508,0.004,0.371,0.087,0.005,0.005,0.008
277,0.04,0.019,0.052,0.019,0.002,0.005,0.009,0.003,0.829,0.062
278,0.02,0.003,0.003,0.004,0.001,0.103,0.063,0.002,0.542,0.278
279,0.04,0.676,0.002,0.154,0.005,0.006,0.008,0.137,0.004,0.006
280,0.0,0.011,0.003,0.71,0.03,0.002,0.003,0.002,0.011,0.228
281,0.02,0.007,0.005,0.756,0.002,0.003,0.008,0.006,0.007,0.208
282,0.04,0.009,0.019,0.724,0.153,0.002,0.031,0.05,0.003,0.009
283,0.22,0.06,0.003,0.712,0.003,0.02,0.005,0.19,0.002,0.005
284,0.0,0.067,0.026,0.059,0.056,0.008,0.465,0.007,0.034,0.278
285,0.72,0.016,0.016,0.124,0.003,0.369,0.376,0.004,0.015,0.075
286,0.01,0.001,0.007,0.003,0.095,0.002,0.433,0.153,0.009,0.297
287,0.0,0.039,0.009,0.008,0.007,0.002,0.469,0.007,0.074,0.384
288,0.0,0.679,0.002,0.022,0.104,0.002,0.002,0.183,0.002,0.004
289,0.0,0.847,0.002,0.002,0.13,0.002,0.001,0.011,0.002,0.002
290,0.0,0.004,0.014,0.447,0.003,0.004,0.004,0.003,0.295,0.225
291,0.0,0.922,0.008,0.01,0.002,0.006,0.011,0.005,0.01,0.027
292,0.0,0.904,0.001,0.002,0.087,0.001,0.001,0.001,0.002,0.001
293,0.0,0.748,0.006,0.183,0.009,0.005,0.016,0.001,0.024,0.007
294,0.0,0.002,0.016,0.558,0.001,0.013,0.009,0.002,0.173,0.228
295,0.0,0.005,0.021,0.007,0.02,0.365,0.031,0.073,0.021,0.457
296,0.37,0.012,0.022,0.008,0.003,0.646,0.204,0.004,0.024,0.076
297,0.5,0.016,0.008,0.004,0.01,0.921,0.015,0.002,0.022,0.003
298,0.01,0.002,0.004,0.003,0.064,0.558,0.008,0.001,0.028,0.331
299,0.0,0.004,0.007,0.006,0.003,0.522,0.009,0.002,0.007,0.441
300,0.2,0.003,0.016,0.114,0.132,0.515,0.004,0.055,0.008,0.154
301,0.54,0.092,0.003,0.021,0.006,0.751,0.007,0.098,0.014,0.008
302,0.04,0.022,0.014,0.007,0.003,0.659,0.052,0.001,0.217,0.024
303,0.56,0.017,0.007,0.034,0.003,0.899,0.006,0.006,0.018,0.01
304,0.82,0.016,0.01,0.016,0.004,0.888,0.022,0.005,0.015,0.022
305,0.01,0.003,0.005,0.008,0.086,0.808,0.007,0.007,0.013,0.063
306,0.12,0.002,0.051,0.041,0.004,0.833,0.007,0.001,0.046,0.014
307,0.1,0.037,0.003,0.011,0.002,0.652,0.032,0.003,0.01,0.25
308,0.23,0.004,0.004,0.003,0.15,0.705,0.012,0.066,0.037,0.019
309,0.1,0.031,0.006,0.032,0.002,0.509,0.063,0.02,0.005,0.332
310,0.04,0.019,0.012,0.003,0.083,0.585,0.085,0.001,0.173,0.039
311,0.03,0.003,0.015,0.006,0.004,0.591,0.003,0.003,0.046,0.329
312,0.1,0.002,0.017,0.003,0.213,0.625,0.004,0.006,0.114,0.015
313,0.03,0.007,0.016,0.113,0.002,0.735,0.004,0.001,0.109,0.013
314,0.02,0.915,0.003,0.007,0.003,0.027,0.027,0.003,0.009,0.006
315,0.46,0.791,0.003,0.001,0.002,0.04,0.003,0.156,0.003,0.002
316,0.05,0.853,0.003,0.011,0.002,0.093,0.016,0.003,0.006,0.012
317,0.44,0.672,0.007,0.057,0.003,0.021,0.004,0.228,0.003,0.004
318,0.02,0.871,0.002,0.003,0.113,0.003,0.002,0.001,0.002,0.002
319,0.03,0.879,0.001,0.002,0.107,0.003,0.003,0.002,0.002,0.002
320,0.06,0.624,0.006,0.226,0.02,0.043,0.067,0.002,0.005,0.007
321,0.0,0.838,0.004,0.007,0.083,0.004,0.035,0.004,0.018,0.006
322,0.02,0.876,0.002,0.004,0.101,0.004,0.004,0.001,0.004,0.003
