,prop_missing,prop_1,prop_2,prop_3,prop_4,prop_5
0,0.02,0.582,0.01,0.266,0.005,0.137
1,0.02,0.122,0.034,0.765,0.012,0.067
2,0.03,0.18,0.006,0.704,0.105,0.005
3,0.0,0.596,0.011,0.386,0.003,0.004
4,0.0,0.096,0.026,0.8,0.014,0.064
5,0.0,0.086,0.011,0.863,0.002,0.037
6,0.0,0.375,0.005,0.462,0.148,0.01
7,0.0,0.007,0.003,0.943,0.006,0.041
8,0.0,0.263,0.023,0.693,0.005,0.016
9,0.08,0.592,0.02,0.335,0.034,0.02
10,0.01,0.571,0.012,0.391,0.003,0.023
11,0.0,0.683,0.007,0.303,0.001,0.005
12,0.0,0.047,0.003,0.932,0.003,0.015
13,0.0,0.039,0.008,0.844,0.019,0.091
14,0.0,0.059,0.007,0.008,0.242,0.684
15,0.0,0.004,0.071,0.027,0.003,0.895
16,0.05,0.003,0.132,0.016,0.003,0.845
17,0.01,0.003,0.025,0.003,0.013,0.956
18,0.03,0.007,0.137,0.026,0.041,0.789
19,0.04,0.004,0.04,0.004,0.246,0.706
20,0.02,0.005,0.121,0.002,0.236,0.636
21,0.01,0.013,0.048,0.006,0.003,0.931
22,0.05,0.003,0.029,0.005,0.081,0.882
23,0.08,0.006,0.278,0.005,0.271,0.439
24,0.01,0.067,0.122,0.024,0.002,0.784
25,0.01,0.007,0.087,0.008,0.003,0.895
26,0.0,0.008,0.122,0.011,0.002,0.857
27,0.0,0.004,0.058,0.005,0.007,0.926
28,0.0,0.003,0.075,0.005,0.003,0.914
29,0.01,0.041,0.104,0.02,0.003,0.832
30,0.07,0.019,0.046,0.056,0.009,0.87
31,0.15,0.01,0.389,0.008,0.016,0.577
32,0.08,0.011,0.086,0.024,0.002,0.878
33,0.0,0.011,0.003,0.004,0.004,0.978
34,0.0,0.023,0.157,0.061,0.002,0.757
35,0.04,0.017,0.011,0.011,0.051,0.91
36,0.06,0.01,0.023,0.006,0.003,0.959
37,0.02,0.009,0.007,0.019,0.001,0.964
38,0.0,0.016,0.007,0.014,0.012,0.95
39,0.05,0.793,0.002,0.003,0.198,0.003
40,0.02,0.982,0.007,0.007,0.003,0.002
41,0.0,0.987,0.004,0.002,0.002,0.005
42,0.08,0.84,0.15,0.003,0.005,0.002
43,0.01,0.919,0.002,0.004,0.07,0.005
44,0.55,0.225,0.684,0.034,0.005,0.052
45,0.02,0.954,0.004,0.009,0.024,0.01
46,0.0,0.985,0.003,0.005,0.003,0.004
47,0.01,0.963,0.009,0.002,0.017,0.008
48,0.14,0.903,0.019,0.022,0.003,0.053
49,0.01,0.973,0.008,0.005,0.003,0.011
50,0.06,0.953,0.033,0.006,0.002,0.006
51,0.01,0.588,0.004,0.122,0.283,0.002
52,0.0,0.934,0.004,0.006,0.041,0.015
53,0.07,0.451,0.008,0.222,0.314,0.004
54,0.06,0.553,0.013,0.08,0.342,0.012
55,0.13,0.013,0.304,0.011,0.331,0.341
56,0.0,0.619,0.018,0.357,0.003,0.004
57,0.0,0.845,0.003,0.002,0.147,0.004
58,0.03,0.962,0.014,0.009,0.006,0.009
59,0.04,0.006,0.42,0.041,0.026,0.507
60,0.05,0.006,0.444,0.007,0.003,0.539
61,0.08,0.003,0.239,0.009,0.388,0.361
62,0.05,0.008,0.337,0.013,0.331,0.312
63,0.0,0.021,0.093,0.006,0.438,0.441
64,0.0,0.004,0.219,0.008,0.378,0.391
65,0.05,0.004,0.255,0.003,0.216,0.522
66,0.07,0.008,0.388,0.019,0.072,0.513
67,0.03,0.002,0.008,0.668,0.004,0.317
68,0.04,0.004,0.007,0.615,0.083,0.291
69,0.01,0.133,0.016,0.83,0.004,0.017
70,0.23,0.009,0.322,0.621,0.006,0.041
71,0.0,0.004,0.01,0.931,0.02,0.035
72,0.02,0.006,0.01,0.822,0.157,0.004
73,0.0,0.002,0.003,0.65,0.006,0.339
74,0.0,0.027,0.003,0.894,0.012,0.064
75,0.0,0.122,0.007,0.704,0.154,0.014
76,0.0,0.003,0.002,0.553,0.248,0.195
77,0.01,0.005,0.026,0.009,0.002,0.959
78,0.0,0.004,0.004,0.025,0.02,0.947
79,0.01,0.01,0.131,0.016,0.005,0.838
80,0.0,0.003,0.004,0.004,0.076,0.912
81,0.03,0.027,0.007,0.004,0.003,0.96
82,0.0,0.003,0.003,0.013,0.003,0.978
83,0.0,0.005,0.005,0.003,0.026,0.96
84,0.0,0.002,0.006,0.005,0.22,0.767
85,0.03,0.005,0.042,0.011,0.002,0.94
86,0.05,0.009,0.122,0.009,0.004,0.856
87,0.06,0.014,0.067,0.029,0.005,0.885
88,0.02,0.043,0.009,0.026,0.099,0.822
89,0.03,0.007,0.007,0.029,0.003,0.954
90,0.05,0.024,0.097,0.017,0.004,0.858
91,0.0,0.011,0.009,0.01,0.011,0.96
92,0.01,0.023,0.117,0.005,0.196,0.659
93,0.02,0.006,0.262,0.045,0.003,0.683
94,0.02,0.011,0.191,0.091,0.006,0.701
95,0.0,0.008,0.015,0.057,0.347,0.573
96,0.0,0.005,0.106,0.192,0.004,0.692
97,0.02,0.006,0.08,0.038,0.004,0.873
98,0.02,0.023,0.154,0.09,0.004,0.729
99,0.24,0.006,0.411,0.108,0.228,0.247
100,0.03,0.019,0.045,0.011,0.392,0.534
101,0.43,0.135,0.202,0.648,0.004,0.011
102,0.07,0.063,0.169,0.758,0.004,0.006
103,0.03,0.245,0.022,0.712,0.004,0.017
104,0.07,0.046,0.002,0.609,0.335,0.007
105,0.04,0.69,0.005,0.266,0.034,0.005
106,0.01,0.003,0.003,0.686,0.304,0.004
107,0.06,0.542,0.095,0.354,0.002,0.006
108,0.08,0.585,0.054,0.346,0.005,0.009
109,0.09,0.065,0.055,0.842,0.003,0.035
110,0.17,0.102,0.07,0.813,0.007,0.007
111,0.54,0.013,0.276,0.684,0.016,0.01
112,0.02,0.166,0.024,0.794,0.003,0.014
113,0.06,0.036,0.007,0.95,0.003,0.004
114,0.09,0.001,0.003,0.697,0.296,0.003
115,0.03,0.063,0.031,0.867,0.002,0.037
116,0.01,0.161,0.026,0.79,0.003,0.021
117,0.03,0.247,0.091,0.652,0.002,0.008
118,0.15,0.003,0.026,0.828,0.13,0.013
119,0.19,0.025,0.078,0.887,0.004,0.007
120,0.0,0.269,0.008,0.717,0.002,0.004
121,0.0,0.453,0.003,0.523,0.005,0.016
122,0.07,0.022,0.205,0.737,0.006,0.03
123,0.0,0.131,0.002,0.579,0.286,0.002
124,0.0,0.591,0.018,0.375,0.004,0.012
125,0.03,0.129,0.063,0.794,0.004,0.01
126,0.01,0.183,0.039,0.702,0.004,0.072
127,0.04,0.105,0.125,0.76,0.003,0.006
128,0.16,0.043,0.188,0.024,0.22,0.525
129,0.43,0.016,0.506,0.018,0.006,0.453
130,0.17,0.007,0.44,0.017,0.026,0.51
131,0.11,0.004,0.32,0.005,0.377,0.294
132,0.14,0.015,0.159,0.022,0.149,0.655
133,0.05,0.053,0.42,0.005,0.019,0.503
134,0.02,0.012,0.146,0.008,0.002,0.83
135,0.37,0.806,0.074,0.007,0.108,0.005
136,0.25,0.409,0.298,0.011,0.233,0.048
137,0.42,0.245,0.618,0.065,0.005,0.068
138,0.12,0.029,0.216,0.74,0.009,0.005
139,0.03,0.093,0.037,0.844,0.003,0.023
140,0.03,0.004,0.061,0.677,0.002,0.256
141,0.1,0.003,0.075,0.701,0.02,0.201
142,0.03,0.002,0.006,0.508,0.28,0.204
143,0.09,0.005,0.043,0.604,0.004,0.346
144,0.15,0.016,0.038,0.69,0.003,0.253
145,0.12,0.004,0.278,0.513,0.002,0.203
146,0.3,0.002,0.195,0.518,0.002,0.283
147,0.51,0.371,0.58,0.032,0.004,0.013
148,0.0,0.987,0.006,0.003,0.001,0.004
149,0.0,0.977,0.01,0.005,0.003,0.005
150,0.0,0.774,0.001,0.001,0.221,0.002
151,0.03,0.933,0.038,0.014,0.006,0.009
152,0.0,0.972,0.004,0.014,0.003,0.008
153,0.01,0.98,0.009,0.007,0.001,0.003
154,0.0,0.373,0.186,0.053,0.004,0.384
155,0.0,0.189,0.144,0.258,0.003,0.406
156,0.31,0.257,0.601,0.069,0.004,0.069
157,0.14,0.162,0.536,0.124,0.016,0.162
158,0.19,0.175,0.523,0.015,0.26,0.027
159,0.39,0.199,0.763,0.019,0.006,0.012
160,0.01,0.201,0.466,0.037,0.002,0.295
161,0.03,0.136,0.421,0.004,0.006,0.433
162,0.08,0.133,0.466,0.004,0.382,0.013
163,0.12,0.187,0.597,0.19,0.006,0.019
164,0.1,0.104,0.419,0.021,0.003,0.453
165,0.13,0.175,0.662,0.013,0.003,0.147
166,0.47,0.013,0.832,0.008,0.134,0.012
167,0.85,0.041,0.836,0.021,0.062,0.04
168,0.1,0.031,0.524,0.063,0.003,0.379
169,0.17,0.038,0.625,0.134,0.007,0.195
170,0.04,0.009,0.022,0.546,0.403,0.02
171,0.03,0.125,0.006,0.79,0.075,0.004
172,0.09,0.02,0.062,0.899,0.002,0.018
173,0.02,0.017,0.031,0.867,0.004,0.082
174,0.0,0.013,0.006,0.744,0.23,0.007
175,0.08,0.003,0.144,0.835,0.003,0.015
176,0.0,0.113,0.018,0.519,0.013,0.338
177,0.01,0.087,0.103,0.777,0.028,0.004
178,0.0,0.055,0.005,0.931,0.001,0.009
179,0.0,0.004,0.006,0.568,0.39,0.032
180,0.02,0.025,0.009,0.872,0.051,0.042
181,0.0,0.562,0.005,0.376,0.004,0.053
182,0.0,0.007,0.008,0.729,0.016,0.241
183,0.01,0.01,0.003,0.738,0.247,0.003
184,0.2,0.016,0.256,0.628,0.016,0.084
185,0.0,0.045,0.012,0.904,0.008,0.031
186,0.02,0.005,0.004,0.595,0.356,0.04
187,0.01,0.014,0.012,0.576,0.006,0.392
188,0.12,0.005,0.185,0.744,0.008,0.058
189,0.0,0.032,0.005,0.634,0.003,0.326
190,0.0,0.002,0.003,0.989,0.003,0.003
191,0.05,0.04,0.142,0.643,0.003,0.173
192,0.11,0.003,0.008,0.704,0.282,0.004
193,0.14,0.018,0.018,0.819,0.015,0.131
194,0.02,0.007,0.013,0.814,0.002,0.164
195,0.07,0.083,0.011,0.894,0.001,0.01
196,0.03,0.006,0.018,0.628,0.339,0.009
197,0.05,0.004,0.008,0.982,0.002,0.004
198,0.09,0.011,0.117,0.839,0.007,0.027
199,0.01,0.007,0.009,0.975,0.004,0.005
200,0.09,0.002,0.02,0.63,0.302,0.046
201,0.07,0.006,0.097,0.884,0.003,0.009
202,0.01,0.009,0.021,0.707,0.003,0.259
203,0.06,0.004,0.105,0.841,0.017,0.033
204,0.0,0.096,0.009,0.879,0.003,0.014
205,0.0,0.002,0.003,0.754,0.135,0.105
206,0.0,0.002,0.007,0.686,0.002,0.303
207,0.03,0.001,0.008,0.982,0.003,0.005
208,0.13,0.106,0.183,0.685,0.005,0.021
209,0.02,0.009,0.024,0.917,0.043,0.008
210,0.07,0.006,0.013,0.975,0.001,0.004
211,0.02,0.02,0.015,0.94,0.015,0.01
212,0.08,0.008,0.073,0.677,0.005,0.237
213,0.17,0.008,0.325,0.656,0.007,0.005
214,0.06,0.156,0.4,0.01,0.005,0.428
215,0.0,0.223,0.311,0.004,0.005,0.457
216,0.04,0.886,0.002,0.003,0.104,0.006
217,0.02,0.84,0.022,0.009,0.014,0.114
218,0.12,0.182,0.03,0.766,0.006,0.017
219,0.13,0.255,0.126,0.549,0.056,0.014
220,0.49,0.008,0.71,0.029,0.162,0.091
221,0.12,0.022,0.304,0.005,0.001,0.668
222,0.02,0.004,0.175,0.004,0.019,0.799
223,0.06,0.004,0.375,0.012,0.003,0.605
224,0.21,0.008,0.279,0.01,0.004,0.699
225,0.02,0.011,0.18,0.027,0.002,0.779
226,0.05,0.007,0.367,0.013,0.004,0.609
227,0.45,0.007,0.561,0.185,0.004,0.243
228,0.48,0.021,0.552,0.019,0.131,0.278
229,0.0,0.004,0.058,0.029,0.004,0.906
230,0.02,0.092,0.012,0.006,0.005,0.885
231,0.0,0.009,0.082,0.09,0.019,0.8
232,0.0,0.011,0.186,0.012,0.004,0.786
233,0.03,0.002,0.212,0.014,0.002,0.769
234,0.01,0.004,0.266,0.011,0.145,0.573
235,0.25,0.048,0.287,0.044,0.003,0.618
236,0.02,0.004,0.093,0.014,0.003,0.887
237,0.21,0.006,0.446,0.024,0.002,0.522
238,0.11,0.035,0.139,0.016,0.019,0.791
239,0.0,0.012,0.043,0.009,0.007,0.929
240,0.62,0.006,0.807,0.01,0.154,0.022
241,0.08,0.006,0.399,0.01,0.007,0.579
242,0.07,0.002,0.175,0.003,0.008,0.812
243,0.04,0.003,0.06,0.004,0.267,0.666
244,0.18,0.014,0.347,0.011,0.004,0.624
245,0.38,0.008,0.454,0.024,0.004,0.511
246,0.07,0.008,0.16,0.183,0.128,0.522
247,0.55,0.014,0.666,0.025,0.258,0.037
248,0.01,0.011,0.279,0.005,0.002,0.703
249,0.0,0.027,0.224,0.014,0.005,0.729
250,0.07,0.003,0.346,0.008,0.004,0.639
251,0.01,0.004,0.367,0.014,0.007,0.609
252,0.04,0.002,0.171,0.014,0.006,0.806
253,0.08,0.003,0.206,0.064,0.003,0.724
254,0.36,0.023,0.655,0.005,0.007,0.31
255,0.09,0.011,0.203,0.008,0.005,0.772
256,0.72,0.007,0.909,0.063,0.004,0.016
257,0.01,0.016,0.278,0.009,0.004,0.693
258,0.0,0.063,0.251,0.003,0.003,0.681
259,0.0,0.02,0.087,0.006,0.084,0.804
260,0.0,0.005,0.099,0.012,0.002,0.882
261,0.01,0.007,0.136,0.015,0.003,0.839
262,0.03,0.005,0.198,0.011,0.008,0.778
263,0.29,0.009,0.48,0.01,0.188,0.313
264,0.0,0.088,0.257,0.007,0.002,0.646
265,0.0,0.007,0.101,0.007,0.002,0.882
266,0.07,0.009,0.225,0.009,0.002,0.755
267,0.4,0.024,0.421,0.543,0.004,0.008
268,0.72,0.138,0.644,0.204,0.004,0.01
269,0.02,0.005,0.033,0.623,0.024,0.315
270,0.68,0.007,0.73,0.235,0.003,0.026
271,0.49,0.008,0.591,0.386,0.004,0.011
272,0.18,0.008,0.074,0.294,0.001,0.622
273,0.07,0.007,0.008,0.834,0.016,0.135
274,0.7,0.155,0.485,0.198,0.15,0.012
275,0.02,0.003,0.005,0.735,0.01,0.247
276,0.7,0.007,0.52,0.461,0.005,0.007
277,0.04,0.023,0.023,0.025,0.003,0.926
278,0.02,0.004,0.271,0.013,0.006,0.706
279,0.04,0.704,0.011,0.144,0.136,0.005
280,0.0,0.013,0.002,0.78,0.007,0.197
281,0.02,0.012,0.013,0.827,0.037,0.111
282,0.04,0.021,0.009,0.839,0.119,0.012
283,0.22,0.052,0.044,0.713,0.189,0.003
284,0.0,0.129,0.267,0.083,0.02,0.502
285,0.72,0.026,0.746,0.147,0.009,0.072
286,0.01,0.009,0.274,0.005,0.186,0.526
287,0.0,0.107,0.139,0.024,0.015,0.714
288,0.0,0.729,0.002,0.06,0.206,0.002
289,0.0,0.937,0.003,0.013,0.036,0.01
290,0.0,0.006,0.005,0.466,0.005,0.518
291,0.0,0.962,0.008,0.013,0.004,0.013
292,0.0,0.991,0.002,0.004,0.001,0.002
293,0.0,0.79,0.025,0.168,0.004,0.013
294,0.0,0.002,0.018,0.576,0.002,0.403
295,0.0,0.007,0.402,0.013,0.077,0.502
296,0.37,0.025,0.803,0.014,0.006,0.152
297,0.5,0.023,0.961,0.008,0.003,0.006
298,0.01,0.005,0.587,0.006,0.002,0.4
299,0.0,0.004,0.548,0.007,0.002,0.44
300,0.2,0.005,0.507,0.196,0.083,0.209
301,0.54,0.113,0.771,0.018,0.089,0.009
302,0.04,0.02,0.678,0.034,0.002,0.265
303,0.56,0.026,0.872,0.084,0.004,0.014
304,0.82,0.02,0.939,0.015,0.005,0.021
305,0.01,0.008,0.797,0.017,0.006,0.172
306,0.12,0.003,0.767,0.04,0.002,0.188
307,0.1,0.049,0.748,0.01,0.007,0.186
308,0.23,0.01,0.77,0.01,0.069,0.142
309,0.1,0.049,0.596,0.064,0.036,0.254
310,0.04,0.021,0.636,0.006,0.002,0.335
311,0.03,0.007,0.553,0.005,0.004,0.431
312,0.1,0.008,0.558,0.008,0.02,0.406
313,0.03,0.009,0.654,0.11,0.003,0.224
314,0.02,0.943,0.036,0.01,0.003,0.008
315,0.46,0.817,0.026,0.003,0.151,0.003
316,0.05,0.889,0.083,0.007,0.003,0.017
317,0.44,0.699,0.025,0.05,0.22,0.007
318,0.02,0.982,0.008,0.006,0.001,0.002
319,0.03,0.975,0.016,0.004,0.002,0.004
320,0.06,0.65,0.135,0.208,0.002,0.005
321,0.0,0.929,0.019,0.016,0.004,0.033
322,0.02,0.969,0.009,0.009,0.004,0.01
