,prop_missing,prop_1,prop_2,prop_3,prop_4,prop_5,prop_6
0,0.02,0.004,0.58,0.045,0.005,0.25,0.116
1,0.02,0.014,0.119,0.042,0.013,0.758,0.054
2,0.03,0.097,0.187,0.004,0.005,0.698,0.009
3,0.0,0.002,0.592,0.003,0.019,0.38,0.004
4,0.0,0.017,0.105,0.058,0.006,0.786,0.027
5,0.0,0.003,0.07,0.012,0.013,0.837,0.065
6,0.0,0.135,0.38,0.009,0.005,0.46,0.01
7,0.0,0.003,0.015,0.031,0.004,0.912,0.034
8,0.0,0.003,0.259,0.032,0.028,0.67,0.007
9,0.08,0.017,0.587,0.007,0.017,0.346,0.025
10,0.01,0.004,0.571,0.014,0.017,0.386,0.009
11,0.0,0.001,0.678,0.005,0.008,0.304,0.004
12,0.0,0.003,0.056,0.008,0.003,0.918,0.012
13,0.0,0.015,0.039,0.054,0.004,0.826,0.062
14,0.0,0.216,0.043,0.012,0.004,0.008,0.717
15,0.0,0.002,0.004,0.012,0.009,0.019,0.954
16,0.05,0.002,0.003,0.203,0.011,0.007,0.774
17,0.01,0.006,0.003,0.024,0.003,0.002,0.962
18,0.03,0.018,0.007,0.007,0.014,0.015,0.94
19,0.04,0.215,0.004,0.053,0.012,0.004,0.713
20,0.02,0.204,0.004,0.011,0.017,0.003,0.761
21,0.01,0.001,0.01,0.012,0.006,0.005,0.965
22,0.05,0.057,0.003,0.036,0.004,0.008,0.892
23,0.08,0.237,0.004,0.007,0.144,0.004,0.604
24,0.01,0.002,0.044,0.006,0.013,0.03,0.905
25,0.01,0.003,0.006,0.078,0.017,0.006,0.89
26,0.0,0.002,0.012,0.094,0.028,0.008,0.856
27,0.0,0.003,0.003,0.02,0.005,0.007,0.961
28,0.0,0.004,0.003,0.295,0.017,0.006,0.675
29,0.01,0.002,0.033,0.491,0.035,0.013,0.426
30,0.07,0.009,0.011,0.752,0.034,0.02,0.173
31,0.15,0.01,0.008,0.135,0.279,0.011,0.558
32,0.08,0.002,0.015,0.628,0.068,0.011,0.276
33,0.0,0.003,0.005,0.977,0.006,0.003,0.006
34,0.0,0.002,0.03,0.464,0.053,0.041,0.411
35,0.04,0.049,0.003,0.931,0.007,0.005,0.006
36,0.06,0.003,0.01,0.934,0.014,0.003,0.036
37,0.02,0.001,0.008,0.951,0.007,0.016,0.017
38,0.0,0.019,0.013,0.932,0.007,0.004,0.026
39,0.05,0.197,0.793,0.002,0.004,0.002,0.002
40,0.02,0.002,0.981,0.003,0.004,0.005,0.004
41,0.0,0.002,0.986,0.004,0.004,0.001,0.003
42,0.08,0.003,0.839,0.003,0.147,0.003,0.005
43,0.01,0.071,0.915,0.003,0.003,0.003,0.005
44,0.55,0.005,0.211,0.099,0.637,0.026,0.022
45,0.02,0.014,0.947,0.004,0.003,0.011,0.021
46,0.0,0.002,0.981,0.004,0.004,0.005,0.004
47,0.01,0.012,0.965,0.007,0.009,0.003,0.005
48,0.14,0.002,0.88,0.079,0.012,0.01,0.017
49,0.01,0.003,0.969,0.01,0.003,0.005,0.011
50,0.06,0.003,0.96,0.007,0.018,0.004,0.009
51,0.01,0.281,0.592,0.003,0.003,0.118,0.003
52,0.0,0.032,0.921,0.035,0.003,0.004,0.006
53,0.07,0.313,0.455,0.008,0.005,0.217,0.003
54,0.06,0.329,0.548,0.013,0.007,0.093,0.01
55,0.13,0.332,0.007,0.038,0.24,0.012,0.371
56,0.0,0.002,0.615,0.005,0.025,0.349,0.005
57,0.0,0.143,0.845,0.004,0.002,0.002,0.003
58,0.03,0.005,0.957,0.007,0.012,0.004,0.015
59,0.04,0.012,0.003,0.01,0.262,0.035,0.678
60,0.05,0.003,0.006,0.003,0.236,0.004,0.748
61,0.08,0.349,0.002,0.005,0.067,0.005,0.571
62,0.05,0.312,0.005,0.006,0.208,0.012,0.457
63,0.0,0.403,0.008,0.008,0.006,0.003,0.572
64,0.0,0.365,0.003,0.043,0.113,0.008,0.469
65,0.05,0.17,0.005,0.008,0.049,0.002,0.766
66,0.07,0.012,0.014,0.025,0.243,0.019,0.687
67,0.03,0.002,0.003,0.147,0.005,0.668,0.174
68,0.04,0.07,0.005,0.31,0.012,0.59,0.014
69,0.01,0.005,0.135,0.016,0.017,0.813,0.013
70,0.23,0.009,0.008,0.036,0.304,0.615,0.027
71,0.0,0.023,0.003,0.014,0.011,0.921,0.028
72,0.02,0.153,0.008,0.004,0.007,0.822,0.005
73,0.0,0.006,0.002,0.35,0.002,0.63,0.01
74,0.0,0.007,0.027,0.006,0.002,0.864,0.094
75,0.0,0.145,0.14,0.012,0.003,0.689,0.011
76,0.0,0.231,0.004,0.224,0.002,0.527,0.012
77,0.01,0.001,0.004,0.867,0.009,0.007,0.112
78,0.0,0.016,0.003,0.653,0.004,0.015,0.309
79,0.01,0.006,0.006,0.775,0.108,0.008,0.098
80,0.0,0.069,0.003,0.881,0.005,0.003,0.04
81,0.03,0.002,0.014,0.97,0.003,0.002,0.008
82,0.0,0.002,0.003,0.903,0.002,0.007,0.082
83,0.0,0.02,0.003,0.897,0.003,0.003,0.074
84,0.0,0.223,0.002,0.551,0.007,0.003,0.214
85,0.03,0.003,0.003,0.953,0.027,0.005,0.01
86,0.05,0.006,0.012,0.805,0.087,0.007,0.082
87,0.06,0.005,0.015,0.664,0.041,0.022,0.253
88,0.02,0.091,0.038,0.854,0.004,0.007,0.006
89,0.03,0.002,0.005,0.877,0.007,0.018,0.091
90,0.05,0.004,0.023,0.462,0.028,0.011,0.471
91,0.0,0.005,0.007,0.969,0.007,0.003,0.009
92,0.01,0.195,0.012,0.613,0.067,0.005,0.109
93,0.02,0.002,0.003,0.592,0.202,0.016,0.184
94,0.02,0.008,0.011,0.595,0.177,0.057,0.152
95,0.0,0.353,0.004,0.612,0.005,0.014,0.012
96,0.0,0.006,0.005,0.739,0.125,0.111,0.014
97,0.02,0.004,0.005,0.627,0.05,0.021,0.293
98,0.02,0.004,0.02,0.715,0.155,0.031,0.075
99,0.24,0.244,0.005,0.316,0.382,0.044,0.009
100,0.03,0.396,0.019,0.48,0.073,0.008,0.024
101,0.43,0.003,0.142,0.015,0.228,0.605,0.006
102,0.07,0.003,0.071,0.007,0.159,0.749,0.011
103,0.03,0.003,0.252,0.01,0.024,0.696,0.014
104,0.07,0.325,0.048,0.009,0.003,0.607,0.008
105,0.04,0.034,0.685,0.007,0.007,0.262,0.005
106,0.01,0.299,0.003,0.003,0.003,0.686,0.005
107,0.06,0.002,0.545,0.006,0.091,0.352,0.004
108,0.08,0.004,0.584,0.006,0.048,0.35,0.008
109,0.09,0.004,0.072,0.051,0.037,0.812,0.025
110,0.17,0.005,0.127,0.01,0.068,0.785,0.005
111,0.54,0.016,0.008,0.008,0.299,0.659,0.01
112,0.02,0.002,0.17,0.017,0.025,0.778,0.008
113,0.06,0.002,0.036,0.004,0.009,0.945,0.004
114,0.09,0.291,0.002,0.002,0.002,0.7,0.003
115,0.03,0.002,0.077,0.022,0.023,0.846,0.031
116,0.01,0.002,0.16,0.01,0.015,0.772,0.041
117,0.03,0.002,0.263,0.008,0.058,0.659,0.01
118,0.15,0.12,0.002,0.004,0.011,0.824,0.038
119,0.19,0.003,0.018,0.004,0.104,0.856,0.015
120,0.0,0.002,0.272,0.003,0.008,0.711,0.004
121,0.0,0.003,0.457,0.014,0.003,0.514,0.009
122,0.07,0.007,0.023,0.08,0.146,0.724,0.019
123,0.0,0.27,0.141,0.003,0.002,0.582,0.002
124,0.0,0.003,0.584,0.015,0.025,0.368,0.005
125,0.03,0.004,0.135,0.017,0.057,0.779,0.008
126,0.01,0.003,0.185,0.068,0.044,0.675,0.026
127,0.04,0.002,0.118,0.004,0.128,0.738,0.011
128,0.16,0.225,0.04,0.149,0.134,0.036,0.417
129,0.43,0.008,0.017,0.124,0.445,0.011,0.395
130,0.17,0.012,0.011,0.034,0.337,0.014,0.592
131,0.11,0.312,0.003,0.004,0.045,0.005,0.63
132,0.14,0.126,0.016,0.267,0.1,0.027,0.465
133,0.05,0.007,0.049,0.004,0.17,0.005,0.766
134,0.02,0.001,0.009,0.156,0.028,0.01,0.795
135,0.37,0.111,0.808,0.005,0.061,0.005,0.01
136,0.25,0.212,0.397,0.021,0.224,0.011,0.135
137,0.42,0.006,0.235,0.03,0.491,0.039,0.2
138,0.12,0.012,0.031,0.011,0.233,0.71,0.004
139,0.03,0.002,0.1,0.012,0.054,0.824,0.008
140,0.03,0.002,0.005,0.086,0.032,0.666,0.209
141,0.1,0.016,0.002,0.274,0.068,0.632,0.007
142,0.03,0.269,0.002,0.045,0.007,0.511,0.166
143,0.09,0.004,0.005,0.361,0.039,0.568,0.023
144,0.15,0.002,0.01,0.344,0.032,0.608,0.004
145,0.12,0.002,0.004,0.255,0.26,0.47,0.008
146,0.3,0.002,0.002,0.206,0.181,0.508,0.101
147,0.51,0.005,0.374,0.007,0.558,0.038,0.019
148,0.0,0.001,0.984,0.004,0.006,0.003,0.003
149,0.0,0.002,0.971,0.004,0.012,0.003,0.009
150,0.0,0.218,0.776,0.001,0.001,0.001,0.001
151,0.03,0.005,0.921,0.023,0.024,0.021,0.005
152,0.0,0.002,0.96,0.005,0.002,0.025,0.005
153,0.01,0.001,0.985,0.002,0.005,0.005,0.003
154,0.0,0.003,0.375,0.393,0.113,0.059,0.056
155,0.0,0.002,0.19,0.197,0.081,0.25,0.281
156,0.31,0.004,0.272,0.043,0.484,0.051,0.147
157,0.14,0.012,0.164,0.033,0.417,0.109,0.265
158,0.19,0.256,0.184,0.025,0.457,0.019,0.059
159,0.39,0.007,0.208,0.011,0.687,0.018,0.068
160,0.01,0.003,0.192,0.083,0.362,0.039,0.321
161,0.03,0.007,0.143,0.012,0.254,0.004,0.58
162,0.08,0.366,0.138,0.018,0.364,0.004,0.109
163,0.12,0.005,0.196,0.012,0.524,0.184,0.078
164,0.1,0.004,0.082,0.201,0.349,0.017,0.347
165,0.13,0.002,0.168,0.24,0.573,0.005,0.012
166,0.47,0.146,0.014,0.01,0.788,0.008,0.034
167,0.85,0.094,0.029,0.033,0.786,0.017,0.041
168,0.1,0.003,0.024,0.362,0.454,0.038,0.119
169,0.17,0.003,0.023,0.006,0.468,0.1,0.4
170,0.04,0.368,0.005,0.022,0.014,0.527,0.063
171,0.03,0.076,0.12,0.004,0.005,0.789,0.006
172,0.09,0.003,0.018,0.031,0.032,0.882,0.034
173,0.02,0.003,0.015,0.007,0.011,0.823,0.14
174,0.0,0.211,0.018,0.003,0.004,0.739,0.025
175,0.08,0.002,0.006,0.004,0.098,0.822,0.068
176,0.0,0.021,0.113,0.275,0.006,0.492,0.094
177,0.01,0.027,0.11,0.004,0.086,0.759,0.014
178,0.0,0.002,0.069,0.016,0.004,0.907,0.002
179,0.0,0.377,0.005,0.023,0.004,0.552,0.039
180,0.02,0.055,0.017,0.032,0.009,0.872,0.015
181,0.0,0.005,0.563,0.007,0.007,0.385,0.033
182,0.0,0.022,0.007,0.098,0.007,0.724,0.143
183,0.01,0.245,0.01,0.005,0.003,0.734,0.003
184,0.2,0.014,0.008,0.153,0.235,0.579,0.011
185,0.0,0.008,0.037,0.023,0.014,0.886,0.032
186,0.02,0.339,0.008,0.069,0.003,0.573,0.008
187,0.01,0.003,0.018,0.383,0.016,0.54,0.04
188,0.12,0.003,0.005,0.146,0.109,0.7,0.037
189,0.0,0.002,0.026,0.073,0.003,0.62,0.276
190,0.0,0.003,0.002,0.004,0.004,0.985,0.003
191,0.05,0.002,0.036,0.096,0.068,0.626,0.172
192,0.11,0.274,0.003,0.003,0.007,0.71,0.003
193,0.14,0.007,0.009,0.159,0.018,0.77,0.037
194,0.02,0.003,0.004,0.204,0.01,0.773,0.006
195,0.07,0.002,0.091,0.009,0.011,0.882,0.005
196,0.03,0.331,0.004,0.034,0.017,0.607,0.006
197,0.05,0.002,0.002,0.006,0.006,0.979,0.005
198,0.09,0.008,0.015,0.035,0.062,0.829,0.052
199,0.01,0.003,0.007,0.01,0.011,0.966,0.003
200,0.09,0.28,0.003,0.122,0.015,0.574,0.006
201,0.07,0.002,0.006,0.015,0.118,0.85,0.008
202,0.01,0.003,0.012,0.28,0.015,0.671,0.019
203,0.06,0.018,0.005,0.032,0.099,0.831,0.015
204,0.0,0.002,0.105,0.016,0.013,0.857,0.007
205,0.0,0.127,0.002,0.143,0.005,0.705,0.017
206,0.0,0.001,0.002,0.34,0.005,0.64,0.012
207,0.03,0.002,0.002,0.006,0.007,0.977,0.006
208,0.13,0.007,0.103,0.029,0.165,0.669,0.026
209,0.02,0.041,0.011,0.015,0.019,0.906,0.007
210,0.07,0.001,0.006,0.005,0.016,0.968,0.004
211,0.02,0.011,0.022,0.01,0.015,0.934,0.008
212,0.08,0.004,0.004,0.221,0.048,0.662,0.061
213,0.17,0.007,0.007,0.003,0.347,0.631,0.006
214,0.06,0.003,0.152,0.005,0.273,0.012,0.555
215,0.0,0.004,0.236,0.041,0.202,0.009,0.508
216,0.04,0.102,0.884,0.004,0.003,0.003,0.005
217,0.02,0.01,0.831,0.024,0.008,0.01,0.118
218,0.12,0.004,0.176,0.019,0.063,0.73,0.008
219,0.13,0.056,0.259,0.012,0.128,0.535,0.011
220,0.49,0.148,0.007,0.02,0.611,0.018,0.196
221,0.12,0.001,0.016,0.097,0.197,0.005,0.684
222,0.02,0.014,0.003,0.169,0.027,0.005,0.782
223,0.06,0.002,0.003,0.011,0.199,0.013,0.773
224,0.21,0.005,0.009,0.027,0.158,0.009,0.792
225,0.02,0.003,0.007,0.018,0.035,0.018,0.919
226,0.05,0.002,0.006,0.005,0.223,0.011,0.753
227,0.45,0.004,0.009,0.072,0.502,0.178,0.234
228,0.48,0.121,0.006,0.01,0.442,0.015,0.407
229,0.0,0.005,0.002,0.599,0.015,0.027,0.353
230,0.02,0.003,0.074,0.177,0.003,0.008,0.735
231,0.0,0.035,0.009,0.629,0.095,0.096,0.136
232,0.0,0.005,0.006,0.16,0.085,0.013,0.732
233,0.03,0.002,0.005,0.16,0.102,0.009,0.722
234,0.01,0.135,0.008,0.012,0.116,0.017,0.711
235,0.25,0.004,0.074,0.171,0.207,0.033,0.51
236,0.02,0.002,0.003,0.011,0.014,0.014,0.957
237,0.21,0.002,0.007,0.024,0.393,0.013,0.561
238,0.11,0.019,0.046,0.232,0.076,0.011,0.617
239,0.0,0.004,0.007,0.075,0.01,0.009,0.896
240,0.62,0.16,0.005,0.02,0.739,0.008,0.069
241,0.08,0.003,0.002,0.004,0.208,0.016,0.767
242,0.07,0.004,0.002,0.092,0.061,0.003,0.837
243,0.04,0.215,0.005,0.005,0.006,0.003,0.767
244,0.18,0.003,0.01,0.009,0.179,0.006,0.792
245,0.38,0.003,0.008,0.014,0.339,0.037,0.598
246,0.07,0.109,0.011,0.047,0.116,0.2,0.517
247,0.55,0.221,0.006,0.007,0.505,0.013,0.248
248,0.01,0.002,0.01,0.012,0.162,0.01,0.804
249,0.0,0.007,0.024,0.036,0.096,0.019,0.818
250,0.07,0.003,0.004,0.025,0.23,0.009,0.729
251,0.01,0.006,0.005,0.09,0.272,0.009,0.618
252,0.04,0.005,0.002,0.025,0.037,0.022,0.908
253,0.08,0.002,0.004,0.055,0.083,0.085,0.771
254,0.36,0.006,0.012,0.162,0.588,0.006,0.226
255,0.09,0.004,0.004,0.475,0.141,0.01,0.366
256,0.72,0.004,0.006,0.011,0.768,0.09,0.122
257,0.01,0.003,0.011,0.168,0.186,0.011,0.621
258,0.0,0.002,0.055,0.114,0.164,0.003,0.662
259,0.0,0.069,0.011,0.046,0.021,0.007,0.846
260,0.0,0.003,0.004,0.146,0.008,0.013,0.827
261,0.01,0.002,0.006,0.093,0.03,0.011,0.858
262,0.03,0.01,0.002,0.197,0.079,0.007,0.706
263,0.29,0.184,0.009,0.018,0.37,0.007,0.411
264,0.0,0.002,0.111,0.023,0.112,0.012,0.74
265,0.0,0.002,0.003,0.332,0.029,0.005,0.629
266,0.07,0.003,0.008,0.02,0.047,0.023,0.899
267,0.4,0.006,0.016,0.008,0.436,0.531,0.004
268,0.72,0.004,0.133,0.007,0.632,0.195,0.029
269,0.02,0.013,0.008,0.081,0.018,0.607,0.273
270,0.68,0.002,0.007,0.05,0.724,0.208,0.009
271,0.49,0.004,0.005,0.018,0.575,0.375,0.023
272,0.18,0.002,0.008,0.64,0.085,0.243,0.022
273,0.07,0.009,0.004,0.2,0.007,0.772,0.008
274,0.7,0.166,0.17,0.019,0.508,0.132,0.006
275,0.02,0.007,0.002,0.204,0.006,0.722,0.059
276,0.7,0.004,0.008,0.004,0.52,0.457,0.008
277,0.04,0.003,0.016,0.865,0.016,0.015,0.085
278,0.02,0.005,0.004,0.402,0.219,0.006,0.365
279,0.04,0.125,0.705,0.003,0.008,0.15,0.009
280,0.0,0.003,0.016,0.004,0.003,0.748,0.226
281,0.02,0.009,0.008,0.004,0.005,0.775,0.199
282,0.04,0.114,0.03,0.006,0.006,0.834,0.01
283,0.22,0.173,0.057,0.004,0.051,0.708,0.005
284,0.0,0.012,0.136,0.085,0.121,0.095,0.552
285,0.72,0.009,0.031,0.029,0.642,0.076,0.212
286,0.01,0.173,0.008,0.045,0.14,0.01,0.623
287,0.0,0.008,0.128,0.032,0.017,0.019,0.797
288,0.0,0.197,0.719,0.003,0.003,0.074,0.003
289,0.0,0.039,0.932,0.008,0.002,0.008,0.011
290,0.0,0.005,0.004,0.221,0.005,0.457,0.308
291,0.0,0.004,0.949,0.011,0.006,0.007,0.023
292,0.0,0.001,0.989,0.002,0.002,0.005,0.001
293,0.0,0.005,0.785,0.028,0.014,0.157,0.011
294,0.0,0.002,0.002,0.108,0.004,0.563,0.321
295,0.0,0.066,0.006,0.191,0.327,0.015,0.395
296,0.37,0.005,0.025,0.065,0.702,0.013,0.191
297,0.5,0.003,0.015,0.042,0.93,0.005,0.006
298,0.01,0.002,0.005,0.107,0.527,0.006,0.353
299,0.0,0.002,0.003,0.055,0.424,0.008,0.508
300,0.2,0.084,0.003,0.215,0.488,0.168,0.041
301,0.54,0.093,0.116,0.009,0.758,0.015,0.008
302,0.04,0.002,0.02,0.337,0.612,0.01,0.019
303,0.56,0.005,0.026,0.047,0.86,0.049,0.013
304,0.82,0.006,0.021,0.018,0.921,0.013,0.021
305,0.01,0.005,0.005,0.238,0.709,0.015,0.027
306,0.12,0.002,0.003,0.266,0.691,0.023,0.014
307,0.1,0.004,0.041,0.012,0.654,0.01,0.279
308,0.23,0.066,0.01,0.233,0.675,0.005,0.011
309,0.1,0.019,0.053,0.01,0.496,0.022,0.4
310,0.04,0.003,0.044,0.369,0.558,0.005,0.022
311,0.03,0.003,0.006,0.217,0.469,0.008,0.298
312,0.1,0.012,0.004,0.47,0.5,0.007,0.008
313,0.03,0.002,0.011,0.298,0.598,0.082,0.009
314,0.02,0.002,0.94,0.008,0.032,0.012,0.006
315,0.46,0.149,0.806,0.005,0.035,0.002,0.003
316,0.05,0.003,0.883,0.007,0.078,0.01,0.02
317,0.44,0.213,0.685,0.005,0.04,0.053,0.004
318,0.02,0.002,0.973,0.006,0.008,0.009,0.002
319,0.03,0.002,0.971,0.003,0.018,0.003,0.004
320,0.06,0.003,0.652,0.005,0.107,0.225,0.008
321,0.0,0.004,0.916,0.037,0.014,0.018,0.011
322,0.02,0.002,0.964,0.015,0.006,0.008,0.005
