,prop_missing,prop_1,prop_2,prop_3
0,0.02,0.072,0.613,0.315
1,0.02,0.02,0.118,0.862
2,0.03,0.004,0.189,0.806
3,0.0,0.005,0.607,0.388
4,0.0,0.019,0.072,0.908
5,0.0,0.021,0.045,0.934
6,0.0,0.02,0.415,0.565
7,0.0,0.008,0.005,0.987
8,0.0,0.008,0.252,0.741
9,0.08,0.017,0.618,0.365
10,0.01,0.009,0.579,0.412
11,0.0,0.004,0.699,0.297
12,0.0,0.004,0.017,0.98
13,0.0,0.026,0.024,0.949
14,0.0,0.894,0.08,0.025
15,0.0,0.987,0.003,0.01
16,0.05,0.993,0.002,0.005
17,0.01,0.995,0.003,0.002
18,0.03,0.971,0.006,0.022
19,0.04,0.989,0.006,0.004
20,0.02,0.992,0.004,0.004
21,0.01,0.985,0.01,0.005
22,0.05,0.991,0.004,0.005
23,0.08,0.986,0.009,0.005
24,0.01,0.935,0.047,0.018
25,0.01,0.99,0.005,0.005
26,0.0,0.988,0.006,0.007
27,0.0,0.99,0.003,0.007
28,0.0,0.993,0.002,0.004
29,0.01,0.961,0.026,0.013
30,0.07,0.945,0.011,0.044
31,0.15,0.986,0.006,0.008
32,0.08,0.972,0.011,0.016
33,0.0,0.987,0.007,0.006
34,0.0,0.936,0.026,0.039
35,0.04,0.972,0.012,0.016
36,0.06,0.988,0.007,0.005
37,0.02,0.97,0.011,0.02
38,0.0,0.969,0.017,0.014
39,0.05,0.01,0.982,0.008
40,0.02,0.002,0.996,0.002
41,0.0,0.002,0.997,0.002
42,0.08,0.02,0.977,0.004
43,0.01,0.005,0.991,0.004
44,0.55,0.713,0.263,0.025
45,0.02,0.004,0.987,0.008
46,0.0,0.002,0.996,0.002
47,0.01,0.004,0.994,0.002
48,0.14,0.034,0.95,0.016
49,0.01,0.004,0.993,0.003
50,0.06,0.005,0.992,0.002
51,0.01,0.007,0.683,0.31
52,0.0,0.008,0.988,0.004
53,0.07,0.013,0.55,0.437
54,0.06,0.125,0.642,0.232
55,0.13,0.946,0.023,0.032
56,0.0,0.004,0.632,0.364
57,0.0,0.009,0.986,0.005
58,0.03,0.005,0.991,0.004
59,0.04,0.967,0.004,0.03
60,0.05,0.99,0.007,0.003
61,0.08,0.969,0.003,0.028
62,0.05,0.942,0.008,0.049
63,0.0,0.932,0.057,0.011
64,0.0,0.96,0.005,0.036
65,0.05,0.992,0.005,0.003
66,0.07,0.975,0.009,0.016
67,0.03,0.265,0.002,0.733
68,0.04,0.276,0.005,0.719
69,0.01,0.009,0.097,0.894
70,0.23,0.286,0.007,0.707
71,0.0,0.006,0.002,0.992
72,0.02,0.007,0.004,0.989
73,0.0,0.253,0.002,0.745
74,0.0,0.005,0.012,0.983
75,0.0,0.004,0.138,0.858
76,0.0,0.272,0.006,0.722
77,0.01,0.989,0.005,0.006
78,0.0,0.961,0.004,0.034
79,0.01,0.985,0.006,0.009
80,0.0,0.991,0.004,0.005
81,0.03,0.968,0.029,0.003
82,0.0,0.98,0.003,0.018
83,0.0,0.992,0.003,0.005
84,0.0,0.986,0.003,0.011
85,0.03,0.988,0.003,0.008
86,0.05,0.987,0.005,0.008
87,0.06,0.967,0.013,0.021
88,0.02,0.919,0.051,0.03
89,0.03,0.981,0.004,0.015
90,0.05,0.975,0.016,0.009
91,0.0,0.987,0.007,0.006
92,0.01,0.973,0.021,0.006
93,0.02,0.964,0.004,0.032
94,0.02,0.889,0.005,0.106
95,0.0,0.84,0.01,0.15
96,0.0,0.825,0.003,0.172
97,0.02,0.979,0.003,0.018
98,0.02,0.916,0.021,0.063
99,0.24,0.831,0.008,0.161
100,0.03,0.929,0.029,0.042
101,0.43,0.022,0.185,0.793
102,0.07,0.013,0.079,0.908
103,0.03,0.004,0.236,0.759
104,0.07,0.023,0.12,0.858
105,0.04,0.003,0.726,0.271
106,0.01,0.021,0.002,0.977
107,0.06,0.006,0.59,0.404
108,0.08,0.016,0.614,0.37
109,0.09,0.023,0.041,0.937
110,0.17,0.011,0.084,0.905
111,0.54,0.038,0.021,0.941
112,0.02,0.011,0.138,0.851
113,0.06,0.002,0.012,0.986
114,0.09,0.007,0.002,0.991
115,0.03,0.016,0.039,0.945
116,0.01,0.012,0.131,0.857
117,0.03,0.006,0.264,0.73
118,0.15,0.017,0.003,0.98
119,0.19,0.011,0.014,0.976
120,0.0,0.004,0.246,0.75
121,0.0,0.004,0.457,0.539
122,0.07,0.149,0.012,0.839
123,0.0,0.003,0.175,0.822
124,0.0,0.006,0.604,0.39
125,0.03,0.007,0.114,0.879
126,0.01,0.029,0.174,0.797
127,0.04,0.014,0.102,0.884
128,0.16,0.899,0.061,0.04
129,0.43,0.977,0.012,0.011
130,0.17,0.984,0.004,0.012
131,0.11,0.985,0.006,0.01
132,0.14,0.965,0.015,0.02
133,0.05,0.945,0.051,0.004
134,0.02,0.986,0.007,0.007
135,0.37,0.046,0.944,0.01
136,0.25,0.509,0.481,0.01
137,0.42,0.68,0.298,0.022
138,0.12,0.038,0.067,0.895
139,0.03,0.012,0.063,0.926
140,0.03,0.275,0.003,0.722
141,0.1,0.239,0.002,0.759
142,0.03,0.33,0.002,0.668
143,0.09,0.337,0.005,0.658
144,0.15,0.232,0.012,0.756
145,0.12,0.408,0.004,0.589
146,0.3,0.441,0.001,0.558
147,0.51,0.453,0.511,0.036
148,0.0,0.002,0.996,0.002
149,0.0,0.003,0.994,0.002
150,0.0,0.008,0.986,0.007
151,0.03,0.014,0.978,0.008
152,0.0,0.003,0.989,0.008
153,0.01,0.002,0.995,0.003
154,0.0,0.571,0.387,0.042
155,0.0,0.553,0.182,0.264
156,0.31,0.646,0.328,0.026
157,0.14,0.751,0.199,0.05
158,0.19,0.737,0.233,0.03
159,0.39,0.724,0.256,0.02
160,0.01,0.758,0.218,0.025
161,0.03,0.843,0.153,0.004
162,0.08,0.749,0.212,0.039
163,0.12,0.604,0.214,0.182
164,0.1,0.862,0.114,0.024
165,0.13,0.777,0.212,0.01
166,0.47,0.953,0.031,0.016
167,0.85,0.887,0.089,0.024
168,0.1,0.941,0.025,0.034
169,0.17,0.828,0.051,0.122
170,0.04,0.282,0.009,0.709
171,0.03,0.004,0.091,0.905
172,0.09,0.017,0.008,0.975
173,0.02,0.025,0.011,0.964
174,0.0,0.018,0.025,0.957
175,0.08,0.026,0.005,0.97
176,0.0,0.328,0.092,0.58
177,0.01,0.012,0.103,0.885
178,0.0,0.005,0.022,0.974
179,0.0,0.256,0.007,0.737
180,0.02,0.015,0.011,0.974
181,0.0,0.008,0.576,0.416
182,0.0,0.162,0.008,0.831
183,0.01,0.007,0.009,0.983
184,0.2,0.275,0.01,0.715
185,0.0,0.006,0.014,0.979
186,0.02,0.166,0.01,0.823
187,0.01,0.377,0.009,0.614
188,0.12,0.184,0.004,0.812
189,0.0,0.259,0.022,0.719
190,0.0,0.002,0.001,0.997
191,0.05,0.261,0.021,0.718
192,0.11,0.012,0.006,0.982
193,0.14,0.064,0.01,0.927
194,0.02,0.057,0.005,0.938
195,0.07,0.006,0.034,0.96
196,0.03,0.174,0.013,0.813
197,0.05,0.003,0.002,0.995
198,0.09,0.032,0.009,0.959
199,0.01,0.003,0.003,0.994
200,0.09,0.222,0.002,0.775
201,0.07,0.008,0.005,0.988
202,0.01,0.231,0.003,0.766
203,0.06,0.025,0.003,0.972
204,0.0,0.007,0.057,0.935
205,0.0,0.115,0.002,0.883
206,0.0,0.25,0.002,0.749
207,0.03,0.002,0.001,0.997
208,0.13,0.082,0.113,0.805
209,0.02,0.005,0.003,0.992
210,0.07,0.003,0.003,0.994
211,0.02,0.004,0.007,0.988
212,0.08,0.268,0.004,0.728
213,0.17,0.128,0.013,0.859
214,0.06,0.817,0.176,0.007
215,0.0,0.753,0.24,0.007
216,0.04,0.009,0.987,0.004
217,0.02,0.082,0.9,0.018
218,0.12,0.005,0.168,0.827
219,0.13,0.039,0.296,0.664
220,0.49,0.97,0.006,0.023
221,0.12,0.979,0.017,0.003
222,0.02,0.996,0.002,0.002
223,0.06,0.991,0.003,0.006
224,0.21,0.988,0.004,0.008
225,0.02,0.979,0.009,0.012
226,0.05,0.987,0.007,0.006
227,0.45,0.782,0.007,0.211
228,0.48,0.973,0.011,0.016
229,0.0,0.976,0.002,0.022
230,0.02,0.917,0.074,0.009
231,0.0,0.903,0.006,0.091
232,0.0,0.984,0.008,0.009
233,0.03,0.99,0.003,0.007
234,0.01,0.984,0.005,0.011
235,0.25,0.9,0.075,0.025
236,0.02,0.989,0.002,0.009
237,0.21,0.985,0.004,0.011
238,0.11,0.958,0.03,0.012
239,0.0,0.984,0.009,0.007
240,0.62,0.979,0.008,0.013
241,0.08,0.988,0.004,0.008
242,0.07,0.996,0.002,0.002
243,0.04,0.993,0.004,0.003
244,0.18,0.985,0.009,0.007
245,0.38,0.967,0.017,0.016
246,0.07,0.776,0.007,0.217
247,0.55,0.923,0.018,0.059
248,0.01,0.987,0.007,0.006
249,0.0,0.968,0.024,0.008
250,0.07,0.991,0.003,0.006
251,0.01,0.989,0.004,0.007
252,0.04,0.985,0.002,0.013
253,0.08,0.941,0.003,0.057
254,0.36,0.975,0.021,0.004
255,0.09,0.985,0.007,0.008
256,0.72,0.901,0.007,0.092
257,0.01,0.978,0.013,0.009
258,0.0,0.946,0.051,0.003
259,0.0,0.983,0.012,0.006
260,0.0,0.988,0.002,0.01
261,0.01,0.984,0.006,0.011
262,0.03,0.991,0.003,0.006
263,0.29,0.983,0.009,0.008
264,0.0,0.899,0.092,0.008
265,0.0,0.992,0.003,0.005
266,0.07,0.981,0.009,0.01
267,0.4,0.163,0.043,0.795
268,0.72,0.433,0.234,0.333
269,0.02,0.326,0.004,0.67
270,0.68,0.649,0.009,0.341
271,0.49,0.493,0.01,0.497
272,0.18,0.696,0.007,0.297
273,0.07,0.037,0.005,0.958
274,0.7,0.213,0.363,0.424
275,0.02,0.183,0.002,0.815
276,0.7,0.048,0.012,0.94
277,0.04,0.962,0.014,0.025
278,0.02,0.988,0.005,0.007
279,0.04,0.006,0.772,0.222
280,0.0,0.04,0.025,0.935
281,0.02,0.024,0.008,0.968
282,0.04,0.007,0.014,0.98
283,0.22,0.009,0.08,0.911
284,0.0,0.779,0.142,0.079
285,0.72,0.857,0.034,0.109
286,0.01,0.976,0.012,0.012
287,0.0,0.882,0.103,0.015
288,0.0,0.004,0.81,0.186
289,0.0,0.003,0.99,0.007
290,0.0,0.476,0.003,0.521
291,0.0,0.005,0.989,0.006
292,0.0,0.001,0.997,0.002
293,0.0,0.011,0.817,0.172
294,0.0,0.383,0.001,0.616
295,0.0,0.986,0.009,0.005
296,0.37,0.969,0.021,0.01
297,0.5,0.911,0.077,0.013
298,0.01,0.992,0.005,0.003
299,0.0,0.992,0.003,0.005
300,0.2,0.739,0.005,0.256
301,0.54,0.817,0.158,0.025
302,0.04,0.953,0.038,0.009
303,0.56,0.808,0.053,0.139
304,0.82,0.936,0.039,0.025
305,0.01,0.981,0.011,0.009
306,0.12,0.963,0.004,0.033
307,0.1,0.915,0.078,0.007
308,0.23,0.97,0.02,0.01
309,0.1,0.877,0.106,0.017
310,0.04,0.942,0.053,0.005
311,0.03,0.987,0.008,0.005
312,0.1,0.985,0.006,0.009
313,0.03,0.91,0.025,0.065
314,0.02,0.005,0.987,0.009
315,0.46,0.005,0.993,0.003
316,0.05,0.016,0.975,0.009
317,0.44,0.014,0.809,0.177
318,0.02,0.002,0.994,0.004
319,0.03,0.003,0.995,0.002
320,0.06,0.019,0.714,0.267
321,0.0,0.018,0.967,0.015
322,0.02,0.005,0.991,0.004
