,prop_missing,prop_1,prop_2,prop_3,prop_4,prop_5
0,0.02,0.176,0.004,0.007,0.574,0.239
1,0.02,0.069,0.011,0.034,0.128,0.758
2,0.03,0.005,0.102,0.004,0.187,0.702
3,0.0,0.007,0.002,0.011,0.596,0.384
4,0.0,0.059,0.024,0.019,0.092,0.806
5,0.0,0.061,0.004,0.012,0.071,0.853
6,0.0,0.012,0.143,0.009,0.379,0.457
7,0.0,0.046,0.003,0.004,0.019,0.928
8,0.0,0.018,0.004,0.024,0.265,0.689
9,0.08,0.019,0.03,0.015,0.596,0.34
10,0.01,0.022,0.003,0.011,0.572,0.392
11,0.0,0.005,0.001,0.009,0.682,0.302
12,0.0,0.019,0.004,0.003,0.052,0.922
13,0.0,0.095,0.017,0.006,0.047,0.836
14,0.0,0.689,0.231,0.008,0.062,0.01
15,0.0,0.9,0.004,0.061,0.006,0.029
16,0.05,0.902,0.002,0.078,0.005,0.012
17,0.01,0.965,0.014,0.014,0.005,0.002
18,0.03,0.833,0.054,0.085,0.008,0.021
19,0.04,0.731,0.237,0.024,0.004,0.004
20,0.02,0.648,0.232,0.112,0.005,0.003
21,0.01,0.932,0.003,0.039,0.018,0.008
22,0.05,0.893,0.086,0.009,0.004,0.008
23,0.08,0.485,0.27,0.236,0.006,0.003
24,0.01,0.823,0.003,0.091,0.06,0.024
25,0.01,0.929,0.003,0.052,0.007,0.01
26,0.0,0.904,0.003,0.071,0.013,0.01
27,0.0,0.953,0.005,0.03,0.005,0.006
28,0.0,0.938,0.005,0.045,0.007,0.005
29,0.01,0.863,0.003,0.077,0.041,0.016
30,0.07,0.869,0.01,0.033,0.016,0.072
31,0.15,0.584,0.017,0.384,0.007,0.008
32,0.08,0.882,0.002,0.08,0.018,0.018
33,0.0,0.977,0.004,0.005,0.01,0.004
34,0.0,0.78,0.003,0.114,0.039,0.065
35,0.04,0.894,0.053,0.014,0.022,0.017
36,0.06,0.961,0.002,0.022,0.01,0.005
37,0.02,0.964,0.001,0.005,0.013,0.017
38,0.0,0.94,0.019,0.01,0.017,0.015
39,0.05,0.002,0.195,0.003,0.797,0.003
40,0.02,0.006,0.003,0.004,0.983,0.005
41,0.0,0.004,0.003,0.003,0.988,0.002
42,0.08,0.007,0.004,0.134,0.852,0.003
43,0.01,0.004,0.07,0.003,0.92,0.004
44,0.55,0.043,0.006,0.687,0.22,0.044
45,0.02,0.007,0.019,0.003,0.959,0.011
46,0.0,0.005,0.002,0.003,0.987,0.003
47,0.01,0.006,0.012,0.007,0.974,0.002
48,0.14,0.04,0.003,0.026,0.912,0.019
49,0.01,0.009,0.004,0.006,0.974,0.007
50,0.06,0.008,0.002,0.028,0.958,0.004
51,0.01,0.003,0.28,0.006,0.587,0.124
52,0.0,0.018,0.034,0.005,0.937,0.006
53,0.07,0.006,0.313,0.008,0.452,0.221
54,0.06,0.012,0.346,0.015,0.559,0.067
55,0.13,0.362,0.32,0.301,0.008,0.008
56,0.0,0.005,0.002,0.023,0.615,0.355
57,0.0,0.005,0.142,0.004,0.847,0.002
58,0.03,0.012,0.006,0.015,0.959,0.007
59,0.04,0.531,0.034,0.395,0.006,0.034
60,0.05,0.569,0.005,0.414,0.006,0.006
61,0.08,0.404,0.378,0.205,0.003,0.01
62,0.05,0.328,0.33,0.325,0.01,0.007
63,0.0,0.475,0.432,0.066,0.022,0.004
64,0.0,0.408,0.372,0.21,0.003,0.007
65,0.05,0.564,0.203,0.226,0.004,0.003
66,0.07,0.513,0.079,0.366,0.01,0.031
67,0.03,0.325,0.004,0.008,0.003,0.66
68,0.04,0.3,0.076,0.009,0.003,0.612
69,0.01,0.021,0.004,0.023,0.132,0.821
70,0.23,0.037,0.011,0.331,0.007,0.615
71,0.0,0.029,0.016,0.019,0.004,0.932
72,0.02,0.006,0.158,0.006,0.005,0.824
73,0.0,0.331,0.006,0.004,0.001,0.658
74,0.0,0.067,0.013,0.002,0.028,0.89
75,0.0,0.012,0.145,0.007,0.131,0.706
76,0.0,0.198,0.241,0.002,0.003,0.556
77,0.01,0.971,0.001,0.009,0.006,0.013
78,0.0,0.945,0.014,0.005,0.005,0.031
79,0.01,0.855,0.006,0.109,0.01,0.019
80,0.0,0.916,0.071,0.006,0.004,0.004
81,0.03,0.946,0.002,0.006,0.042,0.004
82,0.0,0.977,0.003,0.003,0.005,0.012
83,0.0,0.967,0.016,0.005,0.007,0.005
84,0.0,0.77,0.215,0.009,0.002,0.004
85,0.03,0.947,0.003,0.036,0.004,0.011
86,0.05,0.861,0.005,0.111,0.012,0.012
87,0.06,0.87,0.009,0.072,0.016,0.032
88,0.02,0.837,0.095,0.006,0.037,0.024
89,0.03,0.959,0.002,0.005,0.006,0.027
90,0.05,0.871,0.007,0.072,0.035,0.015
91,0.0,0.963,0.008,0.007,0.015,0.008
92,0.01,0.687,0.19,0.098,0.019,0.007
93,0.02,0.719,0.002,0.229,0.004,0.045
94,0.02,0.678,0.008,0.187,0.01,0.117
95,0.0,0.6,0.341,0.006,0.006,0.047
96,0.0,0.713,0.004,0.078,0.005,0.2
97,0.02,0.866,0.004,0.093,0.007,0.03
98,0.02,0.755,0.004,0.137,0.025,0.08
99,0.24,0.308,0.228,0.403,0.009,0.052
100,0.03,0.547,0.383,0.04,0.024,0.006
101,0.43,0.013,0.004,0.216,0.142,0.625
102,0.07,0.007,0.003,0.178,0.065,0.747
103,0.03,0.012,0.004,0.039,0.242,0.703
104,0.07,0.009,0.326,0.003,0.055,0.607
105,0.04,0.005,0.037,0.004,0.689,0.265
106,0.01,0.004,0.302,0.005,0.003,0.685
107,0.06,0.007,0.002,0.109,0.535,0.347
108,0.08,0.01,0.004,0.056,0.583,0.347
109,0.09,0.022,0.003,0.059,0.078,0.838
110,0.17,0.006,0.006,0.067,0.115,0.805
111,0.54,0.008,0.02,0.28,0.01,0.682
112,0.02,0.024,0.003,0.031,0.161,0.781
113,0.06,0.005,0.002,0.009,0.025,0.959
114,0.09,0.003,0.298,0.002,0.002,0.694
115,0.03,0.034,0.003,0.026,0.068,0.869
116,0.01,0.029,0.002,0.025,0.157,0.787
117,0.03,0.007,0.003,0.072,0.256,0.662
118,0.15,0.02,0.134,0.019,0.003,0.824
119,0.19,0.007,0.003,0.105,0.022,0.862
120,0.0,0.003,0.001,0.011,0.266,0.719
121,0.0,0.024,0.006,0.004,0.45,0.515
122,0.07,0.034,0.011,0.194,0.023,0.738
123,0.0,0.004,0.282,0.002,0.122,0.59
124,0.0,0.014,0.003,0.015,0.593,0.376
125,0.03,0.007,0.005,0.058,0.134,0.795
126,0.01,0.063,0.003,0.047,0.18,0.707
127,0.04,0.009,0.003,0.136,0.096,0.757
128,0.16,0.557,0.225,0.153,0.048,0.017
129,0.43,0.47,0.006,0.496,0.016,0.013
130,0.17,0.544,0.021,0.414,0.005,0.016
131,0.11,0.368,0.356,0.264,0.004,0.008
132,0.14,0.669,0.143,0.146,0.009,0.032
133,0.05,0.548,0.012,0.378,0.058,0.004
134,0.02,0.836,0.002,0.135,0.017,0.01
135,0.37,0.006,0.117,0.052,0.816,0.008
136,0.25,0.078,0.228,0.278,0.407,0.009
137,0.42,0.084,0.006,0.605,0.257,0.049
138,0.12,0.007,0.013,0.214,0.044,0.722
139,0.03,0.018,0.002,0.044,0.09,0.846
140,0.03,0.279,0.002,0.036,0.003,0.68
141,0.1,0.213,0.02,0.067,0.003,0.698
142,0.03,0.213,0.274,0.006,0.002,0.505
143,0.09,0.361,0.003,0.034,0.005,0.597
144,0.15,0.255,0.002,0.048,0.011,0.684
145,0.12,0.218,0.002,0.265,0.005,0.51
146,0.3,0.301,0.002,0.158,0.002,0.536
147,0.51,0.013,0.004,0.598,0.364,0.02
148,0.0,0.002,0.001,0.005,0.989,0.003
149,0.0,0.004,0.003,0.011,0.979,0.004
150,0.0,0.002,0.218,0.002,0.777,0.001
151,0.03,0.018,0.006,0.033,0.929,0.014
152,0.0,0.005,0.003,0.003,0.968,0.022
153,0.01,0.003,0.001,0.005,0.984,0.006
154,0.0,0.398,0.006,0.148,0.38,0.067
155,0.0,0.41,0.002,0.142,0.191,0.256
156,0.31,0.038,0.005,0.609,0.267,0.08
157,0.14,0.199,0.017,0.53,0.152,0.101
158,0.19,0.029,0.252,0.516,0.187,0.016
159,0.39,0.019,0.007,0.76,0.195,0.02
160,0.01,0.31,0.002,0.454,0.195,0.038
161,0.03,0.464,0.008,0.388,0.135,0.004
162,0.08,0.047,0.373,0.445,0.131,0.004
163,0.12,0.018,0.01,0.604,0.187,0.181
164,0.1,0.459,0.003,0.413,0.1,0.024
165,0.13,0.154,0.002,0.658,0.176,0.01
166,0.47,0.014,0.14,0.827,0.011,0.007
167,0.85,0.055,0.048,0.834,0.042,0.022
168,0.1,0.384,0.003,0.52,0.026,0.067
169,0.17,0.218,0.009,0.595,0.057,0.121
170,0.04,0.03,0.388,0.035,0.008,0.539
171,0.03,0.004,0.081,0.006,0.12,0.788
172,0.09,0.033,0.003,0.05,0.02,0.894
173,0.02,0.11,0.004,0.023,0.019,0.844
174,0.0,0.01,0.228,0.004,0.018,0.739
175,0.08,0.022,0.005,0.149,0.003,0.822
176,0.0,0.339,0.019,0.011,0.112,0.519
177,0.01,0.011,0.033,0.108,0.089,0.76
178,0.0,0.009,0.002,0.006,0.057,0.927
179,0.0,0.056,0.377,0.005,0.005,0.557
180,0.02,0.042,0.056,0.01,0.018,0.875
181,0.0,0.045,0.004,0.006,0.564,0.38
182,0.0,0.235,0.019,0.007,0.006,0.733
183,0.01,0.005,0.25,0.002,0.009,0.734
184,0.2,0.094,0.015,0.245,0.019,0.627
185,0.0,0.032,0.013,0.012,0.036,0.907
186,0.02,0.057,0.344,0.004,0.004,0.59
187,0.01,0.381,0.007,0.021,0.014,0.577
188,0.12,0.082,0.005,0.163,0.007,0.743
189,0.0,0.342,0.003,0.008,0.026,0.621
190,0.0,0.003,0.002,0.003,0.001,0.99
191,0.05,0.176,0.002,0.137,0.037,0.648
192,0.11,0.003,0.284,0.007,0.004,0.702
193,0.14,0.131,0.011,0.025,0.018,0.815
194,0.02,0.16,0.003,0.017,0.004,0.816
195,0.07,0.011,0.002,0.015,0.081,0.891
196,0.03,0.017,0.334,0.025,0.006,0.619
197,0.05,0.004,0.002,0.009,0.003,0.982
198,0.09,0.053,0.009,0.096,0.01,0.832
199,0.01,0.003,0.004,0.009,0.007,0.976
200,0.09,0.058,0.296,0.014,0.003,0.629
201,0.07,0.01,0.003,0.108,0.009,0.869
202,0.01,0.249,0.003,0.037,0.012,0.699
203,0.06,0.022,0.013,0.108,0.005,0.852
204,0.0,0.02,0.002,0.01,0.091,0.877
205,0.0,0.117,0.13,0.007,0.002,0.744
206,0.0,0.307,0.001,0.009,0.002,0.68
207,0.03,0.008,0.002,0.008,0.002,0.981
208,0.13,0.039,0.005,0.156,0.114,0.686
209,0.02,0.009,0.042,0.025,0.007,0.918
210,0.07,0.005,0.002,0.012,0.007,0.974
211,0.02,0.01,0.012,0.015,0.021,0.943
212,0.08,0.273,0.006,0.042,0.007,0.672
213,0.17,0.006,0.009,0.329,0.007,0.648
214,0.06,0.438,0.003,0.387,0.163,0.009
215,0.0,0.48,0.004,0.283,0.227,0.006
216,0.04,0.007,0.096,0.003,0.891,0.002
217,0.02,0.123,0.011,0.013,0.837,0.016
218,0.12,0.008,0.005,0.022,0.189,0.775
219,0.13,0.016,0.05,0.145,0.254,0.535
220,0.49,0.147,0.143,0.677,0.008,0.024
221,0.12,0.671,0.002,0.303,0.02,0.004
222,0.02,0.808,0.018,0.167,0.002,0.004
223,0.06,0.645,0.003,0.34,0.004,0.009
224,0.21,0.701,0.005,0.281,0.005,0.007
225,0.02,0.821,0.002,0.142,0.018,0.016
226,0.05,0.624,0.004,0.354,0.008,0.01
227,0.45,0.248,0.005,0.535,0.015,0.198
228,0.48,0.305,0.138,0.525,0.011,0.021
229,0.0,0.922,0.005,0.028,0.003,0.042
230,0.02,0.892,0.003,0.007,0.09,0.008
231,0.0,0.763,0.02,0.104,0.011,0.102
232,0.0,0.812,0.006,0.156,0.01,0.017
233,0.03,0.79,0.002,0.192,0.003,0.013
234,0.01,0.589,0.149,0.244,0.009,0.01
235,0.25,0.622,0.003,0.263,0.076,0.035
236,0.02,0.91,0.003,0.074,0.003,0.009
237,0.21,0.546,0.002,0.422,0.006,0.023
238,0.11,0.796,0.016,0.123,0.04,0.025
239,0.0,0.944,0.005,0.03,0.014,0.006
240,0.62,0.039,0.143,0.799,0.005,0.014
241,0.08,0.605,0.006,0.374,0.005,0.01
242,0.07,0.8,0.006,0.189,0.001,0.003
243,0.04,0.705,0.258,0.029,0.005,0.003
244,0.18,0.659,0.005,0.318,0.013,0.005
245,0.38,0.516,0.003,0.431,0.017,0.033
246,0.07,0.524,0.124,0.163,0.01,0.179
247,0.55,0.066,0.262,0.642,0.01,0.021
248,0.01,0.718,0.002,0.259,0.01,0.011
249,0.0,0.736,0.011,0.203,0.037,0.013
250,0.07,0.667,0.004,0.318,0.005,0.005
251,0.01,0.634,0.009,0.34,0.005,0.012
252,0.04,0.81,0.006,0.162,0.006,0.016
253,0.08,0.748,0.002,0.178,0.004,0.068
254,0.36,0.334,0.005,0.64,0.016,0.005
255,0.09,0.748,0.005,0.227,0.008,0.011
256,0.72,0.031,0.004,0.898,0.006,0.06
257,0.01,0.691,0.006,0.271,0.015,0.017
258,0.0,0.71,0.003,0.232,0.053,0.003
259,0.0,0.821,0.079,0.072,0.023,0.005
260,0.0,0.907,0.003,0.075,0.004,0.01
261,0.01,0.877,0.002,0.093,0.014,0.015
262,0.03,0.778,0.007,0.2,0.004,0.011
263,0.29,0.36,0.187,0.44,0.004,0.008
264,0.0,0.647,0.002,0.237,0.102,0.011
265,0.0,0.894,0.002,0.09,0.008,0.006
266,0.07,0.777,0.003,0.198,0.008,0.014
267,0.4,0.005,0.003,0.424,0.024,0.545
268,0.72,0.012,0.005,0.659,0.13,0.195
269,0.02,0.334,0.018,0.025,0.009,0.614
270,0.68,0.019,0.003,0.709,0.008,0.261
271,0.49,0.02,0.004,0.588,0.005,0.383
272,0.18,0.656,0.002,0.031,0.005,0.306
273,0.07,0.129,0.016,0.015,0.007,0.834
274,0.7,0.014,0.155,0.486,0.139,0.207
275,0.02,0.242,0.006,0.009,0.003,0.741
276,0.7,0.007,0.004,0.55,0.006,0.433
277,0.04,0.919,0.003,0.018,0.029,0.031
278,0.02,0.72,0.013,0.248,0.007,0.012
279,0.04,0.005,0.138,0.015,0.71,0.132
280,0.0,0.197,0.007,0.004,0.019,0.773
281,0.02,0.133,0.028,0.01,0.012,0.817
282,0.04,0.006,0.125,0.01,0.021,0.839
283,0.22,0.005,0.19,0.048,0.053,0.705
284,0.0,0.521,0.018,0.238,0.142,0.081
285,0.72,0.065,0.016,0.747,0.026,0.147
286,0.01,0.527,0.177,0.271,0.016,0.009
287,0.0,0.744,0.019,0.1,0.119,0.017
288,0.0,0.004,0.204,0.003,0.729,0.06
289,0.0,0.011,0.034,0.003,0.938,0.014
290,0.0,0.514,0.007,0.007,0.004,0.469
291,0.0,0.017,0.004,0.007,0.963,0.01
292,0.0,0.002,0.001,0.002,0.99,0.005
293,0.0,0.015,0.004,0.013,0.801,0.168
294,0.0,0.42,0.003,0.01,0.002,0.565
295,0.0,0.537,0.07,0.381,0.006,0.006
296,0.37,0.168,0.005,0.784,0.028,0.016
297,0.5,0.011,0.003,0.955,0.025,0.006
298,0.01,0.418,0.002,0.572,0.003,0.005
299,0.0,0.47,0.002,0.515,0.004,0.008
300,0.2,0.243,0.087,0.489,0.004,0.177
301,0.54,0.01,0.09,0.771,0.106,0.023
302,0.04,0.285,0.002,0.663,0.029,0.022
303,0.56,0.02,0.007,0.882,0.024,0.068
304,0.82,0.02,0.005,0.945,0.017,0.013
305,0.01,0.17,0.006,0.788,0.009,0.027
306,0.12,0.193,0.002,0.755,0.005,0.045
307,0.1,0.211,0.009,0.718,0.049,0.014
308,0.23,0.176,0.064,0.745,0.009,0.006
309,0.1,0.288,0.033,0.582,0.057,0.041
310,0.04,0.351,0.002,0.615,0.023,0.008
311,0.03,0.445,0.004,0.537,0.008,0.006
312,0.1,0.408,0.018,0.547,0.006,0.021
313,0.03,0.22,0.002,0.635,0.008,0.134
314,0.02,0.006,0.004,0.034,0.943,0.013
315,0.46,0.004,0.15,0.023,0.82,0.003
316,0.05,0.012,0.004,0.078,0.895,0.011
317,0.44,0.004,0.221,0.039,0.696,0.039
318,0.02,0.002,0.002,0.009,0.979,0.008
319,0.03,0.003,0.002,0.02,0.972,0.003
320,0.06,0.01,0.005,0.132,0.648,0.206
321,0.0,0.028,0.006,0.017,0.926,0.023
322,0.02,0.008,0.002,0.01,0.971,0.009
