,prop_missing,prop_1,prop_2,prop_3,prop_4,prop_5,prop_6,prop_7,prop_8,prop_9
0,0.02,0.002,0.004,0.418,0.404,0.093,0.04,0.01,0.004,0.026
1,0.02,0.121,0.004,0.246,0.041,0.022,0.011,0.515,0.034,0.006
2,0.03,0.003,0.103,0.327,0.103,0.005,0.003,0.447,0.003,0.006
3,0.0,0.003,0.002,0.451,0.428,0.002,0.008,0.088,0.012,0.007
4,0.0,0.096,0.01,0.213,0.02,0.039,0.012,0.566,0.013,0.031
5,0.0,0.003,0.003,0.354,0.009,0.023,0.01,0.564,0.01,0.024
6,0.0,0.062,0.135,0.418,0.222,0.004,0.01,0.138,0.005,0.006
7,0.0,0.144,0.002,0.172,0.004,0.011,0.004,0.652,0.002,0.01
8,0.0,0.005,0.003,0.428,0.121,0.012,0.015,0.364,0.01,0.042
9,0.08,0.018,0.031,0.41,0.431,0.053,0.012,0.028,0.013,0.004
10,0.01,0.002,0.001,0.455,0.394,0.005,0.002,0.069,0.005,0.067
11,0.0,0.117,0.001,0.438,0.434,0.002,0.002,0.003,0.002,0.002
12,0.0,0.002,0.003,0.212,0.024,0.012,0.011,0.718,0.002,0.015
13,0.0,0.227,0.005,0.227,0.003,0.013,0.003,0.512,0.003,0.007
14,0.0,0.002,0.213,0.026,0.036,0.685,0.005,0.004,0.002,0.027
15,0.0,0.002,0.003,0.023,0.005,0.928,0.006,0.021,0.005,0.008
16,0.05,0.003,0.002,0.004,0.002,0.688,0.021,0.009,0.013,0.259
17,0.01,0.009,0.007,0.002,0.002,0.964,0.005,0.001,0.003,0.007
18,0.03,0.003,0.012,0.015,0.005,0.91,0.009,0.017,0.011,0.017
19,0.04,0.003,0.22,0.004,0.004,0.701,0.021,0.004,0.008,0.037
20,0.02,0.002,0.203,0.003,0.003,0.759,0.004,0.002,0.014,0.01
21,0.01,0.002,0.001,0.007,0.009,0.931,0.008,0.007,0.007,0.028
22,0.05,0.146,0.019,0.007,0.002,0.813,0.004,0.002,0.003,0.003
23,0.08,0.002,0.242,0.007,0.004,0.615,0.009,0.003,0.111,0.007
24,0.01,0.003,0.002,0.031,0.043,0.847,0.004,0.026,0.016,0.028
25,0.01,0.009,0.002,0.003,0.005,0.84,0.027,0.007,0.01,0.096
26,0.0,0.002,0.002,0.024,0.009,0.74,0.067,0.004,0.018,0.135
27,0.0,0.027,0.004,0.005,0.003,0.903,0.037,0.007,0.005,0.01
28,0.0,0.058,0.002,0.003,0.003,0.671,0.034,0.004,0.012,0.213
29,0.01,0.003,0.002,0.003,0.052,0.44,0.314,0.024,0.029,0.134
30,0.07,0.123,0.005,0.007,0.007,0.259,0.403,0.021,0.018,0.156
31,0.15,0.005,0.017,0.035,0.003,0.509,0.03,0.005,0.242,0.154
32,0.08,0.009,0.002,0.006,0.014,0.304,0.219,0.017,0.049,0.379
33,0.0,0.002,0.002,0.002,0.001,0.002,0.987,0.002,0.001,0.001
34,0.0,0.003,0.002,0.007,0.026,0.434,0.256,0.077,0.045,0.15
35,0.04,0.009,0.066,0.003,0.011,0.013,0.82,0.006,0.023,0.047
36,0.06,0.028,0.002,0.001,0.002,0.005,0.948,0.003,0.007,0.004
37,0.02,0.002,0.002,0.007,0.003,0.018,0.924,0.024,0.006,0.013
38,0.0,0.171,0.017,0.004,0.006,0.035,0.628,0.003,0.008,0.126
39,0.05,0.003,0.205,0.006,0.77,0.002,0.003,0.003,0.004,0.003
40,0.02,0.005,0.003,0.011,0.952,0.006,0.005,0.007,0.006,0.003
41,0.0,0.003,0.002,0.002,0.967,0.005,0.008,0.003,0.003,0.007
42,0.08,0.006,0.007,0.049,0.776,0.006,0.003,0.003,0.146,0.003
43,0.01,0.001,0.09,0.005,0.884,0.005,0.004,0.004,0.003,0.004
44,0.55,0.027,0.004,0.063,0.125,0.02,0.115,0.013,0.622,0.01
45,0.02,0.002,0.01,0.011,0.897,0.054,0.003,0.016,0.003,0.005
46,0.0,0.003,0.002,0.033,0.939,0.009,0.003,0.005,0.003,0.003
47,0.01,0.072,0.006,0.007,0.893,0.006,0.008,0.001,0.004,0.004
48,0.14,0.1,0.002,0.017,0.808,0.01,0.041,0.006,0.007,0.009
49,0.01,0.002,0.002,0.036,0.909,0.011,0.016,0.009,0.003,0.011
50,0.06,0.01,0.004,0.02,0.894,0.009,0.003,0.005,0.038,0.016
51,0.01,0.003,0.249,0.319,0.416,0.002,0.003,0.004,0.002,0.002
52,0.0,0.176,0.003,0.006,0.799,0.004,0.004,0.003,0.003,0.002
53,0.07,0.002,0.317,0.258,0.341,0.004,0.007,0.061,0.005,0.006
54,0.06,0.001,0.308,0.267,0.4,0.006,0.008,0.002,0.004,0.004
55,0.13,0.008,0.333,0.014,0.01,0.36,0.015,0.012,0.22,0.028
56,0.0,0.217,0.001,0.38,0.372,0.003,0.001,0.012,0.01,0.003
57,0.0,0.003,0.164,0.004,0.815,0.002,0.003,0.002,0.003,0.003
58,0.03,0.002,0.004,0.013,0.905,0.016,0.008,0.006,0.032,0.014
59,0.04,0.003,0.008,0.01,0.004,0.656,0.004,0.055,0.243,0.016
60,0.05,0.003,0.002,0.003,0.005,0.74,0.004,0.006,0.222,0.014
61,0.08,0.003,0.354,0.002,0.001,0.557,0.005,0.008,0.064,0.007
62,0.05,0.003,0.305,0.005,0.006,0.448,0.009,0.013,0.198,0.014
63,0.0,0.001,0.405,0.003,0.01,0.555,0.007,0.003,0.005,0.012
64,0.0,0.005,0.361,0.002,0.003,0.394,0.005,0.009,0.116,0.105
65,0.05,0.003,0.182,0.002,0.003,0.763,0.005,0.002,0.033,0.007
66,0.07,0.009,0.026,0.009,0.014,0.666,0.004,0.01,0.209,0.052
67,0.03,0.001,0.002,0.005,0.003,0.235,0.016,0.658,0.007,0.073
68,0.04,0.135,0.056,0.003,0.003,0.045,0.064,0.565,0.012,0.118
69,0.01,0.094,0.003,0.191,0.069,0.009,0.024,0.592,0.012,0.006
70,0.23,0.092,0.012,0.052,0.006,0.035,0.011,0.497,0.28,0.015
71,0.0,0.008,0.014,0.134,0.002,0.042,0.008,0.757,0.009,0.026
72,0.02,0.088,0.148,0.091,0.002,0.008,0.005,0.652,0.004,0.003
73,0.0,0.118,0.005,0.003,0.002,0.023,0.01,0.549,0.002,0.289
74,0.0,0.002,0.005,0.164,0.019,0.088,0.003,0.711,0.002,0.005
75,0.0,0.222,0.122,0.13,0.036,0.008,0.004,0.473,0.003,0.003
76,0.0,0.005,0.24,0.003,0.004,0.033,0.084,0.547,0.003,0.08
77,0.01,0.003,0.001,0.006,0.004,0.016,0.003,0.01,0.013,0.944
78,0.0,0.002,0.014,0.016,0.005,0.253,0.047,0.023,0.004,0.637
79,0.01,0.002,0.004,0.004,0.006,0.106,0.007,0.016,0.06,0.796
80,0.0,0.003,0.071,0.002,0.002,0.023,0.014,0.003,0.004,0.879
81,0.03,0.002,0.002,0.003,0.013,0.006,0.154,0.003,0.005,0.812
82,0.0,0.003,0.003,0.005,0.003,0.045,0.003,0.013,0.003,0.924
83,0.0,0.154,0.007,0.002,0.002,0.111,0.046,0.002,0.003,0.673
84,0.0,0.001,0.213,0.001,0.002,0.221,0.02,0.006,0.005,0.532
85,0.03,0.003,0.002,0.003,0.005,0.004,0.004,0.006,0.019,0.953
86,0.05,0.012,0.004,0.006,0.009,0.046,0.005,0.004,0.065,0.85
87,0.06,0.001,0.004,0.006,0.015,0.116,0.005,0.016,0.046,0.792
88,0.02,0.097,0.079,0.003,0.016,0.009,0.005,0.004,0.005,0.783
89,0.03,0.064,0.002,0.003,0.005,0.03,0.005,0.007,0.005,0.879
90,0.05,0.002,0.007,0.004,0.014,0.404,0.007,0.015,0.033,0.513
91,0.0,0.201,0.002,0.002,0.004,0.008,0.01,0.002,0.002,0.769
92,0.01,0.008,0.197,0.009,0.007,0.023,0.006,0.002,0.038,0.708
93,0.02,0.16,0.003,0.004,0.003,0.135,0.005,0.008,0.14,0.541
94,0.02,0.002,0.007,0.013,0.006,0.141,0.025,0.076,0.144,0.587
95,0.0,0.003,0.333,0.008,0.004,0.008,0.004,0.022,0.007,0.611
96,0.0,0.237,0.003,0.002,0.003,0.009,0.005,0.046,0.059,0.637
97,0.02,0.018,0.003,0.006,0.003,0.262,0.021,0.018,0.033,0.637
98,0.02,0.008,0.003,0.017,0.017,0.075,0.011,0.043,0.101,0.723
99,0.24,0.147,0.231,0.008,0.003,0.013,0.025,0.036,0.328,0.21
100,0.03,0.002,0.392,0.018,0.019,0.013,0.006,0.006,0.022,0.522
101,0.43,0.004,0.005,0.244,0.052,0.011,0.024,0.399,0.252,0.008
102,0.07,0.144,0.003,0.126,0.022,0.01,0.003,0.556,0.132,0.005
103,0.03,0.002,0.002,0.353,0.151,0.011,0.005,0.449,0.021,0.006
104,0.07,0.002,0.316,0.238,0.01,0.005,0.004,0.408,0.002,0.016
105,0.04,0.171,0.013,0.281,0.515,0.002,0.003,0.009,0.003,0.002
106,0.01,0.002,0.3,0.014,0.002,0.004,0.005,0.666,0.002,0.004
107,0.06,0.199,0.002,0.252,0.411,0.007,0.005,0.074,0.048,0.002
108,0.08,0.005,0.004,0.504,0.405,0.019,0.003,0.02,0.034,0.006
109,0.09,0.005,0.003,0.318,0.007,0.011,0.023,0.566,0.024,0.042
110,0.17,0.205,0.003,0.242,0.015,0.005,0.006,0.488,0.033,0.003
111,0.54,0.012,0.016,0.191,0.006,0.008,0.009,0.49,0.262,0.006
112,0.02,0.042,0.002,0.275,0.075,0.007,0.003,0.527,0.025,0.044
113,0.06,0.001,0.002,0.268,0.01,0.003,0.002,0.704,0.003,0.007
114,0.09,0.002,0.287,0.081,0.001,0.006,0.002,0.617,0.003,0.001
115,0.03,0.108,0.002,0.354,0.005,0.011,0.004,0.497,0.015,0.005
116,0.01,0.002,0.002,0.373,0.044,0.016,0.052,0.491,0.009,0.01
117,0.03,0.011,0.003,0.207,0.207,0.011,0.015,0.496,0.046,0.004
118,0.15,0.002,0.125,0.143,0.002,0.03,0.005,0.668,0.019,0.005
119,0.19,0.003,0.004,0.302,0.006,0.007,0.004,0.621,0.046,0.006
120,0.0,0.202,0.002,0.307,0.118,0.004,0.002,0.357,0.004,0.004
121,0.0,0.004,0.002,0.407,0.318,0.008,0.015,0.228,0.002,0.016
122,0.07,0.074,0.009,0.037,0.014,0.021,0.008,0.625,0.164,0.048
123,0.0,0.004,0.272,0.312,0.022,0.002,0.004,0.38,0.002,0.003
124,0.0,0.238,0.002,0.391,0.351,0.003,0.003,0.004,0.004,0.003
125,0.03,0.179,0.004,0.172,0.056,0.009,0.015,0.529,0.031,0.006
126,0.01,0.007,0.004,0.33,0.057,0.012,0.008,0.441,0.009,0.133
127,0.04,0.002,0.002,0.369,0.009,0.01,0.002,0.473,0.13,0.002
128,0.16,0.003,0.22,0.131,0.018,0.363,0.084,0.005,0.107,0.07
129,0.43,0.004,0.005,0.014,0.013,0.355,0.019,0.01,0.443,0.137
130,0.17,0.015,0.018,0.021,0.005,0.533,0.018,0.007,0.314,0.069
131,0.11,0.002,0.318,0.002,0.002,0.63,0.001,0.004,0.032,0.008
132,0.14,0.147,0.127,0.017,0.004,0.464,0.004,0.003,0.027,0.206
133,0.05,0.002,0.007,0.01,0.03,0.75,0.007,0.002,0.19,0.003
134,0.02,0.002,0.002,0.003,0.006,0.753,0.025,0.02,0.022,0.165
135,0.37,0.082,0.106,0.005,0.737,0.009,0.006,0.003,0.049,0.003
136,0.25,0.006,0.22,0.052,0.339,0.102,0.091,0.004,0.179,0.005
137,0.42,0.004,0.006,0.067,0.195,0.183,0.017,0.03,0.489,0.009
138,0.12,0.181,0.006,0.121,0.014,0.006,0.005,0.488,0.175,0.005
139,0.03,0.191,0.002,0.102,0.032,0.006,0.007,0.623,0.033,0.005
140,0.03,0.002,0.002,0.007,0.007,0.227,0.013,0.642,0.039,0.061
141,0.1,0.144,0.012,0.003,0.002,0.013,0.029,0.566,0.071,0.159
142,0.03,0.002,0.252,0.001,0.003,0.122,0.004,0.541,0.006,0.069
143,0.09,0.106,0.002,0.007,0.004,0.025,0.106,0.506,0.019,0.225
144,0.15,0.14,0.003,0.004,0.01,0.006,0.021,0.531,0.02,0.266
145,0.12,0.001,0.002,0.015,0.003,0.006,0.039,0.467,0.246,0.22
146,0.3,0.003,0.002,0.005,0.002,0.167,0.021,0.512,0.189,0.099
147,0.51,0.004,0.004,0.096,0.31,0.013,0.012,0.012,0.544,0.005
148,0.0,0.088,0.001,0.003,0.895,0.002,0.002,0.003,0.003,0.004
149,0.0,0.002,0.002,0.004,0.954,0.016,0.005,0.005,0.009,0.002
150,0.0,0.001,0.225,0.002,0.764,0.001,0.001,0.001,0.001,0.001
151,0.03,0.125,0.002,0.002,0.833,0.006,0.014,0.005,0.01,0.004
152,0.0,0.003,0.002,0.005,0.923,0.005,0.012,0.046,0.002,0.002
153,0.01,0.093,0.001,0.011,0.883,0.002,0.001,0.003,0.003,0.003
154,0.0,0.244,0.004,0.155,0.231,0.012,0.005,0.002,0.086,0.261
155,0.0,0.172,0.003,0.06,0.119,0.28,0.008,0.127,0.054,0.176
156,0.31,0.011,0.004,0.154,0.212,0.084,0.003,0.009,0.453,0.07
157,0.14,0.199,0.006,0.029,0.081,0.223,0.067,0.014,0.375,0.008
158,0.19,0.044,0.256,0.045,0.127,0.083,0.014,0.007,0.416,0.008
159,0.39,0.003,0.005,0.005,0.197,0.039,0.03,0.04,0.673,0.008
160,0.01,0.174,0.002,0.031,0.099,0.301,0.005,0.006,0.315,0.067
161,0.03,0.002,0.006,0.006,0.129,0.563,0.015,0.003,0.254,0.021
162,0.08,0.004,0.366,0.002,0.111,0.141,0.002,0.01,0.351,0.013
163,0.12,0.207,0.005,0.01,0.149,0.04,0.022,0.074,0.487,0.006
164,0.1,0.01,0.002,0.09,0.039,0.326,0.115,0.009,0.356,0.052
165,0.13,0.028,0.002,0.013,0.128,0.015,0.044,0.005,0.559,0.206
166,0.47,0.032,0.151,0.004,0.011,0.02,0.007,0.006,0.754,0.014
167,0.85,0.009,0.049,0.07,0.023,0.057,0.027,0.014,0.731,0.021
168,0.1,0.102,0.004,0.009,0.009,0.089,0.055,0.02,0.448,0.265
169,0.17,0.003,0.003,0.037,0.019,0.411,0.01,0.066,0.446,0.003
170,0.04,0.002,0.364,0.081,0.004,0.06,0.003,0.442,0.015,0.027
171,0.03,0.279,0.048,0.158,0.02,0.003,0.001,0.488,0.002,0.002
172,0.09,0.192,0.002,0.012,0.012,0.01,0.005,0.726,0.022,0.019
173,0.02,0.003,0.003,0.048,0.025,0.135,0.008,0.753,0.018,0.007
174,0.0,0.003,0.219,0.196,0.004,0.012,0.003,0.555,0.004,0.005
175,0.08,0.042,0.002,0.045,0.007,0.066,0.01,0.719,0.101,0.005
176,0.0,0.21,0.026,0.008,0.069,0.109,0.006,0.394,0.002,0.177
177,0.01,0.146,0.024,0.138,0.044,0.01,0.002,0.563,0.067,0.007
178,0.0,0.187,0.002,0.016,0.02,0.003,0.01,0.752,0.005,0.006
179,0.0,0.023,0.363,0.019,0.002,0.026,0.007,0.498,0.005,0.058
180,0.02,0.319,0.026,0.004,0.004,0.005,0.004,0.632,0.002,0.005
181,0.0,0.107,0.003,0.462,0.358,0.031,0.013,0.017,0.003,0.006
182,0.0,0.004,0.011,0.004,0.01,0.172,0.015,0.704,0.005,0.076
183,0.01,0.068,0.248,0.019,0.007,0.003,0.003,0.646,0.001,0.004
184,0.2,0.12,0.01,0.005,0.009,0.021,0.04,0.522,0.235,0.039
185,0.0,0.002,0.008,0.025,0.067,0.024,0.023,0.825,0.015,0.012
186,0.02,0.002,0.327,0.002,0.005,0.008,0.005,0.581,0.003,0.067
187,0.01,0.163,0.002,0.003,0.014,0.096,0.023,0.484,0.012,0.201
188,0.12,0.102,0.003,0.034,0.004,0.026,0.037,0.607,0.096,0.09
189,0.0,0.002,0.002,0.007,0.044,0.236,0.077,0.601,0.002,0.03
190,0.0,0.002,0.003,0.037,0.002,0.007,0.004,0.935,0.005,0.007
191,0.05,0.014,0.002,0.014,0.049,0.13,0.047,0.579,0.096,0.068
192,0.11,0.004,0.284,0.042,0.004,0.003,0.008,0.641,0.011,0.003
193,0.14,0.007,0.005,0.009,0.019,0.019,0.162,0.73,0.032,0.018
194,0.02,0.099,0.004,0.026,0.003,0.03,0.027,0.695,0.005,0.112
195,0.07,0.023,0.002,0.124,0.066,0.006,0.006,0.747,0.009,0.017
196,0.03,0.005,0.316,0.014,0.005,0.006,0.1,0.535,0.013,0.006
197,0.05,0.192,0.002,0.025,0.002,0.004,0.002,0.765,0.004,0.005
198,0.09,0.009,0.008,0.067,0.008,0.026,0.003,0.726,0.026,0.128
199,0.01,0.006,0.002,0.146,0.005,0.003,0.01,0.806,0.013,0.008
200,0.09,0.004,0.278,0.002,0.003,0.003,0.007,0.577,0.01,0.117
201,0.07,0.042,0.003,0.132,0.006,0.007,0.014,0.709,0.079,0.006
202,0.01,0.031,0.002,0.038,0.008,0.013,0.023,0.603,0.038,0.245
203,0.06,0.116,0.009,0.012,0.003,0.023,0.011,0.745,0.064,0.018
204,0.0,0.032,0.002,0.066,0.094,0.009,0.004,0.743,0.014,0.037
205,0.0,0.107,0.125,0.005,0.002,0.011,0.051,0.639,0.005,0.056
206,0.0,0.095,0.001,0.005,0.001,0.012,0.006,0.584,0.006,0.289
207,0.03,0.015,0.002,0.059,0.002,0.005,0.005,0.889,0.011,0.013
208,0.13,0.002,0.006,0.038,0.113,0.024,0.031,0.607,0.17,0.009
209,0.02,0.304,0.004,0.01,0.004,0.003,0.002,0.664,0.007,0.003
210,0.07,0.027,0.001,0.113,0.006,0.006,0.004,0.821,0.016,0.005
211,0.02,0.019,0.011,0.18,0.015,0.012,0.006,0.731,0.011,0.016
212,0.08,0.001,0.004,0.007,0.005,0.062,0.038,0.645,0.089,0.148
213,0.17,0.003,0.006,0.201,0.002,0.005,0.005,0.463,0.311,0.003
214,0.06,0.002,0.003,0.018,0.146,0.537,0.009,0.006,0.268,0.01
215,0.0,0.013,0.003,0.01,0.206,0.503,0.01,0.011,0.201,0.043
216,0.04,0.009,0.111,0.004,0.853,0.005,0.007,0.003,0.004,0.004
217,0.02,0.021,0.008,0.067,0.745,0.083,0.029,0.01,0.012,0.024
218,0.12,0.002,0.003,0.13,0.149,0.01,0.038,0.623,0.032,0.014
219,0.13,0.196,0.014,0.189,0.165,0.005,0.011,0.315,0.098,0.006
220,0.49,0.007,0.146,0.004,0.007,0.135,0.005,0.023,0.594,0.08
221,0.12,0.005,0.001,0.004,0.02,0.679,0.066,0.006,0.165,0.052
222,0.02,0.002,0.016,0.005,0.003,0.755,0.015,0.005,0.036,0.162
223,0.06,0.001,0.002,0.003,0.002,0.754,0.004,0.012,0.213,0.008
224,0.21,0.002,0.005,0.015,0.006,0.774,0.009,0.008,0.113,0.069
225,0.02,0.021,0.002,0.008,0.012,0.852,0.002,0.01,0.02,0.072
226,0.05,0.003,0.002,0.099,0.003,0.747,0.002,0.003,0.133,0.008
227,0.45,0.034,0.004,0.006,0.007,0.256,0.014,0.195,0.468,0.016
228,0.48,0.003,0.131,0.011,0.006,0.394,0.007,0.009,0.43,0.01
229,0.0,0.005,0.005,0.022,0.002,0.276,0.008,0.017,0.017,0.646
230,0.02,0.002,0.005,0.031,0.055,0.671,0.093,0.008,0.004,0.131
231,0.0,0.102,0.017,0.018,0.003,0.217,0.008,0.033,0.038,0.563
232,0.0,0.002,0.002,0.005,0.005,0.707,0.015,0.013,0.064,0.186
233,0.03,0.003,0.002,0.003,0.003,0.673,0.025,0.022,0.064,0.205
234,0.01,0.04,0.136,0.006,0.004,0.69,0.006,0.005,0.098,0.014
235,0.25,0.014,0.002,0.06,0.039,0.525,0.016,0.022,0.194,0.128
236,0.02,0.002,0.002,0.003,0.002,0.922,0.007,0.014,0.012,0.036
237,0.21,0.009,0.003,0.005,0.005,0.592,0.006,0.013,0.357,0.01
238,0.11,0.211,0.007,0.006,0.012,0.686,0.013,0.004,0.036,0.025
239,0.0,0.075,0.004,0.005,0.005,0.801,0.005,0.004,0.003,0.098
240,0.62,0.012,0.181,0.005,0.006,0.065,0.006,0.009,0.7,0.015
241,0.08,0.007,0.003,0.003,0.005,0.769,0.003,0.014,0.191,0.006
242,0.07,0.001,0.004,0.002,0.002,0.728,0.003,0.004,0.034,0.223
243,0.04,0.004,0.211,0.005,0.003,0.755,0.004,0.003,0.007,0.007
244,0.18,0.04,0.002,0.016,0.009,0.772,0.007,0.004,0.143,0.006
245,0.38,0.002,0.003,0.012,0.018,0.589,0.012,0.03,0.323,0.011
246,0.07,0.11,0.104,0.088,0.004,0.514,0.007,0.049,0.098,0.025
247,0.55,0.003,0.227,0.013,0.009,0.23,0.004,0.012,0.494,0.008
248,0.01,0.003,0.002,0.006,0.009,0.769,0.011,0.013,0.144,0.044
249,0.0,0.003,0.006,0.005,0.028,0.768,0.028,0.022,0.093,0.047
250,0.07,0.005,0.004,0.002,0.003,0.715,0.005,0.009,0.214,0.042
251,0.01,0.002,0.004,0.007,0.005,0.548,0.03,0.013,0.232,0.159
252,0.04,0.003,0.007,0.005,0.002,0.898,0.021,0.023,0.025,0.015
253,0.08,0.042,0.002,0.006,0.005,0.747,0.013,0.09,0.032,0.064
254,0.36,0.002,0.007,0.005,0.012,0.294,0.077,0.004,0.57,0.03
255,0.09,0.192,0.003,0.005,0.005,0.448,0.045,0.004,0.143,0.155
256,0.72,0.012,0.003,0.033,0.004,0.157,0.011,0.038,0.733,0.01
257,0.01,0.01,0.004,0.008,0.008,0.642,0.104,0.009,0.165,0.05
258,0.0,0.001,0.002,0.002,0.058,0.529,0.011,0.002,0.151,0.243
259,0.0,0.019,0.072,0.007,0.012,0.741,0.119,0.004,0.006,0.019
260,0.0,0.073,0.002,0.004,0.003,0.844,0.016,0.012,0.013,0.034
261,0.01,0.003,0.002,0.021,0.009,0.803,0.014,0.007,0.022,0.12
262,0.03,0.169,0.002,0.002,0.002,0.727,0.014,0.005,0.073,0.006
263,0.29,0.002,0.175,0.003,0.011,0.445,0.013,0.011,0.335,0.005
264,0.0,0.024,0.001,0.006,0.101,0.725,0.004,0.008,0.083,0.046
265,0.0,0.13,0.001,0.002,0.004,0.672,0.009,0.003,0.019,0.159
266,0.07,0.006,0.002,0.018,0.005,0.801,0.004,0.018,0.042,0.104
267,0.4,0.002,0.003,0.012,0.015,0.006,0.018,0.506,0.431,0.008
268,0.72,0.006,0.005,0.202,0.11,0.015,0.005,0.049,0.592,0.015
269,0.02,0.044,0.018,0.006,0.009,0.273,0.01,0.566,0.025,0.049
270,0.68,0.007,0.003,0.037,0.007,0.01,0.003,0.126,0.663,0.143
271,0.49,0.003,0.003,0.009,0.005,0.014,0.005,0.361,0.577,0.022
272,0.18,0.005,0.001,0.02,0.008,0.015,0.007,0.224,0.033,0.687
273,0.07,0.198,0.003,0.01,0.005,0.014,0.009,0.691,0.016,0.054
274,0.7,0.008,0.165,0.007,0.106,0.006,0.005,0.177,0.511,0.015
275,0.02,0.004,0.004,0.04,0.003,0.033,0.005,0.66,0.006,0.244
276,0.7,0.003,0.004,0.01,0.005,0.007,0.008,0.418,0.543,0.002
277,0.04,0.003,0.002,0.01,0.014,0.083,0.057,0.021,0.014,0.796
278,0.02,0.002,0.004,0.007,0.004,0.235,0.004,0.006,0.189,0.549
279,0.04,0.007,0.122,0.314,0.534,0.008,0.001,0.005,0.005,0.003
280,0.0,0.031,0.003,0.205,0.004,0.197,0.004,0.549,0.002,0.006
281,0.02,0.002,0.014,0.124,0.006,0.192,0.007,0.648,0.003,0.005
282,0.04,0.17,0.075,0.027,0.013,0.007,0.014,0.682,0.004,0.009
283,0.22,0.004,0.188,0.027,0.072,0.005,0.004,0.644,0.054,0.002
284,0.0,0.094,0.023,0.007,0.096,0.545,0.05,0.079,0.086,0.021
285,0.72,0.006,0.01,0.074,0.024,0.117,0.021,0.075,0.653,0.019
286,0.01,0.117,0.176,0.003,0.005,0.584,0.01,0.003,0.084,0.019
287,0.0,0.008,0.007,0.012,0.083,0.756,0.013,0.02,0.011,0.09
288,0.0,0.075,0.16,0.211,0.545,0.002,0.002,0.003,0.001,0.002
289,0.0,0.135,0.016,0.011,0.822,0.003,0.005,0.004,0.001,0.003
290,0.0,0.003,0.005,0.003,0.005,0.313,0.01,0.446,0.004,0.211
291,0.0,0.003,0.006,0.005,0.91,0.036,0.007,0.021,0.005,0.008
292,0.0,0.1,0.001,0.003,0.887,0.001,0.001,0.003,0.002,0.002
293,0.0,0.004,0.003,0.321,0.64,0.003,0.004,0.006,0.006,0.013
294,0.0,0.002,0.001,0.005,0.003,0.244,0.009,0.558,0.008,0.171
295,0.0,0.033,0.074,0.007,0.005,0.439,0.027,0.005,0.311,0.099
296,0.37,0.003,0.003,0.003,0.023,0.212,0.018,0.014,0.674,0.049
297,0.5,0.01,0.002,0.005,0.011,0.004,0.008,0.005,0.898,0.056
298,0.01,0.067,0.002,0.009,0.004,0.32,0.006,0.004,0.492,0.096
299,0.0,0.003,0.002,0.005,0.004,0.481,0.008,0.007,0.41,0.082
300,0.2,0.13,0.049,0.004,0.002,0.131,0.029,0.153,0.463,0.038
301,0.54,0.006,0.102,0.015,0.087,0.007,0.003,0.019,0.741,0.02
302,0.04,0.003,0.001,0.034,0.013,0.014,0.009,0.007,0.578,0.341
303,0.56,0.006,0.004,0.008,0.022,0.017,0.008,0.074,0.842,0.02
304,0.82,0.004,0.006,0.005,0.018,0.021,0.012,0.014,0.888,0.032
305,0.01,0.093,0.005,0.011,0.004,0.09,0.007,0.006,0.672,0.113
306,0.12,0.003,0.002,0.008,0.003,0.016,0.026,0.041,0.673,0.227
307,0.1,0.003,0.003,0.012,0.038,0.288,0.003,0.007,0.621,0.024
308,0.23,0.151,0.051,0.003,0.003,0.017,0.004,0.002,0.605,0.165
309,0.1,0.003,0.023,0.006,0.036,0.368,0.006,0.053,0.492,0.011
310,0.04,0.094,0.001,0.012,0.01,0.061,0.004,0.004,0.508,0.306
311,0.03,0.009,0.003,0.004,0.009,0.289,0.021,0.003,0.45,0.212
312,0.1,0.207,0.004,0.002,0.002,0.01,0.012,0.003,0.487,0.273
313,0.03,0.002,0.002,0.014,0.011,0.017,0.013,0.105,0.585,0.251
314,0.02,0.002,0.002,0.007,0.88,0.005,0.003,0.007,0.085,0.009
315,0.46,0.002,0.16,0.006,0.763,0.003,0.004,0.001,0.058,0.004
316,0.05,0.002,0.002,0.007,0.83,0.019,0.006,0.016,0.112,0.005
317,0.44,0.003,0.214,0.003,0.661,0.004,0.006,0.071,0.034,0.005
318,0.02,0.117,0.002,0.002,0.862,0.002,0.003,0.004,0.007,0.003
319,0.03,0.114,0.002,0.006,0.856,0.003,0.001,0.002,0.015,0.002
320,0.06,0.012,0.002,0.401,0.482,0.015,0.013,0.007,0.064,0.003
321,0.0,0.091,0.004,0.062,0.8,0.008,0.006,0.006,0.007,0.018
322,0.02,0.11,0.002,0.008,0.859,0.004,0.003,0.004,0.006,0.005
