,prop_missing,prop_1,prop_2,prop_3,prop_4,prop_5,prop_6,prop_7,prop_8,prop_9,prop_10
0,0.02,0.401,0.003,0.004,0.419,0.042,0.108,0.003,0.008,0.006,0.007
1,0.02,0.246,0.005,0.024,0.039,0.005,0.014,0.017,0.109,0.004,0.537
2,0.03,0.308,0.099,0.002,0.108,0.004,0.006,0.002,0.001,0.004,0.466
3,0.0,0.43,0.002,0.011,0.43,0.007,0.003,0.004,0.004,0.005,0.105
4,0.0,0.212,0.009,0.004,0.02,0.032,0.005,0.1,0.004,0.012,0.601
5,0.0,0.345,0.002,0.003,0.007,0.01,0.012,0.009,0.006,0.013,0.594
6,0.0,0.427,0.136,0.003,0.23,0.008,0.006,0.009,0.012,0.006,0.164
7,0.0,0.178,0.002,0.002,0.004,0.014,0.007,0.026,0.02,0.004,0.742
8,0.0,0.413,0.003,0.014,0.124,0.014,0.005,0.012,0.003,0.023,0.388
9,0.08,0.419,0.024,0.014,0.451,0.005,0.033,0.01,0.01,0.006,0.026
10,0.01,0.445,0.001,0.012,0.395,0.061,0.011,0.002,0.003,0.005,0.065
11,0.0,0.474,0.001,0.002,0.499,0.002,0.003,0.004,0.003,0.006,0.005
12,0.0,0.193,0.003,0.002,0.024,0.01,0.008,0.005,0.004,0.004,0.749
13,0.0,0.245,0.005,0.002,0.008,0.005,0.008,0.005,0.124,0.005,0.593
14,0.0,0.023,0.216,0.002,0.033,0.028,0.674,0.003,0.006,0.005,0.012
15,0.0,0.017,0.002,0.011,0.003,0.016,0.916,0.007,0.004,0.006,0.018
16,0.05,0.005,0.002,0.006,0.003,0.255,0.619,0.086,0.007,0.011,0.006
17,0.01,0.003,0.008,0.003,0.003,0.006,0.949,0.004,0.018,0.005,0.002
18,0.03,0.012,0.023,0.028,0.005,0.008,0.877,0.024,0.004,0.004,0.014
19,0.04,0.003,0.229,0.004,0.005,0.03,0.669,0.011,0.034,0.012,0.003
20,0.02,0.003,0.211,0.003,0.003,0.006,0.75,0.007,0.003,0.013,0.002
21,0.01,0.011,0.001,0.001,0.017,0.019,0.912,0.027,0.003,0.005,0.003
22,0.05,0.017,0.043,0.005,0.001,0.011,0.784,0.006,0.13,0.002,0.002
23,0.08,0.006,0.231,0.115,0.004,0.006,0.62,0.005,0.003,0.007,0.003
24,0.01,0.014,0.001,0.007,0.05,0.018,0.878,0.005,0.003,0.015,0.008
25,0.01,0.003,0.002,0.007,0.005,0.085,0.725,0.144,0.017,0.004,0.008
26,0.0,0.031,0.002,0.03,0.005,0.071,0.782,0.027,0.044,0.004,0.004
27,0.0,0.007,0.003,0.004,0.003,0.02,0.864,0.006,0.082,0.007,0.005
28,0.0,0.004,0.003,0.007,0.003,0.092,0.71,0.003,0.083,0.089,0.006
29,0.01,0.006,0.002,0.006,0.022,0.063,0.46,0.016,0.251,0.144,0.03
30,0.07,0.006,0.008,0.007,0.014,0.098,0.298,0.015,0.453,0.066,0.035
31,0.15,0.047,0.012,0.1,0.004,0.118,0.536,0.106,0.014,0.057,0.006
32,0.08,0.004,0.002,0.024,0.009,0.354,0.35,0.018,0.181,0.043,0.016
33,0.0,0.001,0.002,0.004,0.001,0.002,0.002,0.001,0.984,0.002,0.001
34,0.0,0.004,0.002,0.004,0.01,0.031,0.294,0.25,0.216,0.138,0.051
35,0.04,0.006,0.068,0.007,0.007,0.03,0.009,0.009,0.793,0.062,0.01
36,0.06,0.002,0.002,0.036,0.002,0.002,0.016,0.01,0.925,0.003,0.003
37,0.02,0.005,0.001,0.008,0.005,0.02,0.074,0.009,0.847,0.004,0.027
38,0.0,0.005,0.007,0.002,0.009,0.056,0.164,0.006,0.704,0.041,0.006
39,0.05,0.006,0.205,0.003,0.772,0.001,0.002,0.002,0.004,0.004,0.002
40,0.02,0.007,0.004,0.006,0.955,0.004,0.006,0.006,0.003,0.007,0.004
41,0.0,0.002,0.002,0.009,0.964,0.005,0.003,0.004,0.005,0.003,0.002
42,0.08,0.043,0.004,0.142,0.777,0.002,0.009,0.011,0.003,0.007,0.003
43,0.01,0.004,0.074,0.002,0.897,0.005,0.006,0.004,0.003,0.002,0.003
44,0.55,0.057,0.004,0.397,0.118,0.025,0.015,0.1,0.095,0.18,0.008
45,0.02,0.009,0.014,0.014,0.912,0.005,0.016,0.014,0.002,0.003,0.012
46,0.0,0.024,0.002,0.004,0.951,0.002,0.003,0.004,0.003,0.003,0.005
47,0.01,0.009,0.013,0.009,0.904,0.003,0.004,0.008,0.048,0.003,0.002
48,0.14,0.007,0.001,0.07,0.793,0.007,0.008,0.004,0.102,0.003,0.005
49,0.01,0.026,0.002,0.011,0.918,0.006,0.011,0.004,0.011,0.009,0.003
50,0.06,0.009,0.002,0.006,0.879,0.006,0.001,0.077,0.001,0.016,0.003
51,0.01,0.313,0.244,0.002,0.427,0.003,0.002,0.002,0.002,0.001,0.003
52,0.0,0.011,0.003,0.001,0.834,0.003,0.002,0.003,0.138,0.003,0.002
53,0.07,0.245,0.307,0.018,0.347,0.005,0.002,0.006,0.005,0.002,0.062
54,0.06,0.255,0.309,0.004,0.406,0.004,0.01,0.004,0.002,0.003,0.003
55,0.13,0.007,0.331,0.068,0.007,0.021,0.331,0.029,0.017,0.179,0.011
56,0.0,0.409,0.001,0.008,0.445,0.004,0.002,0.046,0.003,0.004,0.079
57,0.0,0.002,0.156,0.003,0.822,0.004,0.003,0.003,0.003,0.002,0.002
58,0.03,0.008,0.003,0.026,0.905,0.018,0.013,0.008,0.004,0.009,0.006
59,0.04,0.005,0.006,0.041,0.002,0.007,0.34,0.535,0.004,0.028,0.031
60,0.05,0.002,0.002,0.034,0.002,0.007,0.362,0.579,0.002,0.007,0.003
61,0.08,0.002,0.334,0.004,0.002,0.003,0.371,0.267,0.003,0.009,0.004
62,0.05,0.005,0.298,0.027,0.004,0.007,0.104,0.518,0.007,0.014,0.017
63,0.0,0.003,0.374,0.003,0.005,0.003,0.212,0.391,0.004,0.003,0.002
64,0.0,0.002,0.325,0.002,0.003,0.059,0.014,0.573,0.003,0.011,0.007
65,0.05,0.003,0.145,0.008,0.002,0.004,0.362,0.47,0.002,0.002,0.001
66,0.07,0.007,0.009,0.018,0.004,0.034,0.296,0.608,0.007,0.007,0.009
67,0.03,0.004,0.002,0.01,0.003,0.076,0.25,0.006,0.005,0.004,0.64
68,0.04,0.002,0.057,0.018,0.003,0.022,0.053,0.002,0.245,0.004,0.594
69,0.01,0.175,0.002,0.011,0.084,0.006,0.006,0.028,0.023,0.008,0.656
70,0.23,0.043,0.006,0.211,0.003,0.056,0.039,0.128,0.008,0.009,0.496
71,0.0,0.123,0.015,0.005,0.002,0.015,0.015,0.01,0.009,0.008,0.798
72,0.02,0.09,0.156,0.004,0.003,0.004,0.006,0.007,0.002,0.005,0.723
73,0.0,0.003,0.008,0.001,0.002,0.292,0.008,0.017,0.042,0.008,0.619
74,0.0,0.159,0.008,0.001,0.011,0.016,0.044,0.006,0.003,0.002,0.75
75,0.0,0.125,0.136,0.003,0.082,0.002,0.004,0.003,0.085,0.007,0.553
76,0.0,0.003,0.24,0.001,0.003,0.065,0.018,0.009,0.092,0.003,0.565
77,0.01,0.006,0.001,0.003,0.004,0.921,0.027,0.008,0.002,0.024,0.004
78,0.0,0.015,0.012,0.002,0.002,0.653,0.262,0.008,0.022,0.009,0.015
79,0.01,0.003,0.002,0.009,0.004,0.775,0.072,0.019,0.003,0.101,0.012
80,0.0,0.002,0.07,0.002,0.002,0.866,0.02,0.005,0.022,0.007,0.003
81,0.03,0.002,0.002,0.002,0.008,0.79,0.006,0.016,0.169,0.003,0.002
82,0.0,0.003,0.003,0.003,0.002,0.922,0.044,0.006,0.004,0.003,0.011
83,0.0,0.003,0.01,0.002,0.003,0.672,0.044,0.004,0.256,0.003,0.003
84,0.0,0.002,0.219,0.003,0.002,0.559,0.185,0.013,0.006,0.005,0.006
85,0.03,0.002,0.002,0.013,0.003,0.896,0.013,0.006,0.004,0.057,0.003
86,0.05,0.005,0.005,0.053,0.008,0.847,0.042,0.023,0.003,0.008,0.004
87,0.06,0.009,0.004,0.031,0.011,0.737,0.171,0.007,0.005,0.012,0.013
88,0.02,0.006,0.092,0.003,0.019,0.826,0.005,0.003,0.02,0.017,0.008
89,0.03,0.003,0.002,0.02,0.003,0.91,0.043,0.005,0.006,0.003,0.006
90,0.05,0.002,0.004,0.01,0.007,0.538,0.147,0.278,0.004,0.004,0.006
91,0.0,0.002,0.003,0.002,0.006,0.743,0.004,0.014,0.197,0.026,0.003
92,0.01,0.005,0.188,0.003,0.005,0.573,0.018,0.107,0.005,0.093,0.004
93,0.02,0.005,0.002,0.052,0.003,0.518,0.019,0.339,0.018,0.02,0.025
94,0.02,0.018,0.004,0.117,0.002,0.516,0.224,0.01,0.003,0.056,0.049
95,0.0,0.008,0.332,0.004,0.005,0.612,0.003,0.01,0.003,0.009,0.016
96,0.0,0.001,0.003,0.007,0.006,0.6,0.005,0.029,0.06,0.158,0.132
97,0.02,0.005,0.004,0.008,0.003,0.547,0.333,0.002,0.007,0.069,0.023
98,0.02,0.008,0.002,0.024,0.006,0.64,0.01,0.245,0.012,0.014,0.039
99,0.24,0.008,0.237,0.206,0.006,0.261,0.024,0.02,0.017,0.174,0.048
100,0.03,0.016,0.39,0.006,0.007,0.464,0.019,0.015,0.004,0.074,0.005
101,0.43,0.2,0.004,0.308,0.066,0.007,0.006,0.006,0.015,0.008,0.38
102,0.07,0.105,0.003,0.033,0.066,0.005,0.003,0.065,0.003,0.086,0.633
103,0.03,0.35,0.002,0.027,0.143,0.004,0.012,0.003,0.003,0.003,0.451
104,0.07,0.226,0.316,0.007,0.01,0.011,0.004,0.003,0.002,0.002,0.419
105,0.04,0.311,0.03,0.004,0.562,0.003,0.002,0.004,0.032,0.003,0.05
106,0.01,0.011,0.3,0.004,0.002,0.004,0.003,0.004,0.004,0.002,0.667
107,0.06,0.242,0.002,0.077,0.44,0.003,0.004,0.007,0.046,0.014,0.166
108,0.08,0.483,0.003,0.038,0.403,0.004,0.007,0.037,0.003,0.006,0.015
109,0.09,0.284,0.002,0.062,0.013,0.014,0.009,0.014,0.012,0.015,0.575
110,0.17,0.25,0.004,0.115,0.018,0.004,0.003,0.011,0.057,0.003,0.535
111,0.54,0.152,0.01,0.352,0.004,0.009,0.01,0.006,0.018,0.005,0.434
112,0.02,0.255,0.002,0.029,0.081,0.021,0.009,0.026,0.003,0.007,0.569
113,0.06,0.236,0.002,0.036,0.004,0.004,0.003,0.005,0.001,0.003,0.705
114,0.09,0.058,0.285,0.002,0.001,0.002,0.003,0.003,0.001,0.002,0.643
115,0.03,0.345,0.002,0.009,0.006,0.005,0.008,0.003,0.008,0.018,0.596
116,0.01,0.352,0.002,0.004,0.023,0.005,0.006,0.018,0.014,0.059,0.518
117,0.03,0.188,0.002,0.06,0.202,0.005,0.009,0.013,0.008,0.012,0.501
118,0.15,0.135,0.119,0.027,0.002,0.003,0.016,0.007,0.003,0.004,0.683
119,0.19,0.25,0.003,0.158,0.003,0.005,0.004,0.004,0.002,0.003,0.569
120,0.0,0.328,0.001,0.008,0.165,0.004,0.002,0.03,0.002,0.002,0.457
121,0.0,0.39,0.002,0.002,0.328,0.006,0.005,0.009,0.006,0.001,0.252
122,0.07,0.027,0.008,0.13,0.018,0.093,0.013,0.01,0.016,0.027,0.658
123,0.0,0.296,0.271,0.001,0.028,0.003,0.002,0.001,0.004,0.002,0.391
124,0.0,0.436,0.002,0.006,0.421,0.005,0.002,0.006,0.084,0.016,0.023
125,0.03,0.17,0.003,0.053,0.066,0.005,0.003,0.044,0.058,0.002,0.596
126,0.01,0.315,0.003,0.004,0.054,0.046,0.01,0.026,0.005,0.073,0.466
127,0.04,0.364,0.002,0.058,0.016,0.004,0.01,0.012,0.002,0.03,0.502
128,0.16,0.137,0.226,0.014,0.017,0.025,0.381,0.004,0.019,0.175,0.003
129,0.43,0.015,0.005,0.383,0.009,0.115,0.386,0.036,0.028,0.017,0.008
130,0.17,0.023,0.012,0.223,0.004,0.076,0.619,0.011,0.009,0.019,0.004
131,0.11,0.002,0.322,0.002,0.002,0.004,0.605,0.016,0.001,0.043,0.003
132,0.14,0.037,0.137,0.041,0.006,0.197,0.428,0.057,0.077,0.015,0.006
133,0.05,0.008,0.009,0.009,0.029,0.006,0.734,0.039,0.004,0.158,0.003
134,0.02,0.003,0.002,0.007,0.013,0.179,0.729,0.009,0.014,0.035,0.008
135,0.37,0.003,0.099,0.185,0.68,0.003,0.004,0.002,0.017,0.003,0.004
136,0.25,0.042,0.203,0.195,0.33,0.005,0.142,0.025,0.045,0.009,0.004
137,0.42,0.069,0.003,0.312,0.139,0.029,0.045,0.347,0.011,0.035,0.011
138,0.12,0.153,0.01,0.22,0.01,0.004,0.005,0.003,0.034,0.012,0.549
139,0.03,0.094,0.002,0.05,0.059,0.007,0.01,0.041,0.016,0.007,0.714
140,0.03,0.006,0.002,0.047,0.003,0.033,0.25,0.003,0.008,0.013,0.635
141,0.1,0.006,0.016,0.102,0.002,0.093,0.005,0.014,0.156,0.007,0.599
142,0.03,0.001,0.265,0.004,0.002,0.051,0.1,0.009,0.007,0.005,0.557
143,0.09,0.008,0.003,0.135,0.005,0.1,0.045,0.054,0.138,0.005,0.507
144,0.15,0.006,0.003,0.054,0.005,0.227,0.006,0.004,0.1,0.012,0.584
145,0.12,0.004,0.002,0.266,0.003,0.248,0.016,0.005,0.02,0.008,0.428
146,0.3,0.002,0.002,0.123,0.002,0.108,0.216,0.009,0.011,0.034,0.492
147,0.51,0.088,0.004,0.493,0.267,0.02,0.037,0.062,0.005,0.007,0.015
148,0.0,0.002,0.001,0.003,0.963,0.006,0.004,0.006,0.003,0.009,0.003
149,0.0,0.003,0.002,0.013,0.948,0.003,0.013,0.006,0.005,0.005,0.002
150,0.0,0.002,0.224,0.001,0.766,0.002,0.001,0.001,0.001,0.001,0.001
151,0.03,0.002,0.002,0.011,0.853,0.003,0.006,0.004,0.11,0.004,0.005
152,0.0,0.004,0.003,0.002,0.942,0.002,0.007,0.002,0.006,0.002,0.03
153,0.01,0.014,0.001,0.003,0.958,0.004,0.002,0.005,0.001,0.007,0.004
154,0.0,0.175,0.001,0.005,0.238,0.059,0.011,0.478,0.027,0.003,0.003
155,0.0,0.04,0.001,0.014,0.117,0.05,0.095,0.47,0.015,0.007,0.191
156,0.31,0.111,0.002,0.178,0.135,0.013,0.004,0.527,0.002,0.025,0.005
157,0.14,0.011,0.004,0.109,0.027,0.004,0.004,0.703,0.126,0.005,0.006
158,0.19,0.043,0.232,0.077,0.088,0.004,0.013,0.341,0.006,0.194,0.003
159,0.39,0.005,0.004,0.402,0.13,0.011,0.017,0.373,0.004,0.042,0.013
160,0.01,0.03,0.002,0.017,0.079,0.006,0.006,0.732,0.003,0.118,0.008
161,0.03,0.007,0.001,0.062,0.049,0.006,0.171,0.677,0.011,0.012,0.002
162,0.08,0.002,0.314,0.064,0.032,0.003,0.002,0.574,0.002,0.004,0.003
163,0.12,0.01,0.003,0.195,0.028,0.004,0.006,0.6,0.096,0.016,0.041
164,0.1,0.059,0.002,0.15,0.013,0.02,0.144,0.38,0.088,0.14,0.004
165,0.13,0.008,0.001,0.176,0.034,0.008,0.002,0.528,0.009,0.23,0.004
166,0.47,0.004,0.113,0.374,0.004,0.007,0.004,0.412,0.008,0.067,0.006
167,0.85,0.048,0.037,0.476,0.014,0.025,0.034,0.242,0.041,0.077,0.006
168,0.1,0.011,0.002,0.202,0.006,0.133,0.014,0.56,0.024,0.036,0.011
169,0.17,0.025,0.003,0.21,0.006,0.005,0.098,0.606,0.008,0.005,0.034
170,0.04,0.061,0.36,0.002,0.006,0.022,0.023,0.026,0.002,0.035,0.462
171,0.03,0.214,0.07,0.003,0.041,0.003,0.003,0.004,0.031,0.005,0.626
172,0.09,0.02,0.002,0.047,0.025,0.018,0.008,0.021,0.025,0.026,0.809
173,0.02,0.033,0.002,0.005,0.017,0.003,0.146,0.01,0.004,0.004,0.775
174,0.0,0.176,0.207,0.004,0.006,0.004,0.005,0.005,0.002,0.002,0.588
175,0.08,0.022,0.002,0.068,0.005,0.005,0.02,0.103,0.005,0.018,0.751
176,0.0,0.009,0.011,0.001,0.084,0.167,0.008,0.193,0.005,0.045,0.477
177,0.01,0.161,0.026,0.06,0.059,0.012,0.007,0.01,0.006,0.016,0.644
178,0.0,0.029,0.001,0.005,0.064,0.01,0.004,0.025,0.011,0.003,0.847
179,0.0,0.015,0.359,0.001,0.006,0.025,0.017,0.03,0.002,0.015,0.53
180,0.02,0.012,0.052,0.004,0.01,0.004,0.004,0.005,0.121,0.013,0.775
181,0.0,0.468,0.002,0.003,0.386,0.008,0.024,0.004,0.01,0.002,0.092
182,0.0,0.006,0.017,0.002,0.007,0.028,0.152,0.02,0.009,0.036,0.723
183,0.01,0.02,0.243,0.002,0.009,0.003,0.003,0.006,0.006,0.003,0.704
184,0.2,0.006,0.014,0.14,0.008,0.043,0.012,0.018,0.077,0.135,0.547
185,0.0,0.014,0.008,0.019,0.07,0.008,0.013,0.008,0.017,0.007,0.836
186,0.02,0.002,0.335,0.003,0.006,0.065,0.005,0.002,0.004,0.003,0.575
187,0.01,0.004,0.006,0.011,0.019,0.13,0.108,0.006,0.149,0.01,0.556
188,0.12,0.018,0.004,0.144,0.004,0.072,0.04,0.043,0.044,0.006,0.626
189,0.0,0.006,0.002,0.003,0.033,0.015,0.282,0.002,0.024,0.009,0.624
190,0.0,0.019,0.002,0.002,0.001,0.004,0.003,0.004,0.001,0.003,0.96
191,0.05,0.007,0.003,0.045,0.046,0.036,0.101,0.092,0.014,0.051,0.604
192,0.11,0.035,0.283,0.011,0.003,0.002,0.002,0.003,0.004,0.004,0.652
193,0.14,0.004,0.011,0.143,0.011,0.008,0.012,0.01,0.11,0.003,0.689
194,0.02,0.02,0.003,0.004,0.002,0.146,0.014,0.047,0.017,0.008,0.738
195,0.07,0.118,0.001,0.009,0.05,0.011,0.006,0.009,0.002,0.019,0.773
196,0.03,0.019,0.32,0.011,0.006,0.004,0.006,0.004,0.056,0.009,0.564
197,0.05,0.054,0.002,0.007,0.004,0.009,0.003,0.006,0.005,0.008,0.903
198,0.09,0.058,0.009,0.06,0.008,0.049,0.032,0.048,0.002,0.006,0.729
199,0.01,0.118,0.002,0.01,0.006,0.009,0.002,0.004,0.005,0.005,0.839
200,0.09,0.002,0.284,0.022,0.001,0.076,0.007,0.005,0.004,0.008,0.593
201,0.07,0.077,0.002,0.192,0.004,0.006,0.005,0.007,0.003,0.003,0.702
202,0.01,0.014,0.002,0.028,0.01,0.236,0.022,0.013,0.019,0.016,0.64
203,0.06,0.009,0.011,0.019,0.004,0.02,0.009,0.068,0.012,0.046,0.801
204,0.0,0.037,0.001,0.015,0.101,0.02,0.011,0.002,0.003,0.009,0.8
205,0.0,0.006,0.135,0.004,0.001,0.025,0.014,0.014,0.086,0.004,0.711
206,0.0,0.004,0.001,0.003,0.002,0.292,0.027,0.004,0.013,0.016,0.638
207,0.03,0.027,0.002,0.002,0.002,0.007,0.007,0.004,0.002,0.026,0.921
208,0.13,0.016,0.004,0.174,0.126,0.017,0.024,0.01,0.019,0.007,0.604
209,0.02,0.028,0.013,0.005,0.005,0.004,0.005,0.005,0.118,0.018,0.799
210,0.07,0.08,0.001,0.08,0.005,0.003,0.003,0.002,0.002,0.003,0.821
211,0.02,0.153,0.01,0.022,0.013,0.007,0.014,0.008,0.004,0.007,0.763
212,0.08,0.003,0.004,0.019,0.005,0.024,0.21,0.015,0.011,0.057,0.651
213,0.17,0.203,0.007,0.253,0.004,0.003,0.024,0.008,0.004,0.029,0.466
214,0.06,0.007,0.002,0.016,0.112,0.004,0.341,0.412,0.003,0.098,0.004
215,0.0,0.006,0.002,0.005,0.146,0.021,0.116,0.629,0.007,0.065,0.004
216,0.04,0.003,0.11,0.007,0.856,0.003,0.006,0.002,0.008,0.002,0.003
217,0.02,0.039,0.006,0.012,0.774,0.024,0.095,0.017,0.014,0.008,0.012
218,0.12,0.082,0.002,0.139,0.133,0.01,0.005,0.011,0.016,0.003,0.599
219,0.13,0.19,0.016,0.124,0.172,0.003,0.006,0.009,0.122,0.008,0.351
220,0.49,0.004,0.138,0.381,0.003,0.044,0.219,0.011,0.005,0.184,0.01
221,0.12,0.003,0.001,0.17,0.017,0.098,0.683,0.007,0.008,0.01,0.003
222,0.02,0.004,0.017,0.029,0.003,0.117,0.763,0.017,0.009,0.038,0.004
223,0.06,0.003,0.001,0.137,0.002,0.015,0.64,0.183,0.004,0.01,0.006
224,0.21,0.005,0.003,0.099,0.006,0.082,0.757,0.012,0.006,0.026,0.005
225,0.02,0.011,0.002,0.05,0.006,0.052,0.775,0.078,0.002,0.009,0.015
226,0.05,0.08,0.002,0.151,0.003,0.005,0.734,0.01,0.001,0.01,0.003
227,0.45,0.006,0.003,0.449,0.007,0.012,0.313,0.005,0.045,0.006,0.155
228,0.48,0.005,0.124,0.392,0.006,0.008,0.425,0.003,0.003,0.028,0.005
229,0.0,0.015,0.002,0.004,0.002,0.595,0.334,0.008,0.006,0.019,0.015
230,0.02,0.034,0.002,0.003,0.064,0.168,0.688,0.017,0.017,0.002,0.005
231,0.0,0.054,0.019,0.009,0.003,0.558,0.072,0.031,0.02,0.188,0.046
232,0.0,0.003,0.004,0.018,0.01,0.137,0.674,0.018,0.01,0.12,0.006
233,0.03,0.002,0.002,0.023,0.002,0.155,0.72,0.017,0.023,0.039,0.017
234,0.01,0.004,0.142,0.029,0.004,0.01,0.688,0.097,0.003,0.015,0.008
235,0.25,0.044,0.002,0.169,0.045,0.078,0.533,0.009,0.034,0.075,0.011
236,0.02,0.003,0.002,0.01,0.003,0.051,0.901,0.015,0.004,0.004,0.007
237,0.21,0.007,0.001,0.292,0.004,0.039,0.594,0.034,0.006,0.012,0.011
238,0.11,0.011,0.011,0.046,0.02,0.009,0.664,0.02,0.197,0.014,0.009
239,0.0,0.006,0.003,0.002,0.01,0.095,0.815,0.038,0.004,0.016,0.01
240,0.62,0.004,0.152,0.517,0.003,0.021,0.269,0.018,0.004,0.007,0.005
241,0.08,0.002,0.004,0.048,0.004,0.004,0.775,0.101,0.003,0.054,0.006
242,0.07,0.001,0.004,0.077,0.001,0.194,0.705,0.007,0.001,0.006,0.003
243,0.04,0.007,0.222,0.002,0.005,0.003,0.731,0.013,0.005,0.011,0.001
244,0.18,0.038,0.002,0.045,0.004,0.012,0.828,0.018,0.008,0.037,0.007
245,0.38,0.004,0.002,0.295,0.014,0.006,0.635,0.014,0.006,0.007,0.017
246,0.07,0.091,0.12,0.019,0.005,0.013,0.462,0.006,0.116,0.093,0.075
247,0.55,0.005,0.205,0.381,0.005,0.01,0.357,0.008,0.002,0.02,0.008
248,0.01,0.007,0.002,0.084,0.008,0.044,0.79,0.012,0.005,0.039,0.008
249,0.0,0.003,0.009,0.034,0.024,0.045,0.714,0.127,0.01,0.014,0.018
250,0.07,0.004,0.003,0.174,0.003,0.038,0.638,0.124,0.006,0.006,0.005
251,0.01,0.007,0.005,0.112,0.003,0.113,0.539,0.068,0.014,0.132,0.007
252,0.04,0.005,0.004,0.02,0.001,0.024,0.881,0.01,0.022,0.024,0.009
253,0.08,0.004,0.001,0.146,0.003,0.03,0.692,0.007,0.019,0.014,0.084
254,0.36,0.003,0.007,0.343,0.01,0.058,0.325,0.012,0.024,0.215,0.004
255,0.09,0.006,0.003,0.114,0.004,0.18,0.441,0.008,0.213,0.025,0.007
256,0.72,0.031,0.003,0.558,0.003,0.006,0.326,0.017,0.007,0.012,0.036
257,0.01,0.007,0.005,0.07,0.01,0.029,0.61,0.122,0.112,0.026,0.011
258,0.0,0.002,0.003,0.096,0.049,0.213,0.527,0.085,0.003,0.017,0.004
259,0.0,0.005,0.077,0.003,0.007,0.007,0.712,0.013,0.137,0.036,0.004
260,0.0,0.004,0.001,0.002,0.004,0.035,0.749,0.039,0.08,0.065,0.021
261,0.01,0.01,0.002,0.005,0.006,0.064,0.783,0.024,0.006,0.086,0.014
262,0.03,0.003,0.003,0.015,0.003,0.014,0.716,0.007,0.195,0.039,0.006
263,0.29,0.004,0.173,0.242,0.006,0.011,0.491,0.016,0.014,0.038,0.005
264,0.0,0.003,0.001,0.017,0.084,0.021,0.611,0.166,0.004,0.084,0.008
265,0.0,0.004,0.002,0.002,0.003,0.147,0.714,0.005,0.032,0.083,0.007
266,0.07,0.017,0.002,0.066,0.01,0.03,0.798,0.016,0.003,0.046,0.012
267,0.4,0.01,0.002,0.46,0.01,0.008,0.011,0.027,0.013,0.003,0.456
268,0.72,0.162,0.004,0.565,0.127,0.011,0.034,0.014,0.004,0.026,0.054
269,0.02,0.006,0.018,0.019,0.005,0.103,0.139,0.105,0.02,0.006,0.581
270,0.68,0.022,0.002,0.55,0.006,0.255,0.012,0.007,0.004,0.062,0.079
271,0.49,0.004,0.003,0.434,0.005,0.096,0.055,0.015,0.003,0.058,0.326
272,0.18,0.008,0.001,0.064,0.007,0.7,0.008,0.005,0.003,0.01,0.193
273,0.07,0.019,0.003,0.013,0.004,0.016,0.01,0.005,0.167,0.018,0.744
274,0.7,0.004,0.164,0.458,0.132,0.025,0.004,0.015,0.006,0.019,0.172
275,0.02,0.035,0.006,0.01,0.003,0.179,0.04,0.034,0.005,0.004,0.683
276,0.7,0.007,0.003,0.54,0.004,0.004,0.008,0.018,0.007,0.004,0.406
277,0.04,0.007,0.002,0.033,0.015,0.84,0.048,0.006,0.03,0.004,0.014
278,0.02,0.004,0.005,0.105,0.003,0.518,0.276,0.042,0.003,0.039,0.005
279,0.04,0.313,0.122,0.004,0.538,0.002,0.005,0.005,0.001,0.005,0.005
280,0.0,0.18,0.002,0.003,0.004,0.011,0.196,0.004,0.002,0.002,0.596
281,0.02,0.093,0.005,0.004,0.006,0.009,0.182,0.007,0.002,0.006,0.686
282,0.04,0.03,0.051,0.003,0.007,0.002,0.003,0.025,0.155,0.004,0.719
283,0.22,0.02,0.158,0.167,0.045,0.003,0.004,0.003,0.001,0.003,0.596
284,0.0,0.005,0.007,0.004,0.061,0.028,0.162,0.632,0.015,0.008,0.078
285,0.72,0.063,0.006,0.526,0.009,0.028,0.177,0.107,0.023,0.016,0.045
286,0.01,0.002,0.162,0.003,0.002,0.094,0.107,0.607,0.008,0.01,0.005
287,0.0,0.005,0.006,0.006,0.034,0.04,0.305,0.584,0.007,0.004,0.008
288,0.0,0.232,0.17,0.001,0.582,0.002,0.002,0.002,0.004,0.002,0.003
289,0.0,0.027,0.032,0.003,0.875,0.005,0.005,0.006,0.038,0.001,0.008
290,0.0,0.003,0.003,0.003,0.003,0.219,0.3,0.004,0.006,0.003,0.456
291,0.0,0.005,0.005,0.003,0.927,0.003,0.015,0.014,0.005,0.011,0.012
292,0.0,0.003,0.001,0.001,0.98,0.002,0.001,0.002,0.002,0.004,0.005
293,0.0,0.306,0.002,0.01,0.648,0.011,0.004,0.006,0.003,0.002,0.008
294,0.0,0.002,0.001,0.006,0.002,0.148,0.27,0.004,0.006,0.01,0.551
295,0.0,0.006,0.073,0.003,0.004,0.011,0.31,0.039,0.025,0.522,0.006
296,0.37,0.003,0.003,0.316,0.018,0.019,0.118,0.067,0.01,0.439,0.006
297,0.5,0.002,0.002,0.541,0.01,0.022,0.004,0.007,0.005,0.405,0.002
298,0.01,0.012,0.001,0.01,0.002,0.008,0.212,0.026,0.006,0.72,0.003
299,0.0,0.004,0.002,0.005,0.003,0.007,0.263,0.017,0.002,0.694,0.003
300,0.2,0.002,0.068,0.102,0.004,0.008,0.032,0.012,0.138,0.497,0.136
301,0.54,0.01,0.083,0.427,0.058,0.01,0.009,0.01,0.003,0.382,0.008
302,0.04,0.02,0.001,0.04,0.012,0.093,0.011,0.071,0.004,0.741,0.008
303,0.56,0.007,0.003,0.406,0.011,0.013,0.008,0.008,0.005,0.503,0.038
304,0.82,0.004,0.006,0.646,0.016,0.022,0.033,0.013,0.007,0.246,0.006
305,0.01,0.017,0.007,0.048,0.002,0.007,0.018,0.004,0.01,0.878,0.009
306,0.12,0.003,0.002,0.055,0.002,0.01,0.011,0.004,0.004,0.878,0.031
307,0.1,0.01,0.004,0.078,0.028,0.007,0.087,0.073,0.002,0.706,0.004
308,0.23,0.005,0.072,0.154,0.002,0.007,0.005,0.009,0.019,0.722,0.005
309,0.1,0.003,0.02,0.034,0.023,0.004,0.204,0.085,0.005,0.595,0.026
310,0.04,0.01,0.002,0.004,0.004,0.023,0.008,0.197,0.007,0.742,0.003
311,0.03,0.002,0.003,0.004,0.002,0.026,0.148,0.004,0.007,0.801,0.002
312,0.1,0.002,0.008,0.01,0.003,0.016,0.004,0.004,0.18,0.768,0.005
313,0.03,0.008,0.002,0.006,0.006,0.012,0.007,0.004,0.003,0.858,0.094
314,0.02,0.007,0.002,0.125,0.839,0.006,0.003,0.004,0.002,0.003,0.009
315,0.46,0.002,0.128,0.226,0.63,0.003,0.001,0.002,0.002,0.005,0.001
316,0.05,0.004,0.003,0.081,0.835,0.008,0.024,0.004,0.004,0.027,0.011
317,0.44,0.002,0.191,0.164,0.605,0.003,0.004,0.003,0.004,0.006,0.019
318,0.02,0.003,0.003,0.045,0.929,0.003,0.002,0.004,0.005,0.003,0.004
319,0.03,0.003,0.001,0.115,0.862,0.002,0.002,0.008,0.002,0.003,0.002
320,0.06,0.366,0.003,0.147,0.449,0.003,0.005,0.014,0.005,0.005,0.003
321,0.0,0.079,0.002,0.004,0.832,0.011,0.004,0.056,0.005,0.004,0.003
322,0.02,0.016,0.002,0.02,0.917,0.015,0.003,0.007,0.005,0.008,0.007
