,prop_missing,prop_1,prop_2,prop_3,prop_4,prop_5,prop_6,prop_7
0,0.02,0.101,0.004,0.005,0.077,0.004,0.251,0.558
1,0.02,0.051,0.132,0.005,0.018,0.014,0.676,0.104
2,0.03,0.006,0.003,0.107,0.005,0.005,0.682,0.192
3,0.0,0.008,0.005,0.002,0.01,0.013,0.384,0.579
4,0.0,0.018,0.107,0.017,0.045,0.014,0.725,0.073
5,0.0,0.07,0.007,0.003,0.015,0.011,0.814,0.08
6,0.0,0.004,0.089,0.141,0.006,0.006,0.405,0.351
7,0.0,0.015,0.16,0.003,0.019,0.003,0.794,0.006
8,0.0,0.007,0.01,0.005,0.038,0.033,0.647,0.259
9,0.08,0.03,0.025,0.035,0.009,0.013,0.327,0.561
10,0.01,0.012,0.004,0.003,0.032,0.011,0.382,0.555
11,0.0,0.004,0.154,0.001,0.003,0.006,0.226,0.606
12,0.0,0.018,0.007,0.003,0.02,0.004,0.877,0.07
13,0.0,0.014,0.244,0.006,0.017,0.007,0.697,0.016
14,0.0,0.685,0.005,0.219,0.011,0.003,0.019,0.058
15,0.0,0.951,0.002,0.002,0.015,0.009,0.015,0.006
16,0.05,0.685,0.002,0.002,0.278,0.023,0.006,0.004
17,0.01,0.96,0.007,0.01,0.013,0.004,0.003,0.004
18,0.03,0.915,0.004,0.012,0.012,0.014,0.038,0.006
19,0.04,0.655,0.002,0.223,0.103,0.009,0.005,0.004
20,0.02,0.749,0.002,0.211,0.012,0.018,0.004,0.003
21,0.01,0.95,0.003,0.001,0.013,0.009,0.008,0.015
22,0.05,0.802,0.153,0.027,0.007,0.006,0.003,0.002
23,0.08,0.629,0.002,0.254,0.012,0.096,0.003,0.005
24,0.01,0.9,0.003,0.002,0.015,0.022,0.025,0.034
25,0.01,0.877,0.011,0.002,0.076,0.017,0.011,0.005
26,0.0,0.739,0.003,0.002,0.216,0.015,0.013,0.011
27,0.0,0.924,0.025,0.004,0.03,0.008,0.005,0.003
28,0.0,0.681,0.06,0.003,0.233,0.017,0.004,0.003
29,0.01,0.372,0.003,0.003,0.497,0.064,0.02,0.042
30,0.07,0.208,0.121,0.004,0.6,0.025,0.028,0.014
31,0.15,0.466,0.005,0.015,0.199,0.305,0.004,0.007
32,0.08,0.305,0.011,0.002,0.599,0.045,0.017,0.021
33,0.0,0.005,0.004,0.003,0.977,0.004,0.002,0.005
34,0.0,0.316,0.003,0.002,0.484,0.116,0.054,0.025
35,0.04,0.009,0.011,0.053,0.901,0.011,0.005,0.01
36,0.06,0.048,0.041,0.004,0.881,0.016,0.003,0.006
37,0.02,0.016,0.002,0.002,0.949,0.004,0.02,0.007
38,0.0,0.045,0.172,0.01,0.746,0.008,0.005,0.012
39,0.05,0.002,0.004,0.204,0.003,0.004,0.003,0.78
40,0.02,0.005,0.004,0.003,0.003,0.008,0.006,0.972
41,0.0,0.003,0.003,0.003,0.007,0.005,0.002,0.977
42,0.08,0.007,0.004,0.005,0.004,0.151,0.003,0.825
43,0.01,0.003,0.002,0.085,0.005,0.003,0.006,0.896
44,0.55,0.024,0.022,0.005,0.063,0.658,0.033,0.196
45,0.02,0.029,0.002,0.015,0.004,0.004,0.022,0.924
46,0.0,0.008,0.003,0.002,0.004,0.006,0.007,0.97
47,0.01,0.004,0.063,0.008,0.006,0.004,0.003,0.912
48,0.14,0.01,0.098,0.003,0.044,0.005,0.009,0.832
49,0.01,0.016,0.003,0.005,0.023,0.006,0.01,0.939
50,0.06,0.01,0.01,0.003,0.005,0.052,0.005,0.916
51,0.01,0.002,0.002,0.279,0.002,0.004,0.154,0.557
52,0.0,0.003,0.169,0.003,0.004,0.003,0.002,0.817
53,0.07,0.004,0.004,0.314,0.008,0.009,0.229,0.432
54,0.06,0.018,0.001,0.337,0.009,0.008,0.094,0.533
55,0.13,0.36,0.006,0.341,0.023,0.248,0.014,0.008
56,0.0,0.004,0.244,0.002,0.004,0.008,0.22,0.519
57,0.0,0.002,0.003,0.157,0.004,0.002,0.002,0.829
58,0.03,0.017,0.002,0.007,0.014,0.021,0.01,0.929
59,0.04,0.632,0.003,0.015,0.016,0.293,0.037,0.004
60,0.05,0.696,0.003,0.002,0.005,0.277,0.009,0.009
61,0.08,0.543,0.002,0.366,0.006,0.073,0.008,0.002
62,0.05,0.41,0.004,0.321,0.013,0.237,0.012,0.002
63,0.0,0.547,0.001,0.415,0.009,0.014,0.002,0.011
64,0.0,0.405,0.006,0.379,0.028,0.169,0.008,0.005
65,0.05,0.749,0.005,0.193,0.009,0.036,0.002,0.006
66,0.07,0.658,0.009,0.035,0.018,0.261,0.013,0.005
67,0.03,0.169,0.001,0.003,0.182,0.007,0.636,0.002
68,0.04,0.017,0.124,0.055,0.262,0.007,0.532,0.002
69,0.01,0.022,0.106,0.004,0.014,0.015,0.735,0.104
70,0.23,0.012,0.088,0.011,0.018,0.306,0.559,0.006
71,0.0,0.041,0.005,0.016,0.05,0.016,0.869,0.003
72,0.02,0.006,0.092,0.151,0.003,0.011,0.733,0.004
73,0.0,0.014,0.118,0.005,0.305,0.003,0.553,0.002
74,0.0,0.109,0.003,0.009,0.007,0.002,0.829,0.042
75,0.0,0.008,0.219,0.122,0.003,0.003,0.559,0.084
76,0.0,0.017,0.004,0.241,0.221,0.002,0.511,0.003
77,0.01,0.171,0.003,0.003,0.79,0.016,0.006,0.011
78,0.0,0.342,0.002,0.013,0.608,0.003,0.028,0.005
79,0.01,0.136,0.002,0.007,0.723,0.11,0.01,0.012
80,0.0,0.089,0.003,0.08,0.817,0.005,0.003,0.003
81,0.03,0.008,0.004,0.002,0.96,0.015,0.003,0.008
82,0.0,0.133,0.003,0.005,0.842,0.002,0.013,0.002
83,0.0,0.103,0.157,0.014,0.718,0.003,0.002,0.003
84,0.0,0.194,0.002,0.227,0.559,0.011,0.004,0.003
85,0.03,0.013,0.005,0.004,0.916,0.053,0.005,0.004
86,0.05,0.15,0.014,0.005,0.735,0.07,0.009,0.016
87,0.06,0.226,0.004,0.005,0.649,0.075,0.023,0.019
88,0.02,0.013,0.116,0.095,0.735,0.005,0.007,0.029
89,0.03,0.16,0.09,0.003,0.728,0.007,0.01,0.004
90,0.05,0.438,0.002,0.004,0.475,0.037,0.017,0.027
91,0.0,0.022,0.223,0.004,0.738,0.004,0.003,0.006
92,0.01,0.031,0.016,0.209,0.58,0.144,0.005,0.015
93,0.02,0.117,0.173,0.004,0.47,0.222,0.011,0.003
94,0.02,0.163,0.002,0.007,0.526,0.194,0.102,0.005
95,0.0,0.011,0.003,0.368,0.565,0.016,0.029,0.008
96,0.0,0.024,0.254,0.004,0.576,0.107,0.032,0.002
97,0.02,0.354,0.014,0.005,0.552,0.048,0.021,0.006
98,0.02,0.168,0.009,0.005,0.579,0.17,0.053,0.018
99,0.24,0.012,0.121,0.241,0.214,0.388,0.02,0.004
100,0.03,0.018,0.004,0.412,0.459,0.066,0.009,0.032
101,0.43,0.009,0.007,0.003,0.015,0.232,0.592,0.142
102,0.07,0.007,0.141,0.003,0.004,0.161,0.656,0.028
103,0.03,0.018,0.003,0.005,0.012,0.036,0.678,0.247
104,0.07,0.008,0.002,0.34,0.008,0.004,0.594,0.043
105,0.04,0.004,0.195,0.029,0.005,0.004,0.13,0.634
106,0.01,0.005,0.002,0.31,0.005,0.004,0.673,0.002
107,0.06,0.004,0.202,0.002,0.006,0.04,0.255,0.49
108,0.08,0.017,0.012,0.005,0.006,0.037,0.353,0.57
109,0.09,0.011,0.006,0.003,0.105,0.049,0.766,0.061
110,0.17,0.004,0.226,0.005,0.007,0.025,0.668,0.065
111,0.54,0.015,0.014,0.012,0.01,0.274,0.66,0.015
112,0.02,0.016,0.055,0.002,0.02,0.038,0.717,0.151
113,0.06,0.006,0.002,0.002,0.01,0.009,0.921,0.05
114,0.09,0.005,0.002,0.295,0.002,0.003,0.692,0.001
115,0.03,0.02,0.136,0.002,0.02,0.016,0.76,0.046
116,0.01,0.041,0.004,0.002,0.016,0.027,0.747,0.162
117,0.03,0.014,0.01,0.002,0.011,0.068,0.642,0.253
118,0.15,0.04,0.002,0.132,0.006,0.023,0.795,0.002
119,0.19,0.015,0.006,0.007,0.01,0.077,0.845,0.04
120,0.0,0.004,0.224,0.002,0.003,0.008,0.569,0.192
121,0.0,0.016,0.006,0.004,0.031,0.003,0.497,0.444
122,0.07,0.01,0.071,0.009,0.103,0.126,0.654,0.026
123,0.0,0.002,0.004,0.281,0.003,0.002,0.568,0.141
124,0.0,0.006,0.264,0.004,0.003,0.01,0.213,0.5
125,0.03,0.008,0.182,0.004,0.012,0.034,0.659,0.102
126,0.01,0.023,0.008,0.002,0.12,0.028,0.641,0.178
127,0.04,0.026,0.004,0.003,0.005,0.12,0.721,0.121
128,0.16,0.31,0.004,0.234,0.247,0.143,0.021,0.04
129,0.43,0.281,0.006,0.007,0.188,0.486,0.015,0.018
130,0.17,0.549,0.014,0.019,0.063,0.339,0.01,0.005
131,0.11,0.591,0.002,0.328,0.005,0.067,0.005,0.003
132,0.14,0.497,0.155,0.129,0.132,0.074,0.007,0.006
133,0.05,0.705,0.002,0.004,0.008,0.223,0.005,0.053
134,0.02,0.741,0.002,0.002,0.189,0.038,0.01,0.017
135,0.37,0.009,0.085,0.107,0.004,0.02,0.004,0.771
136,0.25,0.178,0.011,0.223,0.016,0.172,0.007,0.393
137,0.42,0.124,0.006,0.005,0.037,0.54,0.047,0.241
138,0.12,0.003,0.193,0.007,0.008,0.161,0.597,0.031
139,0.03,0.011,0.19,0.002,0.008,0.025,0.713,0.05
140,0.03,0.173,0.002,0.003,0.144,0.028,0.645,0.005
141,0.1,0.005,0.141,0.014,0.227,0.056,0.554,0.002
142,0.03,0.097,0.002,0.279,0.107,0.006,0.507,0.002
143,0.09,0.008,0.105,0.007,0.353,0.023,0.501,0.003
144,0.15,0.005,0.145,0.003,0.303,0.024,0.514,0.007
145,0.12,0.008,0.002,0.002,0.29,0.228,0.466,0.003
146,0.3,0.037,0.004,0.002,0.273,0.19,0.493,0.002
147,0.51,0.035,0.005,0.004,0.013,0.555,0.022,0.366
148,0.0,0.003,0.077,0.001,0.003,0.004,0.003,0.909
149,0.0,0.014,0.003,0.005,0.004,0.009,0.004,0.961
150,0.0,0.002,0.001,0.224,0.002,0.001,0.001,0.768
151,0.03,0.005,0.127,0.003,0.008,0.007,0.004,0.846
152,0.0,0.01,0.003,0.003,0.008,0.002,0.035,0.938
153,0.01,0.003,0.088,0.001,0.002,0.004,0.004,0.898
154,0.0,0.051,0.28,0.007,0.208,0.152,0.011,0.29
155,0.0,0.269,0.185,0.003,0.118,0.112,0.17,0.143
156,0.31,0.068,0.012,0.004,0.031,0.557,0.062,0.266
157,0.14,0.18,0.213,0.01,0.017,0.453,0.02,0.107
158,0.19,0.047,0.042,0.261,0.01,0.471,0.014,0.155
159,0.39,0.027,0.005,0.007,0.013,0.727,0.02,0.201
160,0.01,0.255,0.191,0.003,0.015,0.404,0.008,0.123
161,0.03,0.507,0.002,0.008,0.029,0.304,0.006,0.144
162,0.08,0.045,0.006,0.386,0.007,0.421,0.007,0.128
163,0.12,0.024,0.212,0.005,0.007,0.554,0.034,0.164
164,0.1,0.17,0.01,0.003,0.276,0.408,0.03,0.103
165,0.13,0.008,0.025,0.003,0.176,0.629,0.005,0.154
166,0.47,0.01,0.022,0.144,0.012,0.795,0.005,0.013
167,0.85,0.032,0.011,0.085,0.024,0.797,0.015,0.037
168,0.1,0.043,0.113,0.003,0.298,0.52,0.01,0.014
169,0.17,0.338,0.002,0.003,0.008,0.502,0.094,0.053
170,0.04,0.07,0.003,0.375,0.01,0.018,0.514,0.01
171,0.03,0.002,0.275,0.056,0.002,0.003,0.606,0.056
172,0.09,0.008,0.185,0.003,0.027,0.018,0.754,0.005
173,0.02,0.142,0.003,0.002,0.007,0.022,0.81,0.014
174,0.0,0.013,0.008,0.226,0.006,0.009,0.723,0.016
175,0.08,0.053,0.028,0.003,0.008,0.127,0.775,0.007
176,0.0,0.17,0.215,0.03,0.11,0.008,0.399,0.068
177,0.01,0.009,0.16,0.021,0.005,0.073,0.656,0.077
178,0.0,0.005,0.182,0.002,0.012,0.004,0.778,0.017
179,0.0,0.041,0.017,0.382,0.036,0.003,0.513,0.007
180,0.02,0.006,0.307,0.026,0.006,0.005,0.644,0.007
181,0.0,0.021,0.14,0.004,0.013,0.004,0.308,0.509
182,0.0,0.162,0.004,0.019,0.094,0.005,0.707,0.01
183,0.01,0.004,0.065,0.245,0.005,0.002,0.67,0.008
184,0.2,0.017,0.117,0.013,0.131,0.186,0.522,0.014
185,0.0,0.024,0.002,0.007,0.03,0.014,0.859,0.065
186,0.02,0.009,0.004,0.343,0.089,0.003,0.548,0.004
187,0.01,0.045,0.157,0.005,0.318,0.014,0.454,0.007
188,0.12,0.021,0.105,0.009,0.124,0.111,0.626,0.003
189,0.0,0.274,0.002,0.002,0.087,0.005,0.607,0.023
190,0.0,0.005,0.002,0.003,0.004,0.005,0.979,0.002
191,0.05,0.124,0.015,0.003,0.092,0.146,0.596,0.024
192,0.11,0.005,0.003,0.282,0.004,0.006,0.696,0.003
193,0.14,0.017,0.008,0.007,0.204,0.018,0.728,0.017
194,0.02,0.01,0.092,0.003,0.178,0.007,0.703,0.006
195,0.07,0.008,0.017,0.002,0.02,0.009,0.834,0.11
196,0.03,0.006,0.005,0.339,0.043,0.023,0.576,0.007
197,0.05,0.003,0.188,0.002,0.006,0.006,0.794,0.002
198,0.09,0.088,0.013,0.008,0.02,0.078,0.783,0.01
199,0.01,0.003,0.01,0.005,0.019,0.011,0.94,0.012
200,0.09,0.007,0.003,0.289,0.135,0.008,0.554,0.002
201,0.07,0.007,0.039,0.002,0.033,0.109,0.806,0.004
202,0.01,0.026,0.03,0.004,0.294,0.014,0.622,0.009
203,0.06,0.019,0.098,0.01,0.017,0.104,0.749,0.003
204,0.0,0.015,0.036,0.002,0.032,0.01,0.807,0.099
205,0.0,0.011,0.1,0.127,0.122,0.005,0.634,0.001
206,0.0,0.011,0.092,0.001,0.306,0.006,0.582,0.002
207,0.03,0.005,0.02,0.002,0.012,0.02,0.939,0.002
208,0.13,0.017,0.002,0.005,0.036,0.166,0.659,0.114
209,0.02,0.003,0.287,0.005,0.003,0.007,0.693,0.003
210,0.07,0.008,0.03,0.002,0.007,0.018,0.926,0.009
211,0.02,0.018,0.022,0.017,0.019,0.017,0.885,0.022
212,0.08,0.081,0.002,0.004,0.206,0.067,0.636,0.005
213,0.17,0.008,0.004,0.008,0.005,0.34,0.627,0.008
214,0.06,0.515,0.002,0.003,0.012,0.306,0.009,0.154
215,0.0,0.474,0.011,0.003,0.04,0.24,0.013,0.219
216,0.04,0.006,0.008,0.115,0.005,0.002,0.003,0.862
217,0.02,0.142,0.021,0.007,0.019,0.008,0.016,0.786
218,0.12,0.011,0.003,0.003,0.021,0.029,0.739,0.194
219,0.13,0.008,0.198,0.02,0.006,0.091,0.452,0.225
220,0.49,0.125,0.006,0.15,0.046,0.644,0.021,0.008
221,0.12,0.659,0.005,0.002,0.111,0.193,0.006,0.024
222,0.02,0.779,0.003,0.012,0.139,0.061,0.003,0.004
223,0.06,0.72,0.002,0.002,0.008,0.258,0.005,0.004
224,0.21,0.75,0.002,0.003,0.068,0.157,0.011,0.009
225,0.02,0.888,0.018,0.001,0.027,0.035,0.02,0.011
226,0.05,0.785,0.006,0.003,0.004,0.187,0.009,0.006
227,0.45,0.204,0.039,0.003,0.083,0.494,0.165,0.012
228,0.48,0.407,0.002,0.124,0.01,0.43,0.015,0.012
229,0.0,0.362,0.008,0.006,0.57,0.018,0.033,0.003
230,0.02,0.685,0.003,0.004,0.216,0.004,0.016,0.071
231,0.0,0.29,0.11,0.035,0.449,0.068,0.043,0.005
232,0.0,0.7,0.002,0.002,0.202,0.067,0.018,0.009
233,0.03,0.65,0.002,0.003,0.228,0.099,0.015,0.004
234,0.01,0.689,0.044,0.135,0.013,0.101,0.012,0.005
235,0.25,0.523,0.014,0.004,0.141,0.213,0.04,0.065
236,0.02,0.938,0.003,0.002,0.029,0.01,0.014,0.003
237,0.21,0.554,0.007,0.003,0.022,0.398,0.012,0.003
238,0.11,0.695,0.224,0.014,0.022,0.024,0.006,0.016
239,0.0,0.867,0.067,0.005,0.04,0.009,0.006,0.005
240,0.62,0.065,0.009,0.167,0.018,0.728,0.008,0.005
241,0.08,0.741,0.009,0.006,0.006,0.229,0.007,0.003
242,0.07,0.806,0.002,0.004,0.103,0.078,0.005,0.002
243,0.04,0.753,0.003,0.228,0.005,0.004,0.003,0.005
244,0.18,0.766,0.045,0.002,0.007,0.161,0.009,0.01
245,0.38,0.588,0.003,0.004,0.024,0.332,0.037,0.013
246,0.07,0.504,0.112,0.106,0.019,0.096,0.153,0.009
247,0.55,0.207,0.003,0.224,0.005,0.524,0.027,0.01
248,0.01,0.814,0.002,0.002,0.029,0.127,0.017,0.008
249,0.0,0.758,0.003,0.005,0.063,0.12,0.025,0.026
250,0.07,0.698,0.003,0.005,0.044,0.237,0.01,0.003
251,0.01,0.489,0.002,0.005,0.204,0.284,0.013,0.004
252,0.04,0.867,0.003,0.004,0.052,0.052,0.019,0.003
253,0.08,0.76,0.039,0.002,0.075,0.053,0.068,0.003
254,0.36,0.125,0.003,0.006,0.208,0.639,0.005,0.013
255,0.09,0.401,0.193,0.005,0.256,0.135,0.005,0.005
256,0.72,0.102,0.018,0.004,0.008,0.801,0.061,0.006
257,0.01,0.605,0.015,0.004,0.169,0.171,0.019,0.017
258,0.0,0.607,0.001,0.002,0.144,0.174,0.002,0.068
259,0.0,0.795,0.029,0.068,0.076,0.011,0.003,0.017
260,0.0,0.857,0.076,0.003,0.037,0.015,0.009,0.004
261,0.01,0.813,0.003,0.002,0.123,0.028,0.019,0.012
262,0.03,0.736,0.174,0.004,0.024,0.055,0.004,0.002
263,0.29,0.403,0.003,0.184,0.025,0.368,0.008,0.008
264,0.0,0.708,0.017,0.002,0.021,0.126,0.01,0.117
265,0.0,0.716,0.134,0.002,0.12,0.018,0.003,0.006
266,0.07,0.834,0.007,0.002,0.053,0.074,0.018,0.013
267,0.4,0.004,0.003,0.005,0.015,0.419,0.528,0.026
268,0.72,0.032,0.009,0.003,0.009,0.618,0.198,0.13
269,0.02,0.204,0.055,0.014,0.123,0.027,0.572,0.005
270,0.68,0.011,0.01,0.002,0.043,0.738,0.189,0.007
271,0.49,0.02,0.004,0.004,0.017,0.58,0.37,0.005
272,0.18,0.034,0.005,0.002,0.628,0.066,0.258,0.008
273,0.07,0.017,0.193,0.004,0.06,0.016,0.705,0.006
274,0.7,0.005,0.01,0.163,0.017,0.494,0.149,0.161
275,0.02,0.026,0.006,0.004,0.26,0.007,0.692,0.003
276,0.7,0.005,0.005,0.004,0.005,0.508,0.464,0.008
277,0.04,0.097,0.003,0.003,0.839,0.026,0.016,0.017
278,0.02,0.34,0.002,0.007,0.41,0.229,0.007,0.006
279,0.04,0.011,0.005,0.139,0.004,0.012,0.15,0.679
280,0.0,0.248,0.032,0.002,0.005,0.002,0.699,0.011
281,0.02,0.217,0.003,0.008,0.005,0.004,0.754,0.009
282,0.04,0.008,0.16,0.08,0.005,0.008,0.723,0.016
283,0.22,0.006,0.006,0.187,0.003,0.037,0.694,0.067
284,0.0,0.485,0.085,0.016,0.06,0.189,0.055,0.109
285,0.72,0.138,0.005,0.006,0.038,0.64,0.141,0.03
286,0.01,0.548,0.117,0.169,0.008,0.149,0.005,0.005
287,0.0,0.765,0.015,0.011,0.024,0.043,0.031,0.11
288,0.0,0.003,0.1,0.191,0.003,0.003,0.027,0.673
289,0.0,0.005,0.129,0.015,0.002,0.002,0.004,0.843
290,0.0,0.263,0.004,0.004,0.281,0.004,0.441,0.003
291,0.0,0.044,0.002,0.005,0.013,0.006,0.007,0.922
292,0.0,0.002,0.092,0.001,0.002,0.002,0.004,0.898
293,0.0,0.007,0.007,0.005,0.024,0.018,0.187,0.754
294,0.0,0.193,0.002,0.002,0.245,0.007,0.55,0.002
295,0.0,0.404,0.039,0.075,0.103,0.364,0.008,0.007
296,0.37,0.103,0.004,0.007,0.094,0.758,0.013,0.02
297,0.5,0.006,0.013,0.003,0.015,0.94,0.004,0.019
298,0.01,0.335,0.069,0.002,0.037,0.549,0.004,0.004
299,0.0,0.464,0.002,0.003,0.035,0.482,0.009,0.006
300,0.2,0.09,0.12,0.068,0.06,0.505,0.153,0.003
301,0.54,0.011,0.006,0.099,0.011,0.759,0.015,0.1
302,0.04,0.025,0.007,0.002,0.282,0.65,0.016,0.019
303,0.56,0.008,0.005,0.004,0.024,0.857,0.075,0.027
304,0.82,0.019,0.006,0.005,0.023,0.919,0.012,0.017
305,0.01,0.076,0.091,0.006,0.052,0.76,0.008,0.006
306,0.12,0.015,0.003,0.001,0.189,0.743,0.045,0.004
307,0.1,0.227,0.003,0.004,0.012,0.703,0.01,0.04
308,0.23,0.018,0.155,0.068,0.055,0.695,0.004,0.006
309,0.1,0.334,0.004,0.026,0.011,0.544,0.044,0.037
310,0.04,0.068,0.101,0.002,0.196,0.597,0.006,0.028
311,0.03,0.28,0.006,0.004,0.193,0.509,0.004,0.006
312,0.1,0.007,0.207,0.006,0.231,0.543,0.003,0.003
313,0.03,0.033,0.002,0.002,0.208,0.637,0.108,0.01
314,0.02,0.007,0.004,0.003,0.008,0.062,0.016,0.901
315,0.46,0.003,0.004,0.154,0.004,0.045,0.002,0.789
316,0.05,0.02,0.002,0.003,0.006,0.103,0.021,0.845
317,0.44,0.004,0.004,0.227,0.005,0.037,0.052,0.672
318,0.02,0.002,0.117,0.002,0.002,0.005,0.004,0.868
319,0.03,0.003,0.107,0.002,0.002,0.007,0.002,0.878
320,0.06,0.004,0.016,0.005,0.006,0.113,0.229,0.628
321,0.0,0.016,0.093,0.004,0.013,0.01,0.015,0.85
322,0.02,0.005,0.103,0.003,0.005,0.007,0.006,0.87
