,prop_missing,prop_1,prop_2,prop_3,prop_4
0,0.02,0.279,0.603,0.013,0.105
1,0.02,0.802,0.122,0.038,0.038
2,0.03,0.779,0.208,0.005,0.008
3,0.0,0.375,0.6,0.02,0.004
4,0.0,0.847,0.096,0.011,0.046
5,0.0,0.879,0.069,0.015,0.037
6,0.0,0.544,0.419,0.009,0.028
7,0.0,0.963,0.01,0.004,0.022
8,0.0,0.705,0.259,0.026,0.009
9,0.08,0.348,0.61,0.025,0.017
10,0.01,0.397,0.582,0.011,0.01
11,0.0,0.296,0.691,0.006,0.007
12,0.0,0.957,0.032,0.004,0.007
13,0.0,0.89,0.048,0.009,0.054
14,0.0,0.024,0.077,0.003,0.896
15,0.0,0.021,0.007,0.023,0.949
16,0.05,0.008,0.004,0.034,0.954
17,0.01,0.004,0.003,0.008,0.985
18,0.03,0.027,0.01,0.047,0.916
19,0.04,0.006,0.008,0.014,0.972
20,0.02,0.004,0.008,0.044,0.944
21,0.01,0.007,0.014,0.013,0.966
22,0.05,0.007,0.004,0.008,0.98
23,0.08,0.005,0.014,0.197,0.784
24,0.01,0.031,0.058,0.046,0.865
25,0.01,0.006,0.008,0.029,0.957
26,0.0,0.008,0.008,0.034,0.949
27,0.0,0.006,0.004,0.011,0.979
28,0.0,0.004,0.003,0.02,0.973
29,0.01,0.022,0.036,0.068,0.874
30,0.07,0.065,0.018,0.032,0.885
31,0.15,0.005,0.01,0.299,0.686
32,0.08,0.022,0.017,0.085,0.876
33,0.0,0.006,0.01,0.007,0.977
34,0.0,0.076,0.028,0.07,0.826
35,0.04,0.023,0.024,0.012,0.941
36,0.06,0.007,0.013,0.029,0.952
37,0.02,0.02,0.011,0.009,0.961
38,0.0,0.015,0.017,0.012,0.956
39,0.05,0.014,0.968,0.006,0.012
40,0.02,0.003,0.989,0.005,0.003
41,0.0,0.003,0.991,0.004,0.003
42,0.08,0.003,0.851,0.14,0.005
43,0.01,0.007,0.98,0.003,0.009
44,0.55,0.04,0.226,0.646,0.088
45,0.02,0.011,0.978,0.004,0.007
46,0.0,0.004,0.989,0.003,0.003
47,0.01,0.003,0.984,0.009,0.004
48,0.14,0.018,0.927,0.025,0.029
49,0.01,0.007,0.983,0.004,0.005
50,0.06,0.005,0.968,0.021,0.006
51,0.01,0.308,0.676,0.006,0.01
52,0.0,0.007,0.968,0.006,0.019
53,0.07,0.414,0.536,0.034,0.016
54,0.06,0.209,0.626,0.006,0.159
55,0.13,0.043,0.027,0.222,0.707
56,0.0,0.347,0.621,0.026,0.006
57,0.0,0.006,0.971,0.007,0.016
58,0.03,0.004,0.967,0.021,0.007
59,0.04,0.05,0.007,0.275,0.669
60,0.05,0.003,0.009,0.286,0.702
61,0.08,0.026,0.005,0.084,0.885
62,0.05,0.047,0.009,0.192,0.752
63,0.0,0.01,0.072,0.011,0.908
64,0.0,0.045,0.008,0.045,0.902
65,0.05,0.004,0.007,0.117,0.871
66,0.07,0.024,0.011,0.256,0.71
67,0.03,0.692,0.002,0.008,0.297
68,0.04,0.674,0.004,0.014,0.308
69,0.01,0.845,0.126,0.012,0.017
70,0.23,0.627,0.011,0.308,0.054
71,0.0,0.961,0.003,0.011,0.025
72,0.02,0.954,0.007,0.02,0.018
73,0.0,0.695,0.002,0.003,0.3
74,0.0,0.938,0.026,0.002,0.034
75,0.0,0.806,0.158,0.007,0.029
76,0.0,0.653,0.005,0.002,0.34
77,0.01,0.01,0.009,0.009,0.971
78,0.0,0.029,0.004,0.005,0.961
79,0.01,0.01,0.01,0.094,0.886
80,0.0,0.009,0.006,0.005,0.981
81,0.03,0.006,0.037,0.008,0.95
82,0.0,0.022,0.004,0.002,0.972
83,0.0,0.008,0.005,0.004,0.983
84,0.0,0.011,0.004,0.007,0.977
85,0.03,0.017,0.006,0.033,0.944
86,0.05,0.01,0.01,0.079,0.901
87,0.06,0.022,0.02,0.041,0.917
88,0.02,0.028,0.054,0.009,0.909
89,0.03,0.027,0.006,0.009,0.958
90,0.05,0.013,0.021,0.046,0.92
91,0.0,0.009,0.007,0.005,0.98
92,0.01,0.01,0.033,0.035,0.922
93,0.02,0.039,0.006,0.126,0.83
94,0.02,0.087,0.008,0.137,0.768
95,0.0,0.14,0.009,0.007,0.844
96,0.0,0.179,0.005,0.058,0.758
97,0.02,0.032,0.006,0.031,0.931
98,0.02,0.064,0.025,0.072,0.839
99,0.24,0.124,0.013,0.347,0.516
100,0.03,0.051,0.051,0.019,0.879
101,0.43,0.603,0.098,0.292,0.007
102,0.07,0.769,0.062,0.159,0.011
103,0.03,0.717,0.244,0.029,0.009
104,0.07,0.799,0.142,0.004,0.055
105,0.04,0.271,0.716,0.005,0.007
106,0.01,0.915,0.004,0.015,0.066
107,0.06,0.33,0.539,0.126,0.005
108,0.08,0.341,0.593,0.057,0.009
109,0.09,0.859,0.05,0.059,0.032
110,0.17,0.785,0.094,0.111,0.01
111,0.54,0.646,0.012,0.334,0.008
112,0.02,0.796,0.158,0.034,0.013
113,0.06,0.962,0.022,0.011,0.005
114,0.09,0.966,0.004,0.005,0.025
115,0.03,0.88,0.065,0.032,0.023
116,0.01,0.796,0.152,0.035,0.017
117,0.03,0.663,0.246,0.083,0.007
118,0.15,0.915,0.003,0.052,0.031
119,0.19,0.867,0.018,0.108,0.007
120,0.0,0.724,0.259,0.012,0.004
121,0.0,0.53,0.457,0.004,0.009
122,0.07,0.756,0.018,0.199,0.028
123,0.0,0.786,0.202,0.003,0.009
124,0.0,0.367,0.596,0.031,0.006
125,0.03,0.787,0.11,0.09,0.013
126,0.01,0.731,0.188,0.045,0.037
127,0.04,0.76,0.076,0.159,0.006
128,0.16,0.063,0.069,0.127,0.741
129,0.43,0.012,0.02,0.459,0.509
130,0.17,0.02,0.005,0.355,0.62
131,0.11,0.014,0.009,0.065,0.912
132,0.14,0.027,0.019,0.126,0.828
133,0.05,0.005,0.059,0.223,0.713
134,0.02,0.01,0.016,0.06,0.914
135,0.37,0.012,0.835,0.143,0.011
136,0.25,0.012,0.444,0.227,0.318
137,0.42,0.052,0.241,0.528,0.179
138,0.12,0.722,0.024,0.247,0.007
139,0.03,0.859,0.074,0.056,0.01
140,0.03,0.701,0.005,0.038,0.257
141,0.1,0.705,0.003,0.142,0.15
142,0.03,0.614,0.003,0.005,0.378
143,0.09,0.602,0.01,0.082,0.306
144,0.15,0.712,0.018,0.071,0.199
145,0.12,0.511,0.004,0.327,0.158
146,0.3,0.514,0.003,0.223,0.26
147,0.51,0.015,0.359,0.604,0.023
148,0.0,0.003,0.99,0.004,0.003
149,0.0,0.004,0.984,0.007,0.006
150,0.0,0.009,0.973,0.003,0.015
151,0.03,0.014,0.942,0.033,0.011
152,0.0,0.015,0.979,0.003,0.003
153,0.01,0.004,0.989,0.004,0.003
154,0.0,0.069,0.38,0.097,0.453
155,0.0,0.252,0.19,0.093,0.465
156,0.31,0.042,0.272,0.485,0.201
157,0.14,0.096,0.16,0.415,0.33
158,0.19,0.033,0.214,0.381,0.372
159,0.39,0.028,0.229,0.69,0.054
160,0.01,0.021,0.196,0.337,0.446
161,0.03,0.004,0.142,0.286,0.568
162,0.08,0.024,0.188,0.31,0.478
163,0.12,0.199,0.201,0.523,0.078
164,0.1,0.023,0.117,0.358,0.501
165,0.13,0.007,0.169,0.54,0.284
166,0.47,0.02,0.029,0.744,0.206
167,0.85,0.027,0.067,0.799,0.107
168,0.1,0.056,0.02,0.422,0.501
169,0.17,0.095,0.038,0.481,0.386
170,0.04,0.656,0.013,0.01,0.321
171,0.03,0.858,0.13,0.007,0.005
172,0.09,0.906,0.017,0.057,0.02
173,0.02,0.894,0.019,0.044,0.042
174,0.0,0.896,0.047,0.006,0.051
175,0.08,0.841,0.007,0.146,0.006
176,0.0,0.542,0.11,0.008,0.34
177,0.01,0.785,0.093,0.113,0.008
178,0.0,0.947,0.039,0.006,0.008
179,0.0,0.669,0.01,0.003,0.317
180,0.02,0.923,0.026,0.013,0.038
181,0.0,0.402,0.574,0.006,0.018
182,0.0,0.76,0.007,0.006,0.227
183,0.01,0.95,0.03,0.004,0.016
184,0.2,0.645,0.016,0.223,0.116
185,0.0,0.931,0.034,0.023,0.012
186,0.02,0.73,0.007,0.003,0.261
187,0.01,0.583,0.015,0.02,0.382
188,0.12,0.758,0.006,0.16,0.077
189,0.0,0.666,0.026,0.007,0.302
190,0.0,0.99,0.002,0.004,0.004
191,0.05,0.665,0.045,0.158,0.132
192,0.11,0.921,0.014,0.046,0.018
193,0.14,0.861,0.019,0.025,0.095
194,0.02,0.848,0.009,0.012,0.131
195,0.07,0.918,0.065,0.009,0.007
196,0.03,0.76,0.017,0.026,0.197
197,0.05,0.988,0.003,0.006,0.004
198,0.09,0.87,0.011,0.095,0.024
199,0.01,0.978,0.007,0.011,0.004
200,0.09,0.744,0.003,0.013,0.239
201,0.07,0.835,0.005,0.153,0.007
202,0.01,0.726,0.015,0.046,0.213
203,0.06,0.872,0.005,0.095,0.027
204,0.0,0.9,0.082,0.011,0.007
205,0.0,0.8,0.003,0.006,0.191
206,0.0,0.705,0.003,0.01,0.281
207,0.03,0.986,0.002,0.009,0.003
208,0.13,0.696,0.101,0.183,0.02
209,0.02,0.955,0.011,0.023,0.01
210,0.07,0.967,0.006,0.023,0.004
211,0.02,0.96,0.016,0.012,0.012
212,0.08,0.693,0.007,0.067,0.234
213,0.17,0.64,0.007,0.348,0.006
214,0.06,0.01,0.156,0.289,0.545
215,0.0,0.008,0.233,0.215,0.544
216,0.04,0.008,0.97,0.005,0.017
217,0.02,0.016,0.868,0.016,0.1
218,0.12,0.768,0.167,0.056,0.009
219,0.13,0.548,0.256,0.178,0.018
220,0.49,0.028,0.009,0.627,0.336
221,0.12,0.004,0.02,0.226,0.75
222,0.02,0.005,0.004,0.093,0.899
223,0.06,0.009,0.003,0.27,0.718
224,0.21,0.008,0.008,0.243,0.741
225,0.02,0.016,0.018,0.092,0.873
226,0.05,0.013,0.014,0.294,0.679
227,0.45,0.181,0.011,0.53,0.279
228,0.48,0.017,0.015,0.525,0.443
229,0.0,0.036,0.003,0.025,0.937
230,0.02,0.009,0.07,0.006,0.914
231,0.0,0.083,0.009,0.063,0.845
232,0.0,0.013,0.009,0.103,0.875
233,0.03,0.01,0.003,0.161,0.826
234,0.01,0.014,0.01,0.174,0.802
235,0.25,0.024,0.059,0.238,0.679
236,0.02,0.017,0.004,0.04,0.94
237,0.21,0.019,0.008,0.404,0.569
238,0.11,0.011,0.043,0.082,0.865
239,0.0,0.01,0.011,0.007,0.972
240,0.62,0.028,0.012,0.759,0.201
241,0.08,0.013,0.006,0.277,0.705
242,0.07,0.003,0.002,0.096,0.899
243,0.04,0.006,0.008,0.011,0.976
244,0.18,0.012,0.019,0.267,0.703
245,0.38,0.027,0.013,0.413,0.547
246,0.07,0.214,0.015,0.135,0.636
247,0.55,0.042,0.016,0.55,0.393
248,0.01,0.005,0.014,0.203,0.778
249,0.0,0.018,0.03,0.139,0.813
250,0.07,0.013,0.003,0.266,0.718
251,0.01,0.014,0.005,0.262,0.719
252,0.04,0.01,0.003,0.095,0.892
253,0.08,0.08,0.005,0.177,0.738
254,0.36,0.004,0.018,0.58,0.397
255,0.09,0.012,0.008,0.183,0.796
256,0.72,0.084,0.009,0.862,0.045
257,0.01,0.018,0.011,0.199,0.772
258,0.0,0.003,0.054,0.17,0.774
259,0.0,0.009,0.025,0.03,0.937
260,0.0,0.012,0.005,0.021,0.963
261,0.01,0.016,0.015,0.043,0.925
262,0.03,0.007,0.005,0.15,0.838
263,0.29,0.007,0.011,0.387,0.595
264,0.0,0.013,0.096,0.159,0.733
265,0.0,0.007,0.007,0.033,0.954
266,0.07,0.019,0.013,0.127,0.84
267,0.4,0.517,0.018,0.456,0.008
268,0.72,0.173,0.149,0.653,0.025
269,0.02,0.642,0.005,0.027,0.326
270,0.68,0.246,0.011,0.723,0.02
271,0.49,0.369,0.007,0.594,0.031
272,0.18,0.295,0.007,0.083,0.614
273,0.07,0.88,0.008,0.028,0.084
274,0.7,0.273,0.162,0.542,0.023
275,0.02,0.765,0.003,0.012,0.219
276,0.7,0.389,0.006,0.595,0.01
277,0.04,0.028,0.023,0.034,0.914
278,0.02,0.009,0.007,0.2,0.784
279,0.04,0.224,0.755,0.011,0.01
280,0.0,0.839,0.023,0.004,0.134
281,0.02,0.894,0.014,0.011,0.082
282,0.04,0.943,0.024,0.016,0.017
283,0.22,0.797,0.07,0.126,0.007
284,0.0,0.067,0.142,0.147,0.644
285,0.72,0.141,0.021,0.704,0.134
286,0.01,0.014,0.018,0.159,0.81
287,0.0,0.022,0.11,0.047,0.821
288,0.0,0.2,0.791,0.003,0.006
289,0.0,0.014,0.973,0.002,0.011
290,0.0,0.489,0.004,0.005,0.502
291,0.0,0.007,0.975,0.006,0.012
292,0.0,0.003,0.992,0.002,0.002
293,0.0,0.156,0.805,0.026,0.013
294,0.0,0.586,0.002,0.008,0.404
295,0.0,0.015,0.009,0.282,0.694
296,0.37,0.011,0.021,0.673,0.295
297,0.5,0.007,0.032,0.925,0.036
298,0.01,0.005,0.004,0.467,0.525
299,0.0,0.005,0.004,0.396,0.595
300,0.2,0.206,0.005,0.439,0.351
301,0.54,0.043,0.168,0.765,0.024
302,0.04,0.016,0.019,0.545,0.421
303,0.56,0.096,0.04,0.826,0.038
304,0.82,0.017,0.022,0.927,0.034
305,0.01,0.015,0.01,0.627,0.348
306,0.12,0.038,0.005,0.621,0.335
307,0.1,0.004,0.054,0.587,0.354
308,0.23,0.008,0.017,0.609,0.366
309,0.1,0.038,0.06,0.457,0.446
310,0.04,0.011,0.041,0.481,0.467
311,0.03,0.007,0.01,0.421,0.562
312,0.1,0.017,0.006,0.464,0.513
313,0.03,0.116,0.012,0.525,0.346
314,0.02,0.008,0.941,0.045,0.005
315,0.46,0.004,0.876,0.117,0.003
316,0.05,0.012,0.911,0.068,0.008
317,0.44,0.129,0.762,0.099,0.009
318,0.02,0.006,0.982,0.009,0.003
319,0.03,0.003,0.972,0.022,0.003
320,0.06,0.197,0.644,0.153,0.006
321,0.0,0.02,0.942,0.014,0.023
322,0.02,0.007,0.978,0.01,0.005
