

----------------------------------------------------
STRUCTURE by Pritchard, Stephens and Donnelly (2000)
     and Falush, Stephens and Pritchard (2003)
       Code by Pritchard, Falush and Hubisz
             Version 2.3.4 (Jul 2012)
----------------------------------------------------



Command line arguments:   structure -m data/structure/mainparams.txt -e data/structure/extraparams.txt -K 9 -o data/structure/structure_output_9 
Input File:    data/structure/structure_input.tab

Run parameters:
   323 individuals
   2366 loci
   9 populations assumed
   10000 Burn-in period
   25000 Reps


--------------------------------------------
Overall proportion of membership of the
sample in each of the 9 clusters

Inferred Clusters
  1      2      3      4      5      6      7      8      9    
0.153  0.032  0.252  0.045  0.103  0.070  0.052  0.099  0.194  

--------------------------------------------

Allele-freq. divergence among pops (Net nucleotide distance),
computed using point estimates of P.

      1       2       3       4       5       6       7       8       9      
 1      -    0.0315  0.0252  0.0396  0.0240  0.0222  0.0341  0.0217  0.0201  
 2   0.0315     -    0.0262  0.0401  0.0233  0.0212  0.0337  0.0169  0.0161  
 3   0.0252  0.0262     -    0.0334  0.0189  0.0174  0.0280  0.0150  0.0140  
 4   0.0396  0.0401  0.0334     -    0.0328  0.0311  0.0416  0.0295  0.0282  
 5   0.0240  0.0233  0.0189  0.0328     -    0.0132  0.0265  0.0121  0.0101  
 6   0.0222  0.0212  0.0174  0.0311  0.0132     -    0.0245  0.0105  0.0084  
 7   0.0341  0.0337  0.0280  0.0416  0.0265  0.0245     -    0.0224  0.0205  
 8   0.0217  0.0169  0.0150  0.0295  0.0121  0.0105  0.0224     -    0.0052  
 9   0.0201  0.0161  0.0140  0.0282  0.0101  0.0084  0.0205  0.0052     -    

Average distances (expected heterozygosity) between individuals in same cluster:
cluster  1  : 0.2622 
cluster  2  : 0.2658 
cluster  3  : 0.2738 
cluster  4  : 0.2543 
cluster  5  : 0.2451 
cluster  6  : 0.2661 
cluster  7  : 0.2619 
cluster  8  : 0.2901 
cluster  9  : 0.2888 

--------------------------------------------
Estimated Ln Prob of Data   = -600556.0
Mean value of ln likelihood = -595126.8
Variance of ln likelihood   = 10858.5
Mean value of alpha         = 0.1059

Mean value of Fst_1         = 0.1317
Mean value of Fst_2         = 0.1620
Mean value of Fst_3         = 0.0818
Mean value of Fst_4         = 0.3058
Mean value of Fst_5         = 0.1146
Mean value of Fst_6         = 0.0968
Mean value of Fst_7         = 0.2061
Mean value of Fst_8         = 0.0425
Mean value of Fst_9         = 0.0253


Inferred ancestry of individuals:
     (%Miss) :  Inferred clusters
  1    (2)   :  0.553 0.013 0.259 0.003 0.005 0.004 0.003 0.020 0.140 
  2    (2)   :  0.106 0.010 0.686 0.123 0.007 0.025 0.004 0.008 0.031 
  3    (3)   :  0.183 0.003 0.684 0.003 0.003 0.004 0.108 0.006 0.006 
  4    (0)   :  0.575 0.003 0.394 0.002 0.005 0.006 0.003 0.006 0.005 
  5    (0)   :  0.053 0.004 0.730 0.094 0.007 0.067 0.007 0.026 0.012 
  6    (0)   :  0.071 0.006 0.828 0.003 0.009 0.004 0.002 0.007 0.069 
  7    (0)   :  0.349 0.004 0.411 0.085 0.003 0.004 0.130 0.008 0.006 
  8    (0)   :  0.008 0.006 0.809 0.143 0.002 0.009 0.002 0.010 0.011 
  9    (0)   :  0.243 0.006 0.644 0.007 0.020 0.037 0.004 0.031 0.007 
 10    (8)   :  0.556 0.017 0.315 0.022 0.010 0.009 0.029 0.003 0.038 
 11    (1)   :  0.547 0.005 0.385 0.005 0.020 0.002 0.001 0.027 0.008 
 12    (0)   :  0.603 0.002 0.233 0.148 0.006 0.003 0.001 0.002 0.002 
 13    (0)   :  0.064 0.016 0.888 0.003 0.002 0.003 0.002 0.012 0.011 
 14    (0)   :  0.012 0.006 0.705 0.231 0.005 0.006 0.002 0.005 0.028 
 15    (0)   :  0.033 0.005 0.006 0.003 0.003 0.002 0.214 0.016 0.717 
 16    (0)   :  0.004 0.004 0.016 0.001 0.005 0.007 0.001 0.014 0.949 
 17    (5)   :  0.004 0.031 0.007 0.002 0.008 0.033 0.002 0.175 0.738 
 18    (1)   :  0.002 0.008 0.001 0.006 0.002 0.004 0.006 0.016 0.955 
 19    (3)   :  0.007 0.012 0.016 0.002 0.003 0.016 0.018 0.007 0.919 
 20    (4)   :  0.004 0.010 0.004 0.002 0.004 0.017 0.225 0.049 0.686 
 21    (2)   :  0.002 0.002 0.002 0.002 0.006 0.006 0.206 0.004 0.768 
 22    (1)   :  0.010 0.009 0.005 0.002 0.005 0.008 0.001 0.025 0.935 
 23    (5)   :  0.002 0.004 0.002 0.147 0.002 0.005 0.025 0.006 0.807 
 24    (8)   :  0.004 0.007 0.004 0.002 0.059 0.007 0.251 0.006 0.660 
 25    (1)   :  0.025 0.003 0.016 0.002 0.005 0.004 0.001 0.006 0.936 
 26    (1)   :  0.006 0.025 0.006 0.011 0.008 0.065 0.002 0.025 0.851 
 27    (0)   :  0.009 0.079 0.008 0.002 0.012 0.045 0.001 0.066 0.777 
 28    (0)   :  0.002 0.044 0.005 0.019 0.005 0.011 0.002 0.013 0.899 
 29    (0)   :  0.002 0.042 0.002 0.059 0.018 0.003 0.002 0.155 0.718 
 30    (1)   :  0.027 0.320 0.026 0.003 0.081 0.012 0.002 0.070 0.459 
 31    (7)   :  0.012 0.421 0.015 0.120 0.035 0.014 0.004 0.069 0.310 
 32   (15)   :  0.007 0.033 0.007 0.003 0.217 0.066 0.020 0.116 0.531 
 33    (8)   :  0.013 0.218 0.011 0.008 0.048 0.018 0.001 0.360 0.323 
 34    (0)   :  0.001 0.990 0.001 0.002 0.001 0.001 0.001 0.001 0.001 
 35    (0)   :  0.014 0.256 0.047 0.002 0.059 0.231 0.002 0.073 0.316 
 36    (4)   :  0.017 0.838 0.005 0.009 0.030 0.006 0.068 0.019 0.007 
 37    (6)   :  0.002 0.954 0.002 0.022 0.005 0.005 0.001 0.003 0.006 
 38    (2)   :  0.004 0.942 0.018 0.002 0.003 0.007 0.001 0.014 0.009 
 39    (0)   :  0.004 0.631 0.004 0.166 0.033 0.005 0.007 0.089 0.062 
 40    (5)   :  0.779 0.002 0.002 0.003 0.004 0.002 0.205 0.002 0.002 
 41    (2)   :  0.965 0.005 0.007 0.002 0.007 0.003 0.002 0.004 0.005 
 42    (0)   :  0.973 0.006 0.004 0.003 0.002 0.002 0.002 0.005 0.003 
 43    (8)   :  0.832 0.001 0.003 0.002 0.092 0.050 0.005 0.003 0.011 
 44    (1)   :  0.897 0.002 0.003 0.001 0.003 0.003 0.082 0.005 0.004 
 45   (55)   :  0.195 0.087 0.020 0.017 0.573 0.080 0.003 0.010 0.015 
 46    (2)   :  0.911 0.002 0.019 0.002 0.002 0.007 0.012 0.008 0.037 
 47    (0)   :  0.971 0.004 0.006 0.003 0.004 0.002 0.002 0.003 0.005 
 48    (1)   :  0.909 0.005 0.002 0.059 0.006 0.005 0.008 0.003 0.003 
 49   (14)   :  0.832 0.033 0.008 0.093 0.005 0.006 0.002 0.013 0.009 
 50    (1)   :  0.944 0.016 0.007 0.001 0.006 0.003 0.004 0.003 0.016 
 51    (6)   :  0.888 0.002 0.003 0.004 0.011 0.078 0.003 0.008 0.003 
 52    (1)   :  0.560 0.002 0.157 0.003 0.003 0.003 0.268 0.002 0.003 
 53    (0)   :  0.819 0.003 0.001 0.167 0.001 0.002 0.002 0.002 0.002 
 54    (7)   :  0.430 0.007 0.234 0.002 0.004 0.007 0.311 0.003 0.003 
 55    (6)   :  0.527 0.004 0.097 0.002 0.005 0.013 0.335 0.004 0.013 
 56   (13)   :  0.008 0.018 0.008 0.004 0.224 0.032 0.327 0.039 0.340 
 57    (0)   :  0.518 0.002 0.227 0.232 0.004 0.009 0.001 0.005 0.003 
 58    (0)   :  0.829 0.002 0.002 0.002 0.002 0.002 0.155 0.003 0.002 
 59    (3)   :  0.921 0.005 0.008 0.002 0.007 0.016 0.004 0.021 0.016 
 60    (4)   :  0.002 0.004 0.035 0.002 0.048 0.466 0.007 0.007 0.429 
 61    (5)   :  0.004 0.002 0.005 0.001 0.010 0.498 0.002 0.005 0.474 
 62    (8)   :  0.001 0.003 0.007 0.002 0.008 0.244 0.338 0.005 0.392 
 63    (5)   :  0.003 0.017 0.013 0.002 0.028 0.434 0.298 0.006 0.199 
 64    (0)   :  0.007 0.008 0.003 0.001 0.003 0.346 0.372 0.008 0.252 
 65    (0)   :  0.002 0.002 0.004 0.004 0.005 0.445 0.338 0.121 0.077 
 66    (5)   :  0.003 0.003 0.002 0.003 0.003 0.461 0.147 0.006 0.373 
 67    (7)   :  0.002 0.004 0.008 0.004 0.007 0.494 0.015 0.064 0.403 
 68    (3)   :  0.002 0.014 0.650 0.001 0.002 0.003 0.001 0.140 0.186 
 69    (4)   :  0.002 0.125 0.569 0.126 0.016 0.005 0.055 0.082 0.020 
 70    (1)   :  0.097 0.040 0.736 0.093 0.012 0.007 0.002 0.005 0.006 
 71   (23)   :  0.004 0.006 0.577 0.079 0.135 0.126 0.007 0.022 0.045 
 72    (0)   :  0.004 0.015 0.878 0.004 0.010 0.005 0.014 0.032 0.039 
 73    (2)   :  0.003 0.002 0.749 0.085 0.005 0.004 0.145 0.002 0.005 
 74    (0)   :  0.001 0.010 0.555 0.111 0.002 0.009 0.003 0.303 0.005 
 75    (0)   :  0.028 0.006 0.848 0.003 0.003 0.009 0.009 0.008 0.087 
 76    (0)   :  0.093 0.003 0.561 0.208 0.003 0.002 0.122 0.003 0.006 
 77    (0)   :  0.003 0.110 0.547 0.003 0.003 0.003 0.238 0.074 0.020 
 78    (1)   :  0.004 0.003 0.005 0.003 0.008 0.012 0.001 0.949 0.015 
 79    (0)   :  0.003 0.047 0.041 0.003 0.003 0.006 0.011 0.717 0.171 
 80    (1)   :  0.006 0.006 0.004 0.001 0.129 0.024 0.003 0.787 0.039 
 81    (0)   :  0.001 0.012 0.003 0.003 0.005 0.006 0.072 0.881 0.018 
 82    (3)   :  0.009 0.151 0.002 0.002 0.003 0.007 0.002 0.820 0.005 
 83    (0)   :  0.001 0.005 0.008 0.001 0.002 0.005 0.002 0.938 0.038 
 84    (0)   :  0.002 0.064 0.002 0.153 0.002 0.003 0.007 0.677 0.090 
 85    (0)   :  0.001 0.032 0.004 0.001 0.004 0.018 0.221 0.620 0.099 
 86    (3)   :  0.003 0.005 0.004 0.002 0.049 0.003 0.001 0.923 0.010 
 87    (5)   :  0.009 0.004 0.006 0.007 0.028 0.039 0.004 0.876 0.028 
 88    (6)   :  0.024 0.003 0.020 0.001 0.033 0.017 0.004 0.798 0.101 
 89    (2)   :  0.020 0.004 0.003 0.101 0.004 0.002 0.086 0.772 0.009 
 90    (3)   :  0.005 0.003 0.004 0.065 0.005 0.004 0.002 0.897 0.015 
 91    (5)   :  0.008 0.009 0.007 0.001 0.005 0.272 0.003 0.566 0.129 
 92    (0)   :  0.004 0.012 0.001 0.208 0.003 0.004 0.003 0.759 0.006 
 93    (1)   :  0.009 0.004 0.003 0.006 0.050 0.078 0.190 0.638 0.022 
 94    (2)   :  0.002 0.004 0.010 0.151 0.030 0.214 0.001 0.551 0.037 
 95    (2)   :  0.006 0.012 0.127 0.001 0.179 0.020 0.006 0.551 0.097 
 96    (0)   :  0.005 0.004 0.017 0.004 0.005 0.007 0.335 0.619 0.005 
 97    (0)   :  0.002 0.003 0.032 0.232 0.069 0.012 0.003 0.639 0.009 
 98    (2)   :  0.003 0.010 0.024 0.016 0.044 0.010 0.002 0.609 0.283 
 99    (2)   :  0.008 0.006 0.047 0.007 0.032 0.224 0.003 0.663 0.010 
100   (24)   :  0.006 0.016 0.018 0.157 0.346 0.017 0.250 0.177 0.013 
101    (3)   :  0.020 0.007 0.009 0.002 0.037 0.015 0.389 0.508 0.013 
102   (43)   :  0.147 0.025 0.634 0.006 0.151 0.010 0.004 0.012 0.012 
103    (7)   :  0.045 0.004 0.672 0.134 0.109 0.019 0.004 0.007 0.006 
104    (3)   :  0.242 0.004 0.696 0.003 0.011 0.018 0.003 0.006 0.017 
105    (7)   :  0.050 0.003 0.603 0.002 0.003 0.003 0.320 0.008 0.009 
106    (4)   :  0.625 0.002 0.159 0.187 0.002 0.004 0.017 0.002 0.002 
107    (1)   :  0.002 0.004 0.684 0.002 0.003 0.003 0.296 0.002 0.004 
108    (6)   :  0.490 0.005 0.254 0.194 0.041 0.006 0.001 0.004 0.006 
109    (8)   :  0.557 0.002 0.348 0.006 0.016 0.047 0.003 0.008 0.013 
110    (9)   :  0.044 0.030 0.789 0.006 0.054 0.004 0.004 0.047 0.023 
111   (17)   :  0.067 0.005 0.691 0.210 0.008 0.008 0.002 0.006 0.004 
112   (54)   :  0.014 0.016 0.729 0.014 0.143 0.043 0.014 0.008 0.019 
113    (2)   :  0.144 0.005 0.727 0.034 0.011 0.043 0.002 0.022 0.013 
114    (6)   :  0.031 0.002 0.936 0.001 0.009 0.006 0.002 0.009 0.003 
115    (9)   :  0.001 0.002 0.702 0.002 0.003 0.003 0.283 0.001 0.003 
116    (3)   :  0.047 0.009 0.761 0.123 0.014 0.009 0.001 0.018 0.020 
117    (1)   :  0.153 0.038 0.755 0.002 0.016 0.008 0.001 0.011 0.016 
118    (3)   :  0.248 0.022 0.642 0.009 0.037 0.028 0.001 0.003 0.010 
119   (15)   :  0.002 0.003 0.808 0.001 0.020 0.008 0.129 0.005 0.024 
120   (19)   :  0.015 0.003 0.866 0.005 0.027 0.067 0.002 0.007 0.009 
121    (0)   :  0.190 0.002 0.580 0.205 0.002 0.010 0.002 0.002 0.005 
122    (0)   :  0.440 0.013 0.506 0.003 0.003 0.007 0.002 0.017 0.009 
123    (7)   :  0.021 0.019 0.685 0.065 0.103 0.022 0.006 0.053 0.027 
124    (0)   :  0.133 0.005 0.575 0.004 0.002 0.001 0.275 0.002 0.002 
125    (0)   :  0.497 0.005 0.221 0.250 0.010 0.003 0.002 0.006 0.005 
126    (3)   :  0.081 0.011 0.650 0.162 0.006 0.082 0.002 0.003 0.003 
127    (1)   :  0.165 0.008 0.670 0.006 0.027 0.021 0.004 0.066 0.033 
128    (4)   :  0.108 0.002 0.739 0.002 0.125 0.010 0.002 0.002 0.011 
129   (16)   :  0.043 0.066 0.024 0.003 0.178 0.006 0.222 0.052 0.405 
130   (43)   :  0.016 0.017 0.007 0.004 0.359 0.115 0.006 0.129 0.347 
131   (17)   :  0.006 0.015 0.012 0.013 0.235 0.030 0.017 0.009 0.663 
132   (11)   :  0.003 0.002 0.004 0.001 0.017 0.007 0.323 0.004 0.639 
133   (14)   :  0.006 0.013 0.012 0.151 0.033 0.010 0.129 0.119 0.530 
134    (5)   :  0.045 0.015 0.004 0.002 0.124 0.043 0.007 0.003 0.756 
135    (2)   :  0.010 0.029 0.006 0.001 0.029 0.009 0.002 0.152 0.761 
136   (37)   :  0.771 0.007 0.003 0.082 0.013 0.005 0.109 0.003 0.005 
137   (25)   :  0.385 0.108 0.006 0.007 0.055 0.050 0.220 0.005 0.165 
138   (42)   :  0.214 0.010 0.019 0.002 0.288 0.396 0.006 0.011 0.054 
139   (12)   :  0.020 0.005 0.609 0.189 0.157 0.005 0.005 0.005 0.005 
140    (3)   :  0.045 0.006 0.732 0.173 0.010 0.021 0.001 0.004 0.006 
141    (3)   :  0.004 0.022 0.657 0.001 0.046 0.004 0.001 0.070 0.194 
142   (10)   :  0.002 0.027 0.584 0.139 0.024 0.020 0.012 0.184 0.008 
143    (3)   :  0.001 0.004 0.511 0.001 0.004 0.008 0.263 0.107 0.100 
144    (9)   :  0.003 0.103 0.513 0.100 0.011 0.108 0.002 0.141 0.019 
145   (15)   :  0.010 0.031 0.541 0.139 0.042 0.002 0.003 0.226 0.007 
146   (12)   :  0.002 0.044 0.486 0.001 0.205 0.015 0.002 0.236 0.008 
147   (30)   :  0.002 0.014 0.511 0.003 0.201 0.013 0.002 0.222 0.032 
148   (51)   :  0.372 0.004 0.024 0.004 0.245 0.307 0.003 0.008 0.032 
149    (0)   :  0.908 0.002 0.001 0.078 0.003 0.003 0.001 0.002 0.002 
150    (0)   :  0.956 0.006 0.004 0.001 0.003 0.009 0.004 0.004 0.013 
151    (0)   :  0.769 0.001 0.001 0.001 0.001 0.001 0.225 0.001 0.001 
152    (3)   :  0.842 0.011 0.003 0.123 0.007 0.004 0.002 0.002 0.007 
153    (0)   :  0.930 0.018 0.033 0.002 0.002 0.002 0.002 0.002 0.008 
154    (1)   :  0.900 0.001 0.003 0.087 0.002 0.002 0.001 0.004 0.001 
155    (0)   :  0.254 0.003 0.003 0.233 0.006 0.370 0.002 0.124 0.006 
156    (0)   :  0.101 0.004 0.175 0.153 0.009 0.375 0.001 0.083 0.098 
157   (31)   :  0.211 0.002 0.017 0.002 0.152 0.579 0.002 0.022 0.011 
158   (14)   :  0.056 0.029 0.004 0.181 0.012 0.701 0.003 0.003 0.011 
159   (19)   :  0.129 0.005 0.005 0.035 0.276 0.281 0.248 0.003 0.018 
160   (39)   :  0.134 0.009 0.009 0.002 0.407 0.420 0.005 0.004 0.010 
161    (1)   :  0.083 0.005 0.006 0.163 0.128 0.577 0.002 0.010 0.026 
162    (3)   :  0.083 0.018 0.003 0.001 0.007 0.662 0.003 0.011 0.213 
163    (8)   :  0.044 0.001 0.002 0.002 0.024 0.584 0.333 0.005 0.004 
164   (12)   :  0.053 0.005 0.016 0.176 0.158 0.584 0.002 0.003 0.004 
165   (10)   :  0.034 0.165 0.034 0.013 0.242 0.435 0.002 0.008 0.066 
166   (13)   :  0.061 0.012 0.004 0.010 0.326 0.564 0.002 0.017 0.004 
167   (47)   :  0.003 0.004 0.004 0.017 0.407 0.441 0.116 0.006 0.003 
168   (85)   :  0.017 0.027 0.013 0.012 0.418 0.423 0.059 0.012 0.019 
169   (10)   :  0.003 0.036 0.012 0.093 0.184 0.524 0.002 0.138 0.008 
170   (17)   :  0.008 0.016 0.107 0.002 0.066 0.673 0.003 0.007 0.119 
171    (4)   :  0.011 0.004 0.525 0.002 0.012 0.024 0.371 0.010 0.041 
172    (3)   :  0.048 0.002 0.627 0.271 0.002 0.002 0.043 0.002 0.003 
173    (9)   :  0.009 0.006 0.740 0.178 0.022 0.006 0.002 0.029 0.007 
174    (2)   :  0.009 0.007 0.818 0.002 0.017 0.005 0.001 0.007 0.134 
175    (0)   :  0.016 0.003 0.730 0.005 0.004 0.004 0.220 0.010 0.009 
176    (8)   :  0.004 0.009 0.780 0.020 0.060 0.062 0.002 0.003 0.061 
177    (0)   :  0.054 0.003 0.413 0.193 0.010 0.037 0.025 0.228 0.037 
178    (1)   :  0.083 0.002 0.684 0.152 0.032 0.010 0.013 0.005 0.019 
179    (0)   :  0.018 0.006 0.792 0.164 0.003 0.004 0.001 0.010 0.003 
180    (0)   :  0.004 0.009 0.530 0.013 0.006 0.006 0.369 0.050 0.013 
181    (2)   :  0.006 0.002 0.661 0.291 0.003 0.005 0.021 0.006 0.005 
182    (0)   :  0.504 0.011 0.313 0.137 0.002 0.004 0.003 0.006 0.019 
183    (0)   :  0.006 0.020 0.707 0.003 0.009 0.004 0.016 0.044 0.192 
184    (1)   :  0.004 0.004 0.687 0.058 0.002 0.003 0.235 0.006 0.003 
185   (20)   :  0.007 0.032 0.538 0.115 0.218 0.013 0.015 0.044 0.018 
186    (0)   :  0.049 0.018 0.858 0.002 0.015 0.007 0.006 0.007 0.039 
187    (2)   :  0.003 0.004 0.560 0.003 0.004 0.002 0.331 0.077 0.016 
188    (1)   :  0.009 0.023 0.484 0.152 0.011 0.004 0.003 0.217 0.096 
189   (12)   :  0.003 0.038 0.637 0.099 0.041 0.057 0.005 0.107 0.014 
190    (0)   :  0.024 0.075 0.618 0.002 0.003 0.005 0.001 0.020 0.252 
191    (0)   :  0.001 0.001 0.981 0.001 0.004 0.005 0.002 0.002 0.003 
192    (5)   :  0.021 0.049 0.616 0.013 0.081 0.083 0.002 0.064 0.071 
193   (11)   :  0.003 0.005 0.698 0.001 0.005 0.005 0.278 0.002 0.003 
194   (14)   :  0.015 0.171 0.748 0.004 0.004 0.014 0.007 0.013 0.023 
195    (2)   :  0.004 0.021 0.731 0.082 0.010 0.023 0.002 0.110 0.017 
196    (7)   :  0.073 0.005 0.855 0.010 0.020 0.009 0.001 0.023 0.004 
197    (3)   :  0.004 0.083 0.567 0.003 0.015 0.004 0.314 0.008 0.003 
198    (5)   :  0.003 0.002 0.812 0.171 0.003 0.003 0.001 0.003 0.003 
199    (9)   :  0.009 0.003 0.807 0.005 0.040 0.057 0.007 0.022 0.050 
200    (1)   :  0.006 0.007 0.950 0.006 0.009 0.003 0.003 0.013 0.003 
201    (9)   :  0.001 0.004 0.559 0.002 0.006 0.006 0.275 0.142 0.003 
202    (7)   :  0.004 0.005 0.847 0.038 0.052 0.035 0.002 0.011 0.006 
203    (1)   :  0.009 0.019 0.630 0.023 0.025 0.024 0.002 0.259 0.009 
204    (6)   :  0.003 0.009 0.769 0.094 0.077 0.018 0.009 0.007 0.014 
205    (0)   :  0.091 0.002 0.802 0.026 0.011 0.002 0.001 0.060 0.005 
206    (0)   :  0.001 0.056 0.650 0.094 0.003 0.020 0.121 0.045 0.010 
207    (0)   :  0.001 0.009 0.592 0.092 0.011 0.004 0.001 0.279 0.010 
208    (3)   :  0.002 0.003 0.943 0.011 0.023 0.004 0.003 0.008 0.003 
209   (13)   :  0.111 0.030 0.665 0.002 0.122 0.037 0.003 0.007 0.023 
210    (2)   :  0.002 0.001 0.705 0.275 0.005 0.002 0.004 0.003 0.004 
211    (7)   :  0.006 0.002 0.937 0.021 0.013 0.005 0.001 0.010 0.005 
212    (2)   :  0.011 0.010 0.913 0.013 0.011 0.011 0.015 0.007 0.011 
213    (8)   :  0.003 0.041 0.645 0.001 0.140 0.011 0.004 0.126 0.029 
214   (17)   :  0.006 0.005 0.657 0.002 0.303 0.007 0.005 0.004 0.010 
215    (6)   :  0.131 0.006 0.006 0.001 0.070 0.392 0.003 0.008 0.383 
216    (0)   :  0.170 0.015 0.005 0.008 0.014 0.521 0.003 0.051 0.214 
217    (4)   :  0.858 0.009 0.002 0.006 0.002 0.002 0.115 0.003 0.004 
218    (2)   :  0.779 0.010 0.017 0.021 0.006 0.018 0.005 0.010 0.134 
219   (12)   :  0.183 0.029 0.741 0.001 0.013 0.010 0.003 0.013 0.007 
220   (13)   :  0.221 0.004 0.464 0.197 0.043 0.046 0.014 0.007 0.003 
221   (49)   :  0.005 0.004 0.014 0.004 0.582 0.042 0.162 0.056 0.131 
222   (12)   :  0.013 0.034 0.004 0.004 0.103 0.014 0.001 0.050 0.776 
223    (2)   :  0.002 0.014 0.004 0.002 0.024 0.024 0.012 0.112 0.807 
224    (6)   :  0.002 0.007 0.007 0.001 0.050 0.238 0.001 0.006 0.687 
225   (21)   :  0.005 0.007 0.008 0.002 0.067 0.022 0.003 0.030 0.857 
226    (2)   :  0.006 0.002 0.009 0.018 0.006 0.018 0.001 0.071 0.870 
227    (5)   :  0.005 0.003 0.007 0.003 0.112 0.028 0.002 0.003 0.838 
228   (45)   :  0.014 0.011 0.173 0.034 0.376 0.037 0.003 0.033 0.318 
229   (48)   :  0.007 0.004 0.012 0.002 0.404 0.006 0.134 0.010 0.422 
230    (0)   :  0.002 0.017 0.016 0.006 0.014 0.006 0.003 0.619 0.316 
231    (2)   :  0.072 0.083 0.006 0.001 0.003 0.013 0.003 0.171 0.648 
232    (0)   :  0.003 0.007 0.027 0.095 0.079 0.008 0.017 0.517 0.246 
233    (0)   :  0.005 0.022 0.014 0.001 0.066 0.012 0.002 0.161 0.718 
234    (3)   :  0.003 0.030 0.004 0.004 0.042 0.018 0.002 0.185 0.711 
235    (1)   :  0.003 0.003 0.009 0.041 0.018 0.036 0.139 0.016 0.736 
236   (25)   :  0.047 0.019 0.038 0.017 0.187 0.006 0.003 0.081 0.603 
237    (2)   :  0.002 0.005 0.012 0.003 0.006 0.007 0.001 0.036 0.929 
238   (21)   :  0.004 0.006 0.013 0.004 0.268 0.063 0.001 0.027 0.613 
239   (11)   :  0.009 0.020 0.003 0.206 0.019 0.005 0.013 0.019 0.706 
240    (0)   :  0.005 0.004 0.006 0.063 0.004 0.008 0.004 0.062 0.844 
241   (62)   :  0.006 0.005 0.007 0.007 0.628 0.059 0.178 0.018 0.093 
242    (8)   :  0.003 0.003 0.007 0.006 0.126 0.092 0.003 0.010 0.751 
243    (7)   :  0.001 0.005 0.004 0.001 0.007 0.016 0.004 0.212 0.752 
244    (4)   :  0.003 0.003 0.002 0.003 0.010 0.008 0.221 0.003 0.747 
245   (18)   :  0.005 0.005 0.004 0.041 0.058 0.008 0.002 0.008 0.869 
246   (38)   :  0.013 0.009 0.022 0.002 0.213 0.088 0.003 0.011 0.638 
247    (7)   :  0.008 0.007 0.141 0.107 0.093 0.007 0.106 0.009 0.521 
248   (55)   :  0.009 0.003 0.007 0.003 0.424 0.018 0.231 0.010 0.295 
249    (1)   :  0.007 0.009 0.007 0.003 0.103 0.012 0.002 0.012 0.845 
250    (0)   :  0.014 0.020 0.008 0.002 0.014 0.138 0.004 0.047 0.752 
251    (7)   :  0.003 0.008 0.008 0.002 0.061 0.159 0.003 0.051 0.705 
252    (1)   :  0.004 0.033 0.006 0.001 0.228 0.129 0.005 0.056 0.537 
253    (4)   :  0.002 0.019 0.019 0.003 0.015 0.009 0.004 0.012 0.916 
254    (8)   :  0.004 0.009 0.047 0.044 0.026 0.008 0.002 0.024 0.837 
255   (36)   :  0.014 0.067 0.003 0.003 0.560 0.038 0.005 0.076 0.235 
256    (9)   :  0.004 0.048 0.004 0.196 0.036 0.047 0.003 0.094 0.569 
257   (72)   :  0.005 0.009 0.045 0.014 0.507 0.164 0.004 0.011 0.241 
258    (1)   :  0.007 0.117 0.010 0.010 0.052 0.119 0.003 0.020 0.661 
259    (0)   :  0.034 0.008 0.002 0.001 0.042 0.157 0.002 0.247 0.507 
260    (0)   :  0.010 0.100 0.004 0.017 0.005 0.008 0.070 0.006 0.781 
261    (0)   :  0.002 0.011 0.007 0.067 0.005 0.017 0.001 0.022 0.868 
262    (1)   :  0.006 0.012 0.010 0.002 0.026 0.008 0.002 0.056 0.879 
263    (3)   :  0.002 0.016 0.003 0.167 0.018 0.004 0.002 0.008 0.780 
264   (29)   :  0.004 0.013 0.006 0.002 0.281 0.039 0.188 0.010 0.455 
265    (0)   :  0.093 0.006 0.007 0.005 0.040 0.131 0.002 0.027 0.691 
266    (0)   :  0.002 0.009 0.004 0.127 0.020 0.002 0.001 0.059 0.777 
267    (7)   :  0.009 0.004 0.021 0.005 0.040 0.017 0.002 0.034 0.868 
268   (40)   :  0.016 0.016 0.546 0.002 0.228 0.175 0.002 0.010 0.004 
269   (72)   :  0.109 0.006 0.250 0.008 0.542 0.036 0.005 0.014 0.032 
270    (2)   :  0.004 0.021 0.572 0.043 0.005 0.126 0.015 0.127 0.087 
271   (68)   :  0.008 0.003 0.175 0.005 0.681 0.011 0.002 0.106 0.010 
272   (49)   :  0.004 0.003 0.395 0.002 0.521 0.030 0.002 0.025 0.017 
273   (18)   :  0.004 0.010 0.239 0.003 0.039 0.013 0.001 0.683 0.008 
274    (7)   :  0.002 0.015 0.730 0.192 0.017 0.007 0.003 0.016 0.019 
275   (70)   :  0.156 0.005 0.185 0.009 0.414 0.039 0.173 0.016 0.004 
276    (2)   :  0.001 0.006 0.701 0.005 0.004 0.051 0.003 0.221 0.008 
277   (70)   :  0.004 0.008 0.508 0.004 0.371 0.087 0.005 0.005 0.008 
278    (4)   :  0.019 0.052 0.019 0.002 0.005 0.009 0.003 0.829 0.062 
279    (2)   :  0.003 0.003 0.004 0.001 0.103 0.063 0.002 0.542 0.278 
280    (4)   :  0.676 0.002 0.154 0.005 0.006 0.008 0.137 0.004 0.006 
281    (0)   :  0.011 0.003 0.710 0.030 0.002 0.003 0.002 0.011 0.228 
282    (2)   :  0.007 0.005 0.756 0.002 0.003 0.008 0.006 0.007 0.208 
283    (4)   :  0.009 0.019 0.724 0.153 0.002 0.031 0.050 0.003 0.009 
284   (22)   :  0.060 0.003 0.712 0.003 0.020 0.005 0.190 0.002 0.005 
285    (0)   :  0.067 0.026 0.059 0.056 0.008 0.465 0.007 0.034 0.278 
286   (72)   :  0.016 0.016 0.124 0.003 0.369 0.376 0.004 0.015 0.075 
287    (1)   :  0.001 0.007 0.003 0.095 0.002 0.433 0.153 0.009 0.297 
288    (0)   :  0.039 0.009 0.008 0.007 0.002 0.469 0.007 0.074 0.384 
289    (0)   :  0.679 0.002 0.022 0.104 0.002 0.002 0.183 0.002 0.004 
290    (0)   :  0.847 0.002 0.002 0.130 0.002 0.001 0.011 0.002 0.002 
291    (0)   :  0.004 0.014 0.447 0.003 0.004 0.004 0.003 0.295 0.225 
292    (0)   :  0.922 0.008 0.010 0.002 0.006 0.011 0.005 0.010 0.027 
293    (0)   :  0.904 0.001 0.002 0.087 0.001 0.001 0.001 0.002 0.001 
294    (0)   :  0.748 0.006 0.183 0.009 0.005 0.016 0.001 0.024 0.007 
295    (0)   :  0.002 0.016 0.558 0.001 0.013 0.009 0.002 0.173 0.228 
296    (0)   :  0.005 0.021 0.007 0.020 0.365 0.031 0.073 0.021 0.457 
297   (37)   :  0.012 0.022 0.008 0.003 0.646 0.204 0.004 0.024 0.076 
298   (50)   :  0.016 0.008 0.004 0.010 0.921 0.015 0.002 0.022 0.003 
299    (1)   :  0.002 0.004 0.003 0.064 0.558 0.008 0.001 0.028 0.331 
300    (0)   :  0.004 0.007 0.006 0.003 0.522 0.009 0.002 0.007 0.441 
301   (20)   :  0.003 0.016 0.114 0.132 0.515 0.004 0.055 0.008 0.154 
302   (54)   :  0.092 0.003 0.021 0.006 0.751 0.007 0.098 0.014 0.008 
303    (4)   :  0.022 0.014 0.007 0.003 0.659 0.052 0.001 0.217 0.024 
304   (56)   :  0.017 0.007 0.034 0.003 0.899 0.006 0.006 0.018 0.010 
305   (82)   :  0.016 0.010 0.016 0.004 0.888 0.022 0.005 0.015 0.022 
306    (1)   :  0.003 0.005 0.008 0.086 0.808 0.007 0.007 0.013 0.063 
307   (12)   :  0.002 0.051 0.041 0.004 0.833 0.007 0.001 0.046 0.014 
308   (10)   :  0.037 0.003 0.011 0.002 0.652 0.032 0.003 0.010 0.250 
309   (23)   :  0.004 0.004 0.003 0.150 0.705 0.012 0.066 0.037 0.019 
310   (10)   :  0.031 0.006 0.032 0.002 0.509 0.063 0.020 0.005 0.332 
311    (4)   :  0.019 0.012 0.003 0.083 0.585 0.085 0.001 0.173 0.039 
312    (3)   :  0.003 0.015 0.006 0.004 0.591 0.003 0.003 0.046 0.329 
313   (10)   :  0.002 0.017 0.003 0.213 0.625 0.004 0.006 0.114 0.015 
314    (3)   :  0.007 0.016 0.113 0.002 0.735 0.004 0.001 0.109 0.013 
315    (2)   :  0.915 0.003 0.007 0.003 0.027 0.027 0.003 0.009 0.006 
316   (46)   :  0.791 0.003 0.001 0.002 0.040 0.003 0.156 0.003 0.002 
317    (5)   :  0.853 0.003 0.011 0.002 0.093 0.016 0.003 0.006 0.012 
318   (44)   :  0.672 0.007 0.057 0.003 0.021 0.004 0.228 0.003 0.004 
319    (2)   :  0.871 0.002 0.003 0.113 0.003 0.002 0.001 0.002 0.002 
320    (3)   :  0.879 0.001 0.002 0.107 0.003 0.003 0.002 0.002 0.002 
321    (6)   :  0.624 0.006 0.226 0.020 0.043 0.067 0.002 0.005 0.007 
322    (0)   :  0.838 0.004 0.007 0.083 0.004 0.035 0.004 0.018 0.006 
323    (2)   :  0.876 0.002 0.004 0.101 0.004 0.004 0.001 0.004 0.003 


Estimated Allele Frequencies in each cluster
First column gives estimated ancestral frequencies


Locus 1 : 0 
2 alleles
17.0% missing data
   2   (0.905) 0.993 0.895 0.946 0.983 0.950 0.925 0.980 0.886 0.876 
   4   (0.095) 0.007 0.105 0.054 0.017 0.050 0.075 0.020 0.114 0.124 

Locus 2 : 1 
2 alleles
16.1% missing data
   3   (0.035) 0.254 0.009 0.026 0.024 0.009 0.016 0.022 0.022 0.014 
   1   (0.965) 0.746 0.991 0.974 0.976 0.991 0.984 0.978 0.978 0.986 

Locus 3 : 2 
2 alleles
12.1% missing data
   1   (0.915) 0.604 0.704 0.941 0.966 0.964 0.977 0.966 0.876 0.961 
   4   (0.085) 0.396 0.296 0.059 0.034 0.036 0.023 0.034 0.124 0.039 

Locus 4 : 3 
2 alleles
6.5% missing data
   1   (0.496) 0.219 0.236 0.746 0.492 0.440 0.565 0.539 0.408 0.555 
   2   (0.504) 0.781 0.764 0.254 0.508 0.560 0.435 0.461 0.592 0.445 

Locus 5 : 4 
2 alleles
20.4% missing data
   3   (0.482) 0.232 0.183 0.714 0.476 0.429 0.590 0.424 0.463 0.508 
   1   (0.518) 0.768 0.817 0.286 0.524 0.571 0.410 0.576 0.537 0.492 

Locus 6 : 5 
2 alleles
15.8% missing data
   2   (0.900) 0.821 0.968 0.826 0.903 0.877 0.958 0.968 0.954 0.896 
   3   (0.100) 0.179 0.032 0.174 0.097 0.123 0.042 0.032 0.046 0.104 

Locus 7 : 6 
2 alleles
11.8% missing data
   4   (0.701) 0.521 0.838 0.917 0.705 0.695 0.521 0.800 0.787 0.611 
   1   (0.299) 0.479 0.162 0.083 0.295 0.305 0.479 0.200 0.213 0.389 

Locus 8 : 7 
2 alleles
17.3% missing data
   3   (0.257) 0.258 0.297 0.173 0.436 0.502 0.193 0.163 0.243 0.222 
   2   (0.743) 0.742 0.703 0.827 0.564 0.498 0.807 0.837 0.757 0.778 

Locus 9 : 8 
2 alleles
23.8% missing data
   2   (0.883) 0.882 0.957 0.912 0.150 0.928 0.865 0.974 0.870 0.923 
   4   (0.117) 0.118 0.043 0.088 0.850 0.072 0.135 0.026 0.130 0.077 

Locus 10 : 9 
2 alleles
6.5% missing data
   1   (0.710) 0.678 0.595 0.656 0.830 0.747 0.558 0.651 0.703 0.802 
   4   (0.290) 0.322 0.405 0.344 0.170 0.253 0.442 0.349 0.297 0.198 

Locus 11 : 10 
2 alleles
1.9% missing data
   1   (0.952) 0.946 0.984 0.922 0.945 0.894 0.985 0.993 0.966 0.983 
   3   (0.048) 0.054 0.016 0.078 0.055 0.106 0.015 0.007 0.034 0.017 

Locus 12 : 11 
2 alleles
0.9% missing data
   4   (0.927) 0.995 0.980 0.994 0.990 0.970 0.916 0.972 0.820 0.886 
   1   (0.073) 0.005 0.020 0.006 0.010 0.030 0.084 0.028 0.180 0.114 

Locus 13 : 12 
2 alleles
20.1% missing data
   1   (0.954) 0.968 0.986 0.968 0.392 0.988 0.982 0.959 0.975 0.974 
   3   (0.046) 0.032 0.014 0.032 0.608 0.012 0.018 0.041 0.025 0.026 

Locus 14 : 13 
2 alleles
19.8% missing data
   1   (0.952) 0.978 0.985 0.867 0.982 0.986 0.980 0.992 0.977 0.954 
   4   (0.048) 0.022 0.015 0.133 0.018 0.014 0.020 0.008 0.023 0.046 

Locus 15 : 14 
2 alleles
23.2% missing data
   4   (0.754) 0.658 0.894 0.754 0.660 0.785 0.606 0.569 0.850 0.769 
   1   (0.246) 0.342 0.106 0.246 0.340 0.215 0.394 0.431 0.150 0.231 

Locus 16 : 15 
2 alleles
20.7% missing data
   2   (0.971) 0.993 0.945 0.994 0.276 0.979 0.989 0.996 0.989 0.987 
   4   (0.029) 0.007 0.055 0.006 0.724 0.021 0.011 0.004 0.011 0.013 

Locus 17 : 16 
2 alleles
4.3% missing data
   3   (0.666) 0.443 0.706 0.391 0.818 0.845 0.426 0.593 0.778 0.723 
   1   (0.334) 0.557 0.294 0.609 0.182 0.155 0.574 0.407 0.222 0.277 

Locus 18 : 17 
2 alleles
11.8% missing data
   2   (0.788) 0.815 0.912 0.846 0.807 0.842 0.849 0.691 0.758 0.782 
   3   (0.212) 0.185 0.088 0.154 0.193 0.158 0.151 0.309 0.242 0.218 

Locus 19 : 18 
2 alleles
12.1% missing data
   3   (0.840) 0.616 0.643 0.860 0.959 0.672 0.827 0.930 0.908 0.884 
   2   (0.160) 0.384 0.357 0.140 0.041 0.328 0.173 0.070 0.092 0.116 

Locus 20 : 19 
2 alleles
24.5% missing data
   4   (0.919) 0.981 0.915 0.988 0.985 0.948 0.965 0.958 0.734 0.928 
   1   (0.081) 0.019 0.085 0.012 0.015 0.052 0.035 0.042 0.266 0.072 

Locus 21 : 20 
2 alleles
3.4% missing data
   2   (0.545) 0.438 0.765 0.270 0.499 0.363 0.515 0.491 0.589 0.643 
   3   (0.455) 0.562 0.235 0.730 0.501 0.637 0.485 0.509 0.411 0.357 

Locus 22 : 21 
2 alleles
11.1% missing data
   2   (0.855) 0.933 0.897 0.921 0.549 0.930 0.880 0.264 0.861 0.893 
   4   (0.145) 0.067 0.103 0.079 0.451 0.070 0.120 0.736 0.139 0.107 

Locus 23 : 22 
2 alleles
24.8% missing data
   2   (0.942) 0.992 0.963 0.964 0.966 0.955 0.964 0.452 0.959 0.964 
   4   (0.058) 0.008 0.037 0.036 0.034 0.045 0.036 0.548 0.041 0.036 

Locus 24 : 23 
2 alleles
4.3% missing data
   1   (0.984) 0.999 0.993 0.998 0.999 0.997 0.996 0.161 0.995 0.994 
   3   (0.016) 0.001 0.007 0.002 0.001 0.003 0.004 0.839 0.005 0.006 

Locus 25 : 24 
2 alleles
21.7% missing data
   3   (0.867) 0.860 0.654 0.701 0.922 0.784 0.958 0.919 0.913 0.910 
   2   (0.133) 0.140 0.346 0.299 0.078 0.216 0.042 0.081 0.087 0.090 

Locus 26 : 25 
2 alleles
4.6% missing data
   3   (0.925) 0.840 0.922 0.986 0.979 0.880 0.936 0.906 0.964 0.946 
   2   (0.075) 0.160 0.078 0.014 0.021 0.120 0.064 0.094 0.036 0.054 

Locus 27 : 26 
2 alleles
5.3% missing data
   4   (0.942) 0.989 0.877 0.827 0.983 0.988 0.984 0.988 0.942 0.961 
   1   (0.058) 0.011 0.123 0.173 0.017 0.012 0.016 0.012 0.058 0.039 

Locus 28 : 27 
2 alleles
9.3% missing data
   1   (0.224) 0.383 0.133 0.154 0.206 0.129 0.206 0.416 0.247 0.194 
   3   (0.776) 0.617 0.867 0.846 0.794 0.871 0.794 0.584 0.753 0.806 

Locus 29 : 28 
2 alleles
10.8% missing data
   3   (0.665) 0.940 0.525 0.780 0.524 0.832 0.694 0.622 0.508 0.646 
   2   (0.335) 0.060 0.475 0.220 0.476 0.168 0.306 0.378 0.492 0.354 

Locus 30 : 29 
2 alleles
9.0% missing data
   4   (0.924) 0.995 0.977 0.935 0.979 0.706 0.976 0.965 0.864 0.946 
   2   (0.076) 0.005 0.023 0.065 0.021 0.294 0.024 0.035 0.136 0.054 

Locus 31 : 30 
2 alleles
14.2% missing data
   3   (0.840) 0.896 0.925 0.791 0.950 0.954 0.799 0.856 0.863 0.819 
   2   (0.160) 0.104 0.075 0.209 0.050 0.046 0.201 0.144 0.137 0.181 

Locus 32 : 31 
2 alleles
5.0% missing data
   3   (0.921) 0.932 0.975 0.974 0.915 0.980 0.911 0.856 0.905 0.943 
   2   (0.079) 0.068 0.025 0.026 0.085 0.020 0.089 0.144 0.095 0.057 

Locus 33 : 32 
2 alleles
1.5% missing data
   4   (0.871) 0.846 0.879 0.966 0.961 0.923 0.857 0.968 0.860 0.862 
   1   (0.129) 0.154 0.121 0.034 0.039 0.077 0.143 0.032 0.140 0.138 

Locus 34 : 33 
2 alleles
5.9% missing data
   3   (0.678) 0.443 0.833 0.898 0.483 0.779 0.718 0.586 0.630 0.646 
   2   (0.322) 0.557 0.167 0.102 0.517 0.221 0.282 0.414 0.370 0.354 

Locus 35 : 34 
2 alleles
14.9% missing data
   3   (0.637) 0.723 0.641 0.791 0.522 0.646 0.665 0.662 0.591 0.617 
   2   (0.363) 0.277 0.359 0.209 0.478 0.354 0.335 0.338 0.409 0.383 

Locus 36 : 35 
2 alleles
12.7% missing data
   4   (0.779) 0.666 0.774 0.809 0.868 0.840 0.747 0.835 0.775 0.816 
   1   (0.221) 0.334 0.226 0.191 0.132 0.160 0.253 0.165 0.225 0.184 

Locus 37 : 36 
2 alleles
1.2% missing data
   2   (0.744) 0.850 0.814 0.673 0.814 0.904 0.777 0.805 0.617 0.771 
   3   (0.256) 0.150 0.186 0.327 0.186 0.096 0.223 0.195 0.383 0.229 

Locus 38 : 37 
2 alleles
0.9% missing data
   2   (0.927) 0.844 0.963 0.978 0.204 0.964 0.969 0.990 0.901 0.960 
   4   (0.073) 0.156 0.037 0.022 0.796 0.036 0.031 0.010 0.099 0.040 

Locus 39 : 38 
2 alleles
12.1% missing data
   4   (0.905) 0.784 0.973 0.902 0.928 0.977 0.964 0.966 0.888 0.914 
   3   (0.095) 0.216 0.027 0.098 0.072 0.023 0.036 0.034 0.112 0.086 

Locus 40 : 39 
2 alleles
2.8% missing data
   3   (0.877) 0.874 0.962 0.735 0.958 0.963 0.915 0.947 0.814 0.911 
   2   (0.123) 0.126 0.038 0.265 0.042 0.037 0.085 0.053 0.186 0.089 

Locus 41 : 40 
2 alleles
9.3% missing data
   2   (0.730) 0.793 0.651 0.778 0.916 0.897 0.866 0.536 0.759 0.634 
   4   (0.270) 0.207 0.349 0.222 0.084 0.103 0.134 0.464 0.241 0.366 

Locus 42 : 41 
2 alleles
9.6% missing data
   4   (0.844) 0.690 0.953 0.821 0.937 0.943 0.892 0.811 0.787 0.876 
   1   (0.156) 0.310 0.047 0.179 0.063 0.057 0.108 0.189 0.213 0.124 

Locus 43 : 42 
2 alleles
11.8% missing data
   1   (0.801) 0.583 0.874 0.709 0.937 0.828 0.847 0.875 0.775 0.859 
   4   (0.199) 0.417 0.126 0.291 0.063 0.172 0.153 0.125 0.225 0.141 

Locus 44 : 43 
2 alleles
5.6% missing data
   3   (0.788) 0.761 0.714 0.724 0.940 0.870 0.887 0.897 0.851 0.738 
   4   (0.212) 0.239 0.286 0.276 0.060 0.130 0.113 0.103 0.149 0.262 

Locus 45 : 44 
2 alleles
6.8% missing data
   2   (0.478) 0.315 0.380 0.577 0.313 0.379 0.575 0.351 0.486 0.506 
   3   (0.522) 0.685 0.620 0.423 0.687 0.621 0.425 0.649 0.514 0.494 

Locus 46 : 45 
2 alleles
3.7% missing data
   1   (0.948) 0.779 0.985 0.965 0.989 0.975 0.889 0.984 0.982 0.970 
   4   (0.052) 0.221 0.015 0.035 0.011 0.025 0.111 0.016 0.018 0.030 

Locus 47 : 46 
2 alleles
16.4% missing data
   3   (0.946) 0.971 0.975 0.898 0.924 0.971 0.978 0.990 0.952 0.966 
   4   (0.054) 0.029 0.025 0.102 0.076 0.029 0.022 0.010 0.048 0.034 

Locus 48 : 47 
2 alleles
9.9% missing data
   4   (0.662) 0.749 0.441 0.480 0.767 0.588 0.787 0.785 0.767 0.638 
   1   (0.338) 0.251 0.559 0.520 0.233 0.412 0.213 0.215 0.233 0.362 

Locus 49 : 48 
2 alleles
5.9% missing data
   1   (0.788) 0.606 0.678 0.672 0.826 0.921 0.861 0.892 0.878 0.760 
   3   (0.212) 0.394 0.322 0.328 0.174 0.079 0.139 0.108 0.122 0.240 

Locus 50 : 49 
2 alleles
11.8% missing data
   3   (0.822) 0.867 0.912 0.920 0.780 0.840 0.928 0.952 0.761 0.778 
   2   (0.178) 0.133 0.088 0.080 0.220 0.160 0.072 0.048 0.239 0.222 

Locus 51 : 50 
2 alleles
11.8% missing data
   1   (0.867) 0.973 0.928 0.917 0.924 0.879 0.884 0.893 0.766 0.888 
   4   (0.133) 0.027 0.072 0.083 0.076 0.121 0.116 0.107 0.234 0.112 

Locus 52 : 51 
2 alleles
6.8% missing data
   3   (0.649) 0.800 0.492 0.591 0.799 0.793 0.664 0.503 0.655 0.646 
   2   (0.351) 0.200 0.508 0.409 0.201 0.207 0.336 0.497 0.345 0.354 

Locus 53 : 52 
2 alleles
3.7% missing data
   4   (0.923) 0.989 0.802 0.914 0.987 0.884 0.967 0.971 0.886 0.962 
   1   (0.077) 0.011 0.198 0.086 0.013 0.116 0.033 0.029 0.114 0.038 

Locus 54 : 53 
2 alleles
6.8% missing data
   3   (0.587) 0.829 0.464 0.436 0.660 0.768 0.638 0.532 0.591 0.555 
   2   (0.413) 0.171 0.536 0.564 0.340 0.232 0.362 0.468 0.409 0.445 

Locus 55 : 54 
2 alleles
9.9% missing data
   3   (0.863) 0.840 0.799 0.830 0.785 0.920 0.910 0.960 0.822 0.919 
   2   (0.137) 0.160 0.201 0.170 0.215 0.080 0.090 0.040 0.178 0.081 

Locus 56 : 55 
2 alleles
0.3% missing data
   4   (0.854) 0.606 0.758 0.883 0.741 0.943 0.838 0.884 0.925 0.875 
   2   (0.146) 0.394 0.242 0.117 0.259 0.057 0.162 0.116 0.075 0.125 

Locus 57 : 56 
2 alleles
23.5% missing data
   4   (0.581) 0.588 0.415 0.576 0.351 0.488 0.509 0.476 0.707 0.603 
   1   (0.419) 0.412 0.585 0.424 0.649 0.512 0.491 0.524 0.293 0.397 

Locus 58 : 57 
2 alleles
5.6% missing data
   2   (0.817) 0.967 0.720 0.961 0.957 0.924 0.812 0.849 0.693 0.766 
   3   (0.183) 0.033 0.280 0.039 0.043 0.076 0.188 0.151 0.307 0.234 

Locus 59 : 58 
2 alleles
9.0% missing data
   1   (0.604) 0.752 0.448 0.801 0.656 0.677 0.603 0.744 0.565 0.536 
   4   (0.396) 0.248 0.552 0.199 0.344 0.323 0.397 0.256 0.435 0.464 

Locus 60 : 59 
2 alleles
2.5% missing data
   4   (0.852) 0.979 0.814 0.929 0.895 0.828 0.866 0.851 0.852 0.843 
   2   (0.148) 0.021 0.186 0.071 0.105 0.172 0.134 0.149 0.148 0.157 

Locus 61 : 60 
2 alleles
3.4% missing data
   3   (0.438) 0.600 0.347 0.642 0.588 0.524 0.431 0.431 0.394 0.353 
   2   (0.562) 0.400 0.653 0.358 0.412 0.476 0.569 0.569 0.606 0.647 

Locus 62 : 61 
2 alleles
5.6% missing data
   4   (0.880) 0.788 0.965 0.948 0.872 0.966 0.941 0.967 0.886 0.825 
   3   (0.120) 0.212 0.035 0.052 0.128 0.034 0.059 0.033 0.114 0.175 

Locus 63 : 62 
2 alleles
5.9% missing data
   4   (0.899) 0.993 0.873 0.946 0.891 0.874 0.825 0.940 0.877 0.935 
   1   (0.101) 0.007 0.127 0.054 0.109 0.126 0.175 0.060 0.123 0.065 

Locus 64 : 63 
2 alleles
9.3% missing data
   3   (0.681) 0.633 0.428 0.745 0.639 0.805 0.866 0.788 0.648 0.653 
   2   (0.319) 0.367 0.572 0.255 0.361 0.195 0.134 0.212 0.352 0.347 

Locus 65 : 64 
2 alleles
6.5% missing data
   4   (0.799) 0.743 0.933 0.866 0.875 0.796 0.579 0.776 0.731 0.871 
   1   (0.201) 0.257 0.067 0.134 0.125 0.204 0.421 0.224 0.269 0.129 

Locus 66 : 65 
2 alleles
14.2% missing data
   4   (0.726) 0.629 0.832 0.772 0.498 0.760 0.785 0.737 0.662 0.771 
   1   (0.274) 0.371 0.168 0.228 0.502 0.240 0.215 0.263 0.338 0.229 

Locus 67 : 66 
2 alleles
14.9% missing data
   3   (0.564) 0.451 0.339 0.666 0.558 0.656 0.582 0.334 0.537 0.614 
   2   (0.436) 0.549 0.661 0.334 0.442 0.344 0.418 0.666 0.463 0.386 

Locus 68 : 67 
2 alleles
5.3% missing data
   3   (0.524) 0.682 0.732 0.437 0.553 0.538 0.639 0.513 0.561 0.438 
   2   (0.476) 0.318 0.268 0.563 0.447 0.462 0.361 0.487 0.439 0.562 

Locus 69 : 68 
2 alleles
2.8% missing data
   2   (0.551) 0.398 0.557 0.389 0.733 0.772 0.493 0.624 0.595 0.545 
   4   (0.449) 0.602 0.443 0.611 0.267 0.228 0.507 0.376 0.405 0.455 

Locus 70 : 69 
2 alleles
5.9% missing data
   2   (0.613) 0.805 0.614 0.674 0.461 0.712 0.713 0.648 0.566 0.565 
   3   (0.387) 0.195 0.386 0.326 0.539 0.288 0.287 0.352 0.434 0.435 

Locus 71 : 70 
2 alleles
7.7% missing data
   4   (0.789) 0.920 0.849 0.636 0.577 0.818 0.681 0.934 0.839 0.807 
   1   (0.211) 0.080 0.151 0.364 0.423 0.182 0.319 0.066 0.161 0.193 

Locus 72 : 71 
2 alleles
13.9% missing data
   3   (0.838) 0.966 0.949 0.757 0.923 0.904 0.825 0.588 0.738 0.887 
   2   (0.162) 0.034 0.051 0.243 0.077 0.096 0.175 0.412 0.262 0.113 

Locus 73 : 72 
2 alleles
4.0% missing data
   3   (0.921) 0.958 0.970 0.913 0.933 0.953 0.956 0.885 0.924 0.952 
   2   (0.079) 0.042 0.030 0.087 0.067 0.047 0.044 0.115 0.076 0.048 

Locus 74 : 73 
2 alleles
3.7% missing data
   3   (0.925) 0.995 0.972 0.992 0.988 0.844 0.971 0.983 0.901 0.855 
   2   (0.075) 0.005 0.028 0.008 0.012 0.156 0.029 0.017 0.099 0.145 

Locus 75 : 74 
2 alleles
5.6% missing data
   4   (0.857) 0.761 0.946 0.935 0.768 0.916 0.814 0.779 0.829 0.901 
   1   (0.143) 0.239 0.054 0.065 0.232 0.084 0.186 0.221 0.171 0.099 

Locus 76 : 75 
2 alleles
9.3% missing data
   3   (0.508) 0.538 0.615 0.726 0.787 0.482 0.610 0.470 0.430 0.426 
   2   (0.492) 0.462 0.385 0.274 0.213 0.518 0.390 0.530 0.570 0.574 

Locus 77 : 76 
2 alleles
18.6% missing data
   4   (0.691) 0.555 0.303 0.728 0.804 0.693 0.758 0.690 0.717 0.741 
   2   (0.309) 0.445 0.697 0.272 0.196 0.307 0.242 0.310 0.283 0.259 

Locus 78 : 77 
2 alleles
8.0% missing data
