

----------------------------------------------------
STRUCTURE by Pritchard, Stephens and Donnelly (2000)
     and Falush, Stephens and Pritchard (2003)
       Code by Pritchard, Falush and Hubisz
             Version 2.3.4 (Jul 2012)
----------------------------------------------------



Command line arguments:   structure -m data/structure/mainparams.txt -e data/structure/extraparams.txt -K 10 -o data/structure/structure_output_10 
Input File:    data/structure/structure_input.tab

Run parameters:
   323 individuals
   2366 loci
   10 populations assumed
   10000 Burn-in period
   25000 Reps


--------------------------------------------
Overall proportion of membership of the
sample in each of the 10 clusters

Inferred Clusters
  1      2      3      4      5      6      7      8      9     10    
0.045  0.096  0.052  0.074  0.031  0.062  0.236  0.174  0.148  0.080  

--------------------------------------------

Allele-freq. divergence among pops (Net nucleotide distance),
computed using point estimates of P.

      1       2       3       4       5       6       7       8       9      10      
 1      -    0.0303  0.0420  0.0298  0.0413  0.0320  0.0344  0.0287  0.0401  0.0464  
 2   0.0303     -    0.0235  0.0094  0.0186  0.0113  0.0168  0.0061  0.0234  0.0293  
 3   0.0420  0.0235     -    0.0236  0.0352  0.0265  0.0297  0.0214  0.0353  0.0396  
 4   0.0298  0.0094  0.0236     -    0.0207  0.0117  0.0176  0.0070  0.0220  0.0272  
 5   0.0413  0.0186  0.0352  0.0207     -    0.0232  0.0287  0.0175  0.0335  0.0395  
 6   0.0320  0.0113  0.0265  0.0117  0.0232     -    0.0201  0.0094  0.0249  0.0285  
 7   0.0344  0.0168  0.0297  0.0176  0.0287  0.0201     -    0.0157  0.0273  0.0336  
 8   0.0287  0.0061  0.0214  0.0070  0.0175  0.0094  0.0157     -    0.0215  0.0263  
 9   0.0401  0.0234  0.0353  0.0220  0.0335  0.0249  0.0273  0.0215     -    0.0379  
10   0.0464  0.0293  0.0396  0.0272  0.0395  0.0285  0.0336  0.0263  0.0379     -    

Average distances (expected heterozygosity) between individuals in same cluster:
cluster  1  : 0.2513 
cluster  2  : 0.2902 
cluster  3  : 0.2610 
cluster  4  : 0.2808 
cluster  5  : 0.2650 
cluster  6  : 0.2747 
cluster  7  : 0.2767 
cluster  8  : 0.2913 
cluster  9  : 0.2639 
cluster 10  : 0.1524 

--------------------------------------------
Estimated Ln Prob of Data   = -600081.9
Mean value of ln likelihood = -593911.6
Variance of ln likelihood   = 12340.7
Mean value of alpha         = 0.1142

Mean value of Fst_1         = 0.3137
Mean value of Fst_2         = 0.0499
Mean value of Fst_3         = 0.2131
Mean value of Fst_4         = 0.0708
Mean value of Fst_5         = 0.1740
Mean value of Fst_6         = 0.0903
Mean value of Fst_7         = 0.0895
Mean value of Fst_8         = 0.0285
Mean value of Fst_9         = 0.1371
Mean value of Fst_10         = 0.4445


Inferred ancestry of individuals:
     (%Miss) :  Inferred clusters
  1    (2)   :  0.002 0.016 0.003 0.003 0.020 0.008 0.248 0.155 0.543 0.004 
  2    (2)   :  0.122 0.004 0.004 0.029 0.013 0.008 0.647 0.029 0.103 0.041 
  3    (3)   :  0.004 0.005 0.111 0.003 0.003 0.006 0.663 0.008 0.193 0.004 
  4    (0)   :  0.003 0.003 0.001 0.007 0.006 0.010 0.380 0.008 0.574 0.008 
  5    (0)   :  0.097 0.019 0.010 0.061 0.008 0.014 0.708 0.014 0.063 0.005 
  6    (0)   :  0.004 0.017 0.002 0.008 0.006 0.014 0.795 0.072 0.078 0.004 
  7    (0)   :  0.085 0.008 0.130 0.007 0.004 0.009 0.401 0.005 0.350 0.003 
  8    (0)   :  0.152 0.007 0.002 0.014 0.008 0.004 0.795 0.010 0.007 0.002 
  9    (0)   :  0.007 0.049 0.004 0.028 0.007 0.010 0.620 0.006 0.252 0.017 
 10    (8)   :  0.043 0.007 0.027 0.015 0.012 0.008 0.294 0.037 0.542 0.015 
 11    (1)   :  0.005 0.052 0.002 0.003 0.003 0.011 0.350 0.010 0.544 0.021 
 12    (0)   :  0.159 0.003 0.001 0.004 0.002 0.006 0.226 0.004 0.595 0.001 
 13    (0)   :  0.006 0.010 0.002 0.005 0.015 0.006 0.863 0.009 0.081 0.003 
 14    (0)   :  0.231 0.005 0.002 0.005 0.004 0.004 0.685 0.045 0.016 0.001 
 15    (0)   :  0.003 0.011 0.211 0.003 0.004 0.003 0.010 0.703 0.050 0.002 
 16    (0)   :  0.002 0.010 0.002 0.022 0.003 0.005 0.014 0.927 0.003 0.012 
 17    (5)   :  0.002 0.247 0.002 0.130 0.033 0.005 0.007 0.564 0.002 0.009 
 18    (1)   :  0.006 0.008 0.004 0.006 0.010 0.004 0.001 0.956 0.002 0.002 
 19    (3)   :  0.004 0.007 0.019 0.025 0.009 0.005 0.011 0.893 0.006 0.020 
 20    (4)   :  0.002 0.038 0.230 0.022 0.032 0.010 0.003 0.654 0.003 0.005 
 21    (2)   :  0.002 0.012 0.212 0.008 0.002 0.011 0.003 0.743 0.003 0.004 
 22    (1)   :  0.003 0.010 0.001 0.054 0.006 0.005 0.006 0.900 0.012 0.002 
 23    (5)   :  0.147 0.008 0.030 0.006 0.003 0.002 0.002 0.795 0.001 0.005 
 24    (8)   :  0.002 0.006 0.233 0.010 0.007 0.011 0.002 0.596 0.004 0.130 
 25    (1)   :  0.002 0.012 0.002 0.007 0.003 0.009 0.015 0.908 0.038 0.004 
 26    (1)   :  0.007 0.079 0.002 0.139 0.020 0.007 0.004 0.728 0.005 0.011 
 27    (0)   :  0.002 0.046 0.002 0.038 0.100 0.003 0.008 0.763 0.005 0.034 
 28    (0)   :  0.022 0.003 0.004 0.020 0.050 0.008 0.004 0.884 0.003 0.003 
 29    (0)   :  0.057 0.124 0.003 0.006 0.020 0.053 0.005 0.723 0.002 0.006 
 30    (1)   :  0.003 0.096 0.003 0.027 0.300 0.145 0.025 0.371 0.023 0.009 
 31    (7)   :  0.119 0.126 0.009 0.008 0.396 0.058 0.013 0.256 0.009 0.007 
 32   (15)   :  0.005 0.090 0.014 0.139 0.035 0.063 0.013 0.521 0.008 0.111 
 33    (8)   :  0.013 0.381 0.002 0.014 0.206 0.042 0.014 0.285 0.013 0.029 
 34    (0)   :  0.002 0.001 0.001 0.001 0.987 0.001 0.001 0.001 0.002 0.002 
 35    (0)   :  0.002 0.098 0.002 0.291 0.245 0.172 0.058 0.112 0.018 0.003 
 36    (4)   :  0.005 0.041 0.070 0.005 0.808 0.027 0.009 0.012 0.015 0.008 
 37    (6)   :  0.025 0.002 0.002 0.010 0.935 0.002 0.002 0.005 0.002 0.015 
 38    (2)   :  0.003 0.015 0.001 0.002 0.903 0.007 0.032 0.026 0.004 0.005 
 39    (0)   :  0.168 0.056 0.017 0.016 0.619 0.054 0.006 0.056 0.006 0.003 
 40    (5)   :  0.003 0.002 0.212 0.002 0.006 0.003 0.002 0.002 0.763 0.004 
 41    (2)   :  0.004 0.004 0.005 0.008 0.003 0.005 0.003 0.005 0.954 0.009 
 42    (0)   :  0.003 0.007 0.002 0.004 0.007 0.003 0.004 0.003 0.958 0.009 
 43    (8)   :  0.007 0.004 0.005 0.007 0.003 0.010 0.002 0.008 0.789 0.163 
 44    (1)   :  0.001 0.006 0.090 0.005 0.003 0.003 0.005 0.003 0.883 0.002 
 45   (55)   :  0.032 0.012 0.004 0.049 0.105 0.239 0.012 0.015 0.145 0.387 
 46    (2)   :  0.001 0.003 0.021 0.017 0.002 0.002 0.014 0.017 0.905 0.017 
 47    (0)   :  0.002 0.004 0.002 0.004 0.004 0.005 0.005 0.008 0.963 0.003 
 48    (1)   :  0.062 0.004 0.008 0.006 0.005 0.007 0.002 0.004 0.891 0.011 
 49   (14)   :  0.091 0.019 0.002 0.004 0.020 0.004 0.003 0.006 0.784 0.067 
 50    (1)   :  0.003 0.013 0.003 0.004 0.018 0.007 0.004 0.019 0.916 0.012 
 51    (6)   :  0.006 0.005 0.001 0.078 0.003 0.021 0.003 0.004 0.872 0.007 
 52    (1)   :  0.004 0.003 0.271 0.002 0.001 0.004 0.156 0.001 0.556 0.002 
 53    (0)   :  0.170 0.003 0.003 0.001 0.003 0.002 0.002 0.002 0.812 0.002 
 54    (7)   :  0.003 0.004 0.306 0.005 0.004 0.003 0.226 0.006 0.428 0.015 
 55    (6)   :  0.001 0.005 0.332 0.010 0.010 0.005 0.102 0.010 0.519 0.008 
 56   (13)   :  0.008 0.045 0.333 0.062 0.015 0.189 0.014 0.279 0.015 0.040 
 57    (0)   :  0.234 0.003 0.001 0.007 0.001 0.005 0.227 0.003 0.512 0.006 
 58    (0)   :  0.002 0.003 0.157 0.003 0.002 0.003 0.002 0.004 0.820 0.004 
 59    (3)   :  0.002 0.016 0.005 0.030 0.005 0.005 0.005 0.009 0.899 0.025 
 60    (4)   :  0.003 0.014 0.006 0.594 0.006 0.029 0.030 0.250 0.003 0.066 
 61    (5)   :  0.003 0.008 0.002 0.622 0.002 0.012 0.002 0.308 0.002 0.040 
 62    (8)   :  0.001 0.006 0.342 0.281 0.005 0.005 0.005 0.343 0.002 0.010 
 63    (5)   :  0.001 0.005 0.297 0.573 0.015 0.015 0.008 0.064 0.002 0.019 
 64    (0)   :  0.001 0.008 0.369 0.448 0.003 0.004 0.003 0.154 0.006 0.003 
 65    (0)   :  0.003 0.027 0.337 0.581 0.002 0.008 0.006 0.030 0.003 0.002 
 66    (5)   :  0.003 0.003 0.151 0.529 0.006 0.003 0.002 0.291 0.002 0.011 
 67    (7)   :  0.005 0.099 0.016 0.621 0.003 0.009 0.017 0.183 0.004 0.044 
 68    (3)   :  0.001 0.175 0.002 0.004 0.008 0.004 0.611 0.170 0.002 0.023 
 69    (4)   :  0.128 0.158 0.081 0.004 0.071 0.006 0.513 0.017 0.002 0.018 
 70    (1)   :  0.096 0.007 0.004 0.016 0.036 0.007 0.718 0.007 0.100 0.009 
 71   (23)   :  0.075 0.059 0.006 0.073 0.006 0.015 0.493 0.051 0.004 0.218 
 72    (0)   :  0.006 0.033 0.018 0.008 0.023 0.007 0.852 0.047 0.002 0.004 
 73    (2)   :  0.095 0.004 0.148 0.004 0.002 0.004 0.726 0.009 0.005 0.004 
 74    (0)   :  0.109 0.314 0.003 0.008 0.009 0.003 0.543 0.009 0.001 0.001 
 75    (0)   :  0.004 0.010 0.005 0.008 0.003 0.001 0.825 0.113 0.028 0.003 
 76    (0)   :  0.206 0.002 0.129 0.005 0.003 0.005 0.553 0.009 0.085 0.003 
 77    (0)   :  0.002 0.133 0.238 0.005 0.091 0.003 0.514 0.009 0.004 0.002 
 78    (1)   :  0.002 0.908 0.002 0.013 0.005 0.020 0.008 0.034 0.006 0.003 
 79    (0)   :  0.002 0.613 0.016 0.009 0.054 0.009 0.037 0.255 0.003 0.002 
 80    (1)   :  0.001 0.763 0.002 0.019 0.004 0.119 0.009 0.063 0.010 0.010 
 81    (0)   :  0.003 0.863 0.076 0.007 0.017 0.008 0.002 0.019 0.002 0.003 
 82    (3)   :  0.002 0.809 0.001 0.018 0.148 0.003 0.002 0.002 0.010 0.003 
 83    (0)   :  0.003 0.933 0.004 0.009 0.005 0.005 0.009 0.027 0.003 0.004 
 84    (0)   :  0.156 0.660 0.008 0.005 0.064 0.004 0.002 0.097 0.002 0.003 
 85    (0)   :  0.001 0.557 0.222 0.021 0.031 0.008 0.006 0.150 0.001 0.002 
 86    (3)   :  0.003 0.839 0.002 0.005 0.006 0.124 0.006 0.006 0.003 0.007 
 87    (5)   :  0.010 0.819 0.003 0.034 0.003 0.026 0.006 0.042 0.011 0.047 
 88    (6)   :  0.002 0.745 0.005 0.024 0.003 0.025 0.025 0.104 0.013 0.055 
 89    (2)   :  0.108 0.763 0.084 0.003 0.005 0.006 0.002 0.007 0.018 0.002 
 90    (3)   :  0.075 0.858 0.001 0.004 0.003 0.003 0.004 0.038 0.003 0.010 
 91    (5)   :  0.002 0.509 0.004 0.311 0.012 0.005 0.007 0.123 0.009 0.017 
 92    (0)   :  0.206 0.742 0.004 0.007 0.013 0.010 0.002 0.009 0.005 0.002 
 93    (1)   :  0.007 0.544 0.190 0.107 0.005 0.119 0.003 0.013 0.007 0.004 
 94    (2)   :  0.153 0.463 0.003 0.209 0.004 0.035 0.006 0.080 0.002 0.046 
 95    (2)   :  0.001 0.471 0.006 0.011 0.009 0.052 0.102 0.254 0.007 0.086 
 96    (0)   :  0.008 0.591 0.345 0.014 0.007 0.007 0.018 0.005 0.004 0.003 
 97    (0)   :  0.228 0.564 0.003 0.011 0.004 0.151 0.025 0.003 0.003 0.008 
 98    (2)   :  0.021 0.503 0.003 0.016 0.025 0.096 0.018 0.309 0.003 0.007 
 99    (2)   :  0.012 0.609 0.002 0.235 0.015 0.030 0.035 0.030 0.011 0.020 
100   (24)   :  0.119 0.178 0.240 0.017 0.015 0.199 0.018 0.016 0.004 0.196 
101    (3)   :  0.004 0.436 0.388 0.023 0.007 0.095 0.010 0.016 0.017 0.005 
102   (43)   :  0.006 0.013 0.004 0.009 0.021 0.008 0.500 0.005 0.119 0.315 
103    (7)   :  0.136 0.005 0.004 0.027 0.002 0.053 0.655 0.013 0.055 0.051 
104    (3)   :  0.002 0.011 0.003 0.010 0.005 0.010 0.641 0.012 0.242 0.065 
105    (7)   :  0.002 0.006 0.333 0.006 0.005 0.003 0.582 0.004 0.053 0.006 
106    (4)   :  0.187 0.002 0.026 0.003 0.002 0.003 0.156 0.003 0.615 0.003 
107    (1)   :  0.002 0.003 0.304 0.005 0.004 0.002 0.672 0.002 0.002 0.004 
108    (6)   :  0.186 0.003 0.001 0.005 0.005 0.007 0.225 0.007 0.459 0.103 
109    (8)   :  0.008 0.003 0.003 0.026 0.002 0.018 0.332 0.012 0.542 0.054 
110    (9)   :  0.005 0.052 0.003 0.010 0.025 0.015 0.731 0.025 0.057 0.077 
111   (17)   :  0.203 0.003 0.002 0.005 0.004 0.004 0.609 0.004 0.036 0.130 
112   (54)   :  0.020 0.010 0.013 0.009 0.009 0.004 0.547 0.016 0.008 0.364 
113    (2)   :  0.044 0.032 0.001 0.021 0.005 0.013 0.690 0.015 0.150 0.028 
114    (6)   :  0.001 0.009 0.002 0.007 0.002 0.004 0.871 0.003 0.039 0.063 
115    (9)   :  0.002 0.001 0.290 0.003 0.002 0.003 0.691 0.003 0.001 0.003 
116    (3)   :  0.130 0.006 0.002 0.011 0.007 0.028 0.738 0.021 0.039 0.019 
117    (1)   :  0.002 0.005 0.002 0.029 0.041 0.022 0.720 0.017 0.159 0.003 
118    (3)   :  0.008 0.005 0.002 0.016 0.019 0.017 0.606 0.013 0.254 0.058 
119   (15)   :  0.002 0.004 0.128 0.009 0.003 0.006 0.761 0.042 0.002 0.043 
120   (19)   :  0.005 0.009 0.003 0.011 0.003 0.006 0.749 0.012 0.020 0.183 
121    (0)   :  0.209 0.003 0.002 0.008 0.002 0.003 0.563 0.004 0.200 0.007 
122    (0)   :  0.006 0.013 0.003 0.010 0.024 0.002 0.486 0.019 0.435 0.002 
123    (7)   :  0.064 0.098 0.007 0.009 0.014 0.022 0.614 0.016 0.018 0.139 
124    (0)   :  0.003 0.001 0.282 0.002 0.002 0.002 0.559 0.003 0.144 0.002 
125    (0)   :  0.253 0.008 0.002 0.004 0.004 0.012 0.220 0.002 0.489 0.006 
126    (3)   :  0.166 0.005 0.003 0.038 0.012 0.004 0.609 0.007 0.085 0.071 
127    (1)   :  0.004 0.053 0.003 0.045 0.006 0.059 0.638 0.012 0.176 0.004 
128    (4)   :  0.003 0.002 0.002 0.032 0.002 0.048 0.721 0.026 0.131 0.033 
129   (16)   :  0.004 0.038 0.229 0.005 0.067 0.183 0.024 0.399 0.037 0.014 
130   (43)   :  0.005 0.173 0.006 0.025 0.015 0.022 0.005 0.349 0.010 0.391 
131   (17)   :  0.017 0.056 0.016 0.011 0.013 0.020 0.005 0.627 0.005 0.230 
132   (11)   :  0.001 0.004 0.321 0.094 0.002 0.046 0.006 0.522 0.002 0.002 
133   (14)   :  0.157 0.168 0.123 0.024 0.007 0.011 0.004 0.437 0.004 0.065 
134    (5)   :  0.002 0.006 0.003 0.199 0.010 0.111 0.004 0.610 0.046 0.010 
135    (2)   :  0.001 0.166 0.002 0.017 0.030 0.025 0.008 0.722 0.015 0.013 
136   (37)   :  0.070 0.003 0.088 0.003 0.002 0.002 0.002 0.003 0.642 0.186 
137   (25)   :  0.003 0.007 0.207 0.031 0.100 0.009 0.003 0.101 0.347 0.191 
138   (42)   :  0.004 0.031 0.004 0.356 0.022 0.021 0.023 0.042 0.181 0.316 
139   (12)   :  0.184 0.005 0.006 0.002 0.008 0.014 0.540 0.007 0.019 0.216 
140    (3)   :  0.183 0.008 0.002 0.013 0.007 0.003 0.676 0.007 0.043 0.058 
141    (3)   :  0.001 0.082 0.001 0.008 0.013 0.019 0.611 0.199 0.004 0.060 
142   (10)   :  0.141 0.183 0.015 0.008 0.022 0.006 0.514 0.005 0.002 0.105 
143    (3)   :  0.002 0.189 0.267 0.009 0.004 0.005 0.485 0.032 0.002 0.004 
144    (9)   :  0.091 0.211 0.003 0.029 0.079 0.003 0.443 0.009 0.004 0.127 
145   (15)   :  0.139 0.259 0.002 0.002 0.028 0.021 0.492 0.003 0.005 0.049 
146   (12)   :  0.002 0.280 0.001 0.005 0.020 0.007 0.400 0.010 0.002 0.273 
147   (30)   :  0.002 0.219 0.002 0.007 0.021 0.046 0.457 0.086 0.002 0.158 
148   (51)   :  0.003 0.021 0.002 0.132 0.007 0.005 0.014 0.030 0.290 0.497 
149    (0)   :  0.077 0.002 0.001 0.005 0.002 0.005 0.002 0.003 0.902 0.002 
150    (0)   :  0.001 0.003 0.003 0.005 0.006 0.003 0.003 0.029 0.925 0.022 
151    (0)   :  0.001 0.001 0.230 0.001 0.001 0.001 0.001 0.001 0.762 0.001 
152    (3)   :  0.124 0.004 0.002 0.006 0.013 0.004 0.004 0.003 0.819 0.022 
153    (0)   :  0.002 0.002 0.004 0.003 0.018 0.004 0.033 0.007 0.925 0.002 
154    (1)   :  0.091 0.003 0.001 0.001 0.001 0.002 0.004 0.003 0.892 0.002 
155    (0)   :  0.238 0.072 0.002 0.406 0.006 0.003 0.008 0.012 0.246 0.006 
156    (0)   :  0.158 0.051 0.002 0.396 0.005 0.006 0.160 0.093 0.108 0.021 
157   (31)   :  0.004 0.017 0.002 0.538 0.003 0.030 0.018 0.002 0.194 0.191 
158   (14)   :  0.171 0.004 0.003 0.639 0.022 0.006 0.004 0.004 0.037 0.110 
159   (19)   :  0.028 0.002 0.241 0.331 0.008 0.169 0.008 0.010 0.103 0.102 
160   (39)   :  0.003 0.008 0.005 0.395 0.008 0.051 0.013 0.010 0.104 0.404 
161    (1)   :  0.157 0.005 0.001 0.634 0.003 0.084 0.004 0.006 0.084 0.022 
162    (3)   :  0.001 0.016 0.003 0.729 0.027 0.012 0.003 0.082 0.081 0.047 
163    (8)   :  0.002 0.003 0.315 0.572 0.001 0.003 0.003 0.003 0.028 0.070 
164   (12)   :  0.172 0.003 0.002 0.564 0.006 0.016 0.019 0.004 0.021 0.193 
165   (10)   :  0.008 0.028 0.002 0.390 0.143 0.194 0.022 0.025 0.039 0.150 
166   (13)   :  0.008 0.006 0.001 0.510 0.013 0.224 0.004 0.004 0.052 0.178 
167   (47)   :  0.015 0.004 0.112 0.386 0.008 0.091 0.004 0.007 0.004 0.368 
168   (85)   :  0.016 0.013 0.042 0.259 0.055 0.085 0.009 0.023 0.015 0.484 
169   (10)   :  0.098 0.093 0.002 0.496 0.037 0.050 0.006 0.008 0.003 0.207 
170   (17)   :  0.002 0.005 0.004 0.612 0.009 0.011 0.084 0.049 0.008 0.216 
171    (4)   :  0.002 0.026 0.363 0.036 0.002 0.036 0.502 0.019 0.010 0.003 
172    (3)   :  0.273 0.002 0.050 0.003 0.002 0.002 0.599 0.003 0.063 0.002 
173    (9)   :  0.176 0.020 0.001 0.007 0.006 0.020 0.702 0.007 0.005 0.055 
174    (2)   :  0.003 0.008 0.003 0.028 0.015 0.007 0.788 0.117 0.012 0.020 
175    (0)   :  0.006 0.012 0.222 0.005 0.002 0.004 0.705 0.016 0.020 0.006 
176    (8)   :  0.022 0.003 0.002 0.121 0.008 0.018 0.746 0.021 0.003 0.057 
177    (0)   :  0.187 0.125 0.013 0.120 0.004 0.039 0.404 0.041 0.066 0.001 
178    (1)   :  0.152 0.008 0.023 0.009 0.002 0.021 0.633 0.008 0.084 0.060 
179    (0)   :  0.165 0.019 0.002 0.005 0.006 0.003 0.765 0.004 0.027 0.005 
180    (0)   :  0.011 0.046 0.359 0.020 0.009 0.012 0.513 0.024 0.003 0.002 
181    (2)   :  0.302 0.006 0.025 0.003 0.007 0.005 0.638 0.005 0.005 0.003 
182    (0)   :  0.128 0.004 0.004 0.006 0.013 0.002 0.306 0.029 0.504 0.003 
183    (0)   :  0.002 0.061 0.012 0.011 0.013 0.031 0.688 0.172 0.006 0.003 
184    (1)   :  0.059 0.004 0.235 0.006 0.003 0.004 0.677 0.003 0.009 0.001 
185   (20)   :  0.111 0.059 0.023 0.012 0.023 0.120 0.489 0.021 0.006 0.138 
186    (0)   :  0.001 0.009 0.008 0.008 0.027 0.020 0.833 0.028 0.043 0.023 
187    (2)   :  0.003 0.135 0.322 0.001 0.003 0.003 0.518 0.004 0.004 0.005 
188    (1)   :  0.152 0.262 0.004 0.009 0.021 0.023 0.453 0.059 0.007 0.009 
189   (12)   :  0.096 0.092 0.010 0.031 0.018 0.012 0.574 0.018 0.002 0.147 
190    (0)   :  0.002 0.035 0.002 0.006 0.089 0.008 0.602 0.212 0.042 0.003 
191    (0)   :  0.002 0.005 0.003 0.010 0.002 0.004 0.964 0.005 0.002 0.004 
192    (5)   :  0.015 0.067 0.002 0.080 0.051 0.060 0.585 0.065 0.033 0.043 
193   (11)   :  0.002 0.002 0.278 0.003 0.005 0.004 0.682 0.002 0.004 0.019 
194   (14)   :  0.006 0.013 0.005 0.010 0.147 0.002 0.657 0.013 0.007 0.139 
195    (2)   :  0.094 0.132 0.003 0.038 0.013 0.009 0.695 0.009 0.003 0.004 
196    (7)   :  0.020 0.010 0.002 0.016 0.004 0.022 0.815 0.009 0.095 0.007 
197    (3)   :  0.004 0.004 0.319 0.003 0.081 0.008 0.557 0.003 0.005 0.015 
198    (5)   :  0.183 0.003 0.001 0.003 0.001 0.002 0.795 0.002 0.003 0.007 
199    (9)   :  0.007 0.046 0.008 0.051 0.002 0.027 0.742 0.037 0.007 0.073 
200    (1)   :  0.006 0.008 0.003 0.004 0.015 0.022 0.916 0.003 0.008 0.014 
201    (9)   :  0.002 0.174 0.273 0.005 0.003 0.003 0.520 0.002 0.002 0.018 
202    (7)   :  0.036 0.004 0.002 0.009 0.005 0.003 0.733 0.004 0.003 0.200 
203    (1)   :  0.026 0.271 0.003 0.014 0.017 0.011 0.605 0.015 0.009 0.029 
204    (6)   :  0.090 0.011 0.011 0.033 0.015 0.033 0.745 0.013 0.003 0.046 
205    (0)   :  0.023 0.039 0.001 0.008 0.005 0.017 0.788 0.011 0.101 0.006 
206    (0)   :  0.095 0.046 0.124 0.009 0.075 0.004 0.632 0.009 0.001 0.005 
207    (0)   :  0.087 0.305 0.001 0.004 0.005 0.010 0.568 0.016 0.002 0.003 
208    (3)   :  0.007 0.003 0.002 0.004 0.005 0.054 0.908 0.009 0.002 0.005 
209   (13)   :  0.001 0.019 0.006 0.010 0.044 0.010 0.595 0.019 0.107 0.189 
210    (2)   :  0.275 0.003 0.005 0.002 0.002 0.007 0.696 0.004 0.002 0.006 
211    (7)   :  0.023 0.007 0.001 0.004 0.002 0.004 0.837 0.002 0.007 0.113 
212    (2)   :  0.010 0.007 0.016 0.018 0.011 0.009 0.850 0.013 0.027 0.039 
213    (8)   :  0.002 0.081 0.003 0.021 0.037 0.082 0.633 0.121 0.005 0.016 
214   (17)   :  0.004 0.005 0.012 0.010 0.005 0.085 0.595 0.015 0.006 0.263 
215    (6)   :  0.002 0.003 0.002 0.443 0.004 0.074 0.009 0.318 0.122 0.023 
216    (0)   :  0.004 0.047 0.004 0.619 0.012 0.060 0.008 0.075 0.164 0.006 
217    (4)   :  0.006 0.004 0.121 0.003 0.006 0.001 0.002 0.003 0.838 0.016 
218    (2)   :  0.016 0.013 0.008 0.035 0.015 0.011 0.018 0.094 0.768 0.023 
219   (12)   :  0.002 0.011 0.002 0.005 0.023 0.005 0.645 0.004 0.155 0.147 
220   (13)   :  0.195 0.009 0.018 0.008 0.011 0.008 0.411 0.005 0.216 0.120 
221   (49)   :  0.005 0.101 0.149 0.016 0.005 0.206 0.007 0.114 0.006 0.391 
222   (12)   :  0.004 0.017 0.002 0.018 0.061 0.016 0.003 0.691 0.013 0.174 
223    (2)   :  0.004 0.085 0.019 0.027 0.031 0.028 0.003 0.778 0.004 0.021 
224    (6)   :  0.001 0.006 0.002 0.240 0.005 0.004 0.004 0.577 0.003 0.158 
225   (21)   :  0.002 0.059 0.004 0.028 0.009 0.010 0.011 0.731 0.007 0.137 
226    (2)   :  0.015 0.084 0.002 0.084 0.002 0.004 0.015 0.723 0.007 0.063 
227    (5)   :  0.004 0.009 0.002 0.013 0.002 0.022 0.008 0.778 0.005 0.157 
228   (45)   :  0.038 0.033 0.003 0.007 0.007 0.012 0.126 0.312 0.005 0.456 
229   (48)   :  0.001 0.006 0.118 0.003 0.006 0.033 0.007 0.422 0.007 0.397 
230    (0)   :  0.009 0.556 0.004 0.008 0.009 0.015 0.015 0.375 0.002 0.007 
231    (2)   :  0.002 0.125 0.003 0.035 0.077 0.003 0.009 0.664 0.081 0.002 
232    (0)   :  0.096 0.437 0.029 0.006 0.014 0.162 0.041 0.207 0.006 0.003 
233    (0)   :  0.001 0.136 0.005 0.028 0.013 0.097 0.020 0.676 0.009 0.015 
234    (3)   :  0.003 0.192 0.003 0.022 0.024 0.053 0.009 0.664 0.003 0.028 
235    (1)   :  0.039 0.008 0.137 0.099 0.005 0.015 0.007 0.662 0.004 0.024 
236   (25)   :  0.009 0.054 0.003 0.007 0.019 0.084 0.021 0.572 0.055 0.174 
237    (2)   :  0.003 0.032 0.001 0.024 0.004 0.004 0.008 0.901 0.003 0.020 
238   (21)   :  0.005 0.035 0.001 0.021 0.006 0.012 0.005 0.612 0.004 0.299 
239   (11)   :  0.201 0.009 0.013 0.003 0.020 0.018 0.006 0.661 0.017 0.053 
240    (0)   :  0.065 0.070 0.004 0.019 0.006 0.013 0.003 0.813 0.005 0.003 
241   (62)   :  0.009 0.016 0.156 0.013 0.005 0.014 0.004 0.254 0.003 0.526 
242    (8)   :  0.005 0.006 0.003 0.143 0.003 0.074 0.006 0.716 0.002 0.041 
243    (7)   :  0.002 0.176 0.002 0.018 0.006 0.011 0.003 0.712 0.001 0.069 
244    (4)   :  0.003 0.003 0.226 0.020 0.006 0.009 0.003 0.724 0.003 0.002 
245   (18)   :  0.041 0.014 0.004 0.009 0.008 0.044 0.003 0.799 0.007 0.072 
246   (38)   :  0.002 0.019 0.003 0.024 0.009 0.017 0.017 0.602 0.012 0.295 
247    (7)   :  0.106 0.012 0.113 0.005 0.007 0.074 0.142 0.501 0.006 0.034 
248   (55)   :  0.003 0.005 0.208 0.019 0.004 0.020 0.010 0.339 0.005 0.386 
249    (1)   :  0.003 0.021 0.002 0.009 0.006 0.048 0.008 0.805 0.008 0.091 
250    (0)   :  0.002 0.019 0.005 0.167 0.019 0.010 0.023 0.682 0.019 0.054 
251    (7)   :  0.002 0.036 0.002 0.223 0.006 0.005 0.002 0.559 0.002 0.163 
252    (1)   :  0.001 0.122 0.006 0.122 0.037 0.132 0.005 0.454 0.006 0.114 
253    (4)   :  0.003 0.017 0.005 0.026 0.023 0.011 0.012 0.885 0.002 0.016 
254    (8)   :  0.027 0.080 0.001 0.006 0.014 0.015 0.042 0.657 0.004 0.154 
255   (36)   :  0.003 0.078 0.004 0.062 0.080 0.191 0.004 0.219 0.013 0.346 
256    (9)   :  0.190 0.133 0.002 0.026 0.038 0.010 0.004 0.491 0.003 0.103 
257   (72)   :  0.014 0.010 0.003 0.010 0.010 0.007 0.025 0.350 0.003 0.568 
258    (1)   :  0.010 0.019 0.003 0.158 0.096 0.023 0.009 0.610 0.010 0.062 
259    (0)   :  0.001 0.202 0.001 0.198 0.012 0.007 0.003 0.450 0.036 0.090 
260    (0)   :  0.021 0.006 0.068 0.018 0.118 0.026 0.005 0.724 0.011 0.004 
261    (0)   :  0.060 0.008 0.002 0.070 0.010 0.038 0.015 0.794 0.003 0.002 
262    (1)   :  0.002 0.049 0.002 0.019 0.013 0.093 0.015 0.790 0.012 0.003 
263    (3)   :  0.159 0.005 0.003 0.012 0.019 0.035 0.002 0.744 0.002 0.018 
264   (29)   :  0.002 0.017 0.180 0.016 0.010 0.061 0.003 0.462 0.003 0.246 
265    (0)   :  0.008 0.014 0.002 0.234 0.005 0.055 0.012 0.587 0.066 0.017 
266    (0)   :  0.126 0.092 0.001 0.003 0.008 0.033 0.002 0.728 0.002 0.003 
267    (7)   :  0.005 0.034 0.003 0.025 0.003 0.041 0.021 0.808 0.011 0.050 
268   (40)   :  0.002 0.011 0.003 0.017 0.021 0.003 0.450 0.005 0.019 0.469 
269   (72)   :  0.012 0.026 0.004 0.017 0.004 0.012 0.157 0.031 0.172 0.566 
270    (2)   :  0.056 0.208 0.013 0.088 0.009 0.004 0.541 0.057 0.005 0.019 
271   (68)   :  0.006 0.319 0.002 0.008 0.003 0.029 0.061 0.015 0.005 0.554 
272   (49)   :  0.003 0.121 0.003 0.012 0.005 0.078 0.314 0.022 0.004 0.438 
273   (18)   :  0.005 0.662 0.001 0.010 0.007 0.021 0.211 0.013 0.005 0.064 
274    (7)   :  0.184 0.079 0.004 0.005 0.011 0.015 0.673 0.007 0.005 0.018 
275   (70)   :  0.009 0.022 0.168 0.021 0.005 0.014 0.138 0.007 0.168 0.448 
276    (2)   :  0.004 0.246 0.002 0.044 0.006 0.006 0.670 0.011 0.002 0.009 
277   (70)   :  0.004 0.005 0.003 0.011 0.009 0.004 0.406 0.007 0.004 0.546 
278    (4)   :  0.003 0.796 0.002 0.005 0.048 0.009 0.016 0.060 0.019 0.042 
279    (2)   :  0.001 0.517 0.007 0.041 0.003 0.047 0.006 0.272 0.004 0.103 
280    (4)   :  0.004 0.004 0.138 0.013 0.002 0.004 0.152 0.011 0.668 0.006 
281    (0)   :  0.029 0.010 0.002 0.003 0.003 0.003 0.688 0.242 0.018 0.002 
282    (2)   :  0.002 0.004 0.005 0.012 0.006 0.004 0.741 0.212 0.011 0.004 
283    (4)   :  0.151 0.005 0.082 0.017 0.014 0.005 0.707 0.004 0.012 0.003 
284   (22)   :  0.005 0.003 0.164 0.005 0.002 0.003 0.585 0.003 0.045 0.186 
285    (0)   :  0.060 0.030 0.008 0.664 0.028 0.008 0.101 0.064 0.034 0.003 
286   (72)   :  0.005 0.027 0.006 0.181 0.025 0.009 0.102 0.101 0.017 0.528 
287    (1)   :  0.092 0.020 0.153 0.578 0.005 0.009 0.002 0.134 0.002 0.005 
288    (0)   :  0.006 0.023 0.006 0.623 0.015 0.003 0.019 0.264 0.037 0.004 
289    (0)   :  0.101 0.002 0.184 0.003 0.002 0.002 0.030 0.003 0.671 0.002 
290    (0)   :  0.130 0.002 0.023 0.002 0.004 0.001 0.004 0.002 0.830 0.001 
291    (0)   :  0.004 0.281 0.003 0.004 0.006 0.005 0.427 0.260 0.006 0.004 
292    (0)   :  0.002 0.012 0.002 0.028 0.005 0.018 0.007 0.021 0.903 0.004 
293    (0)   :  0.091 0.002 0.001 0.001 0.001 0.002 0.002 0.001 0.896 0.002 
294    (0)   :  0.008 0.020 0.003 0.018 0.004 0.008 0.165 0.014 0.738 0.021 
295    (0)   :  0.001 0.306 0.001 0.005 0.005 0.024 0.551 0.097 0.003 0.006 
296    (0)   :  0.011 0.013 0.079 0.062 0.017 0.513 0.006 0.290 0.005 0.003 
297   (37)   :  0.003 0.011 0.005 0.152 0.019 0.427 0.011 0.047 0.006 0.318 
298   (50)   :  0.009 0.013 0.002 0.011 0.005 0.406 0.003 0.004 0.008 0.539 
299    (1)   :  0.035 0.008 0.002 0.012 0.002 0.691 0.005 0.236 0.002 0.006 
300    (0)   :  0.002 0.008 0.002 0.054 0.009 0.713 0.003 0.205 0.002 0.003 
301   (20)   :  0.125 0.009 0.070 0.008 0.014 0.506 0.094 0.101 0.004 0.070 
302   (54)   :  0.006 0.009 0.082 0.006 0.002 0.392 0.013 0.009 0.054 0.427 
303    (4)   :  0.005 0.047 0.001 0.088 0.014 0.768 0.014 0.021 0.015 0.026 
304   (56)   :  0.004 0.008 0.004 0.007 0.004 0.501 0.030 0.015 0.016 0.411 
305   (82)   :  0.006 0.016 0.004 0.014 0.007 0.280 0.004 0.021 0.014 0.634 
306    (1)   :  0.056 0.003 0.004 0.014 0.004 0.863 0.013 0.015 0.004 0.023 
307   (12)   :  0.002 0.007 0.001 0.007 0.016 0.896 0.029 0.005 0.002 0.035 
308   (10)   :  0.002 0.005 0.003 0.125 0.003 0.682 0.015 0.047 0.042 0.077 
309   (23)   :  0.123 0.007 0.054 0.007 0.005 0.648 0.003 0.004 0.003 0.148 
310   (10)   :  0.002 0.006 0.015 0.161 0.008 0.600 0.062 0.084 0.038 0.024 
311    (4)   :  0.059 0.019 0.002 0.183 0.005 0.710 0.003 0.009 0.007 0.003 
312    (3)   :  0.002 0.028 0.004 0.005 0.007 0.798 0.005 0.143 0.003 0.005 
313   (10)   :  0.197 0.017 0.004 0.004 0.008 0.744 0.003 0.012 0.001 0.011 
314    (3)   :  0.001 0.007 0.001 0.007 0.004 0.840 0.120 0.003 0.008 0.008 
315    (2)   :  0.003 0.010 0.002 0.005 0.002 0.003 0.004 0.003 0.835 0.133 
316   (46)   :  0.002 0.003 0.131 0.002 0.002 0.005 0.001 0.002 0.626 0.227 
317    (5)   :  0.002 0.007 0.002 0.013 0.005 0.035 0.014 0.009 0.816 0.095 
318   (44)   :  0.002 0.004 0.202 0.002 0.005 0.004 0.035 0.002 0.583 0.160 
319    (2)   :  0.115 0.002 0.002 0.002 0.002 0.002 0.002 0.001 0.844 0.029 
320    (3)   :  0.100 0.002 0.001 0.003 0.002 0.002 0.001 0.002 0.800 0.086 
321    (6)   :  0.025 0.004 0.001 0.013 0.013 0.004 0.194 0.012 0.573 0.160 
322    (0)   :  0.084 0.014 0.003 0.042 0.008 0.005 0.008 0.005 0.830 0.003 
323    (2)   :  0.106 0.006 0.002 0.005 0.003 0.003 0.004 0.002 0.859 0.009 


Estimated Allele Frequencies in each cluster
First column gives estimated ancestral frequencies


Locus 1 : 0 
2 alleles
17.0% missing data
   2   (0.903) 0.984 0.880 0.981 0.902 0.890 0.929 0.945 0.880 0.993 0.986 
   4   (0.097) 0.016 0.120 0.019 0.098 0.110 0.071 0.055 0.120 0.007 0.014 

Locus 2 : 1 
2 alleles
16.1% missing data
   3   (0.033) 0.020 0.018 0.018 0.018 0.008 0.011 0.025 0.014 0.264 0.006 
   1   (0.967) 0.980 0.982 0.982 0.982 0.992 0.989 0.975 0.986 0.736 0.994 

Locus 3 : 2 
2 alleles
12.1% missing data
   1   (0.914) 0.964 0.868 0.969 0.973 0.684 0.954 0.945 0.959 0.592 0.987 
   4   (0.086) 0.036 0.132 0.031 0.027 0.316 0.046 0.055 0.041 0.408 0.013 

Locus 4 : 3 
2 alleles
6.5% missing data
   1   (0.489) 0.513 0.395 0.532 0.558 0.230 0.395 0.757 0.544 0.210 0.605 
   2   (0.511) 0.487 0.605 0.468 0.442 0.770 0.605 0.243 0.456 0.790 0.395 

Locus 5 : 4 
2 alleles
20.4% missing data
   3   (0.492) 0.496 0.456 0.416 0.621 0.186 0.487 0.748 0.512 0.236 0.160 
   1   (0.508) 0.504 0.544 0.584 0.379 0.814 0.513 0.252 0.488 0.764 0.840 

Locus 6 : 5 
2 alleles
15.8% missing data
   2   (0.898) 0.919 0.960 0.967 0.940 0.967 0.823 0.815 0.902 0.813 0.977 
   3   (0.102) 0.081 0.040 0.033 0.060 0.033 0.177 0.185 0.098 0.187 0.023 

Locus 7 : 6 
2 alleles
11.8% missing data
   4   (0.690) 0.685 0.815 0.819 0.495 0.833 0.565 0.915 0.611 0.509 0.942 
   1   (0.310) 0.315 0.185 0.181 0.505 0.167 0.435 0.085 0.389 0.491 0.058 

Locus 8 : 7 
2 alleles
17.3% missing data
   3   (0.269) 0.411 0.229 0.154 0.242 0.294 0.590 0.184 0.224 0.269 0.035 
   2   (0.731) 0.589 0.771 0.846 0.758 0.706 0.410 0.816 0.776 0.731 0.965 

Locus 9 : 8 
2 alleles
23.8% missing data
   2   (0.880) 0.146 0.869 0.974 0.867 0.958 0.910 0.914 0.922 0.882 0.939 
   4   (0.120) 0.854 0.131 0.026 0.133 0.042 0.090 0.086 0.078 0.118 0.061 

Locus 10 : 9 
2 alleles
6.5% missing data
   1   (0.713) 0.809 0.699 0.671 0.618 0.598 0.750 0.663 0.816 0.677 0.608 
   4   (0.287) 0.191 0.301 0.329 0.382 0.402 0.250 0.337 0.184 0.323 0.392 

Locus 11 : 10 
2 alleles
1.9% missing data
   1   (0.955) 0.934 0.967 0.994 0.986 0.986 0.971 0.930 0.984 0.951 0.822 
   3   (0.045) 0.066 0.033 0.006 0.014 0.014 0.029 0.070 0.016 0.049 0.178 

Locus 12 : 11 
2 alleles
0.9% missing data
   4   (0.926) 0.990 0.816 0.974 0.897 0.981 0.958 0.995 0.880 0.995 0.995 
   1   (0.074) 0.010 0.184 0.026 0.103 0.019 0.042 0.005 0.120 0.005 0.005 

Locus 13 : 12 
2 alleles
20.1% missing data
   1   (0.953) 0.384 0.978 0.959 0.981 0.984 0.979 0.968 0.972 0.970 0.996 
   3   (0.047) 0.616 0.022 0.041 0.019 0.016 0.021 0.032 0.028 0.030 0.004 

Locus 14 : 13 
2 alleles
19.8% missing data
   1   (0.953) 0.981 0.981 0.992 0.980 0.984 0.981 0.861 0.949 0.978 0.992 
   4   (0.047) 0.019 0.019 0.008 0.020 0.016 0.019 0.139 0.051 0.022 0.008 

Locus 15 : 14 
2 alleles
23.2% missing data
   4   (0.748) 0.628 0.861 0.556 0.615 0.895 0.775 0.748 0.768 0.655 0.858 
   1   (0.252) 0.372 0.139 0.444 0.385 0.105 0.225 0.252 0.232 0.345 0.142 

Locus 16 : 15 
2 alleles
20.7% missing data
   2   (0.971) 0.267 0.990 0.996 0.989 0.950 0.966 0.995 0.986 0.994 0.996 
   4   (0.029) 0.733 0.010 0.004 0.011 0.050 0.034 0.005 0.014 0.006 0.004 

Locus 17 : 16 
2 alleles
4.3% missing data
   3   (0.662) 0.809 0.767 0.605 0.438 0.708 0.843 0.366 0.737 0.430 0.812 
   1   (0.338) 0.191 0.233 0.395 0.562 0.292 0.157 0.634 0.263 0.570 0.188 

Locus 18 : 17 
2 alleles
11.8% missing data
   2   (0.783) 0.804 0.762 0.670 0.828 0.915 0.809 0.843 0.772 0.809 0.941 
   3   (0.217) 0.196 0.238 0.330 0.172 0.085 0.191 0.157 0.228 0.191 0.059 

Locus 19 : 18 
2 alleles
12.1% missing data
   3   (0.829) 0.958 0.911 0.932 0.810 0.615 0.680 0.856 0.883 0.613 0.855 
   2   (0.171) 0.042 0.089 0.068 0.190 0.385 0.320 0.144 0.117 0.387 0.145 

Locus 20 : 19 
2 alleles
24.5% missing data
   4   (0.920) 0.987 0.712 0.955 0.958 0.910 0.918 0.990 0.936 0.981 0.986 
   1   (0.080) 0.013 0.288 0.045 0.042 0.090 0.082 0.010 0.064 0.019 0.014 

Locus 21 : 20 
2 alleles
3.4% missing data
   2   (0.532) 0.520 0.607 0.492 0.498 0.779 0.346 0.251 0.641 0.423 0.543 
   3   (0.468) 0.480 0.393 0.508 0.502 0.221 0.654 0.749 0.359 0.577 0.457 

Locus 22 : 21 
2 alleles
11.1% missing data
   2   (0.854) 0.545 0.865 0.257 0.852 0.892 0.916 0.921 0.893 0.935 0.977 
   4   (0.146) 0.455 0.135 0.743 0.148 0.108 0.084 0.079 0.107 0.065 0.023 

Locus 23 : 22 
2 alleles
24.8% missing data
   2   (0.941) 0.971 0.960 0.450 0.959 0.964 0.942 0.964 0.965 0.993 0.990 
   4   (0.059) 0.029 0.040 0.550 0.041 0.036 0.058 0.036 0.035 0.007 0.010 

Locus 24 : 23 
2 alleles
4.3% missing data
   1   (0.983) 0.999 0.995 0.157 0.995 0.992 0.995 0.998 0.993 0.999 0.999 
   3   (0.017) 0.001 0.005 0.843 0.005 0.008 0.005 0.002 0.007 0.001 0.001 

Locus 25 : 24 
2 alleles
21.7% missing data
   3   (0.866) 0.938 0.918 0.923 0.946 0.635 0.738 0.684 0.910 0.857 0.986 
   2   (0.134) 0.062 0.082 0.077 0.054 0.365 0.262 0.316 0.090 0.143 0.014 

Locus 26 : 25 
2 alleles
4.6% missing data
   3   (0.926) 0.982 0.970 0.911 0.912 0.925 0.818 0.986 0.958 0.836 0.993 
   2   (0.074) 0.018 0.030 0.089 0.088 0.075 0.182 0.014 0.042 0.164 0.007 

Locus 27 : 26 
2 alleles
5.3% missing data
   4   (0.942) 0.986 0.935 0.988 0.979 0.885 0.982 0.818 0.959 0.988 0.996 
   1   (0.058) 0.014 0.065 0.012 0.021 0.115 0.018 0.182 0.041 0.012 0.004 

Locus 28 : 27 
2 alleles
9.3% missing data
   1   (0.230) 0.203 0.247 0.418 0.207 0.129 0.218 0.158 0.198 0.394 0.037 
   3   (0.770) 0.797 0.753 0.582 0.793 0.871 0.782 0.842 0.802 0.606 0.963 

Locus 29 : 28 
2 alleles
10.8% missing data
   3   (0.664) 0.523 0.482 0.630 0.652 0.522 0.795 0.779 0.638 0.941 0.935 
   2   (0.336) 0.477 0.518 0.370 0.348 0.478 0.205 0.221 0.362 0.059 0.065 

Locus 30 : 29 
2 alleles
9.0% missing data
   4   (0.921) 0.981 0.846 0.964 0.967 0.976 0.694 0.929 0.948 0.995 0.972 
   2   (0.079) 0.019 0.154 0.036 0.033 0.024 0.306 0.071 0.052 0.005 0.028 

Locus 31 : 30 
2 alleles
14.2% missing data
   3   (0.836) 0.951 0.856 0.863 0.772 0.920 0.931 0.780 0.824 0.894 0.977 
   2   (0.164) 0.049 0.144 0.137 0.228 0.080 0.069 0.220 0.176 0.106 0.023 

Locus 32 : 31 
2 alleles
5.0% missing data
   3   (0.919) 0.921 0.895 0.857 0.917 0.977 0.968 0.976 0.940 0.927 0.994 
   2   (0.081) 0.079 0.105 0.143 0.083 0.023 0.032 0.024 0.060 0.073 0.006 

Locus 33 : 32 
2 alleles
1.5% missing data
   4   (0.867) 0.963 0.853 0.968 0.854 0.884 0.869 0.967 0.859 0.841 0.983 
   1   (0.133) 0.037 0.147 0.032 0.146 0.116 0.131 0.033 0.141 0.159 0.017 

Locus 34 : 33 
2 alleles
5.9% missing data
   3   (0.670) 0.497 0.635 0.573 0.652 0.830 0.688 0.897 0.643 0.428 0.954 
   2   (0.330) 0.503 0.365 0.427 0.348 0.170 0.312 0.103 0.357 0.572 0.046 

Locus 35 : 34 
2 alleles
14.9% missing data
   3   (0.631) 0.483 0.593 0.654 0.655 0.643 0.572 0.794 0.609 0.723 0.818 
   2   (0.369) 0.517 0.407 0.346 0.345 0.357 0.428 0.206 0.391 0.277 0.182 

Locus 36 : 35 
2 alleles
12.7% missing data
   4   (0.775) 0.857 0.771 0.837 0.745 0.766 0.787 0.806 0.824 0.661 0.917 
   1   (0.225) 0.143 0.229 0.163 0.255 0.234 0.213 0.194 0.176 0.339 0.083 

Locus 37 : 36 
2 alleles
1.2% missing data
   2   (0.750) 0.813 0.598 0.822 0.764 0.814 0.923 0.662 0.763 0.848 0.887 
   3   (0.250) 0.187 0.402 0.178 0.236 0.186 0.077 0.338 0.237 0.152 0.113 

Locus 38 : 37 
2 alleles
0.9% missing data
   2   (0.928) 0.192 0.893 0.990 0.963 0.966 0.947 0.981 0.961 0.840 0.993 
   4   (0.072) 0.808 0.107 0.010 0.037 0.034 0.053 0.019 0.039 0.160 0.007 

Locus 39 : 38 
2 alleles
12.1% missing data
   4   (0.907) 0.928 0.886 0.968 0.958 0.974 0.970 0.899 0.906 0.779 0.987 
   3   (0.093) 0.072 0.114 0.032 0.042 0.026 0.030 0.101 0.094 0.221 0.013 

Locus 40 : 39 
2 alleles
2.8% missing data
   3   (0.875) 0.958 0.805 0.946 0.902 0.965 0.926 0.724 0.919 0.871 0.975 
   2   (0.125) 0.042 0.195 0.054 0.098 0.035 0.074 0.276 0.081 0.129 0.025 

Locus 41 : 40 
2 alleles
9.3% missing data
   2   (0.725) 0.919 0.746 0.530 0.813 0.647 0.857 0.773 0.619 0.788 0.967 
   4   (0.275) 0.081 0.254 0.470 0.187 0.353 0.143 0.227 0.381 0.212 0.033 

Locus 42 : 41 
2 alleles
9.6% missing data
   4   (0.841) 0.939 0.779 0.821 0.860 0.954 0.920 0.814 0.876 0.680 0.975 
   1   (0.159) 0.061 0.221 0.179 0.140 0.046 0.080 0.186 0.124 0.320 0.025 

Locus 43 : 42 
2 alleles
11.8% missing data
   1   (0.802) 0.934 0.772 0.882 0.817 0.875 0.864 0.704 0.865 0.575 0.814 
   4   (0.198) 0.066 0.228 0.118 0.183 0.125 0.136 0.296 0.135 0.425 0.186 

Locus 44 : 43 
2 alleles
5.6% missing data
   3   (0.785) 0.942 0.850 0.896 0.875 0.707 0.838 0.715 0.725 0.754 0.909 
   4   (0.215) 0.058 0.150 0.104 0.125 0.293 0.162 0.285 0.275 0.246 0.091 

Locus 45 : 44 
2 alleles
6.8% missing data
   2   (0.465) 0.316 0.484 0.324 0.528 0.380 0.320 0.572 0.502 0.310 0.615 
   3   (0.535) 0.684 0.516 0.676 0.472 0.620 0.680 0.428 0.498 0.690 0.385 

Locus 46 : 45 
2 alleles
3.7% missing data
   1   (0.948) 0.989 0.984 0.987 0.878 0.986 0.962 0.964 0.977 0.772 0.997 
   4   (0.052) 0.011 0.016 0.013 0.122 0.014 0.038 0.036 0.023 0.228 0.003 

Locus 47 : 46 
2 alleles
16.4% missing data
   3   (0.947) 0.925 0.951 0.990 0.977 0.976 0.976 0.894 0.965 0.971 0.965 
   4   (0.053) 0.075 0.049 0.010 0.023 0.024 0.024 0.106 0.035 0.029 0.035 

Locus 48 : 47 
2 alleles
9.9% missing data
   4   (0.653) 0.768 0.781 0.778 0.751 0.430 0.543 0.463 0.632 0.750 0.707 
   1   (0.347) 0.232 0.219 0.222 0.249 0.570 0.457 0.537 0.368 0.250 0.293 

Locus 49 : 48 
2 alleles
5.9% missing data
   1   (0.782) 0.833 0.873 0.893 0.841 0.664 0.872 0.656 0.755 0.594 0.969 
   3   (0.218) 0.167 0.127 0.107 0.159 0.336 0.128 0.344 0.245 0.406 0.031 

Locus 50 : 49 
2 alleles
11.8% missing data
   3   (0.817) 0.805 0.752 0.950 0.903 0.914 0.794 0.918 0.758 0.861 0.970 
   2   (0.183) 0.195 0.248 0.050 0.097 0.086 0.206 0.082 0.242 0.139 0.030 

Locus 51 : 50 
2 alleles
11.8% missing data
   1   (0.861) 0.928 0.761 0.892 0.877 0.923 0.861 0.915 0.882 0.972 0.940 
   4   (0.139) 0.072 0.239 0.108 0.123 0.077 0.139 0.085 0.118 0.028 0.060 

Locus 52 : 51 
2 alleles
6.8% missing data
   3   (0.644) 0.816 0.624 0.500 0.646 0.485 0.744 0.577 0.645 0.797 0.888 
   2   (0.356) 0.184 0.376 0.500 0.354 0.515 0.256 0.423 0.355 0.203 0.112 

Locus 53 : 52 
2 alleles
3.7% missing data
   4   (0.920) 0.986 0.893 0.972 0.961 0.795 0.859 0.909 0.961 0.989 0.955 
   1   (0.080) 0.014 0.107 0.028 0.039 0.205 0.141 0.091 0.039 0.011 0.045 

Locus 54 : 53 
2 alleles
6.8% missing data
   3   (0.612) 0.675 0.594 0.554 0.699 0.476 0.829 0.449 0.559 0.840 0.268 
   2   (0.388) 0.325 0.406 0.446 0.301 0.524 0.171 0.551 0.441 0.160 0.732 

Locus 55 : 54 
2 alleles
9.9% missing data
   3   (0.860) 0.784 0.819 0.961 0.905 0.809 0.883 0.824 0.915 0.832 0.984 
   2   (0.140) 0.216 0.181 0.039 0.095 0.191 0.117 0.176 0.085 0.168 0.016 

Locus 56 : 55 
2 alleles
0.3% missing data
   4   (0.844) 0.742 0.918 0.887 0.802 0.763 0.877 0.878 0.887 0.596 0.988 
   2   (0.156) 0.258 0.082 0.113 0.198 0.237 0.123 0.122 0.113 0.404 0.012 

Locus 57 : 56 
2 alleles
23.5% missing data
   4   (0.593) 0.330 0.736 0.461 0.582 0.405 0.603 0.604 0.613 0.604 0.120 
   1   (0.407) 0.670 0.264 0.539 0.418 0.595 0.397 0.396 0.387 0.396 0.880 

Locus 58 : 57 
2 alleles
5.6% missing data
   2   (0.816) 0.958 0.701 0.858 0.757 0.712 0.901 0.962 0.759 0.968 0.962 
   3   (0.184) 0.042 0.299 0.142 0.243 0.288 0.099 0.038 0.241 0.032 0.038 

Locus 59 : 58 
2 alleles
9.0% missing data
   1   (0.597) 0.658 0.549 0.754 0.571 0.434 0.634 0.797 0.528 0.746 0.842 
   4   (0.403) 0.342 0.451 0.246 0.429 0.566 0.366 0.203 0.472 0.254 0.158 

Locus 60 : 59 
2 alleles
2.5% missing data
   4   (0.846) 0.902 0.849 0.844 0.864 0.803 0.820 0.927 0.834 0.978 0.907 
   2   (0.154) 0.098 0.151 0.156 0.136 0.197 0.180 0.073 0.166 0.022 0.093 

Locus 61 : 60 
2 alleles
3.4% missing data
   3   (0.457) 0.568 0.390 0.434 0.486 0.347 0.636 0.665 0.354 0.618 0.227 
   2   (0.543) 0.432 0.610 0.566 0.514 0.653 0.364 0.335 0.646 0.382 0.773 

Locus 62 : 61 
2 alleles
5.6% missing data
   4   (0.875) 0.862 0.893 0.968 0.904 0.965 0.932 0.948 0.821 0.782 0.992 
