

----------------------------------------------------
STRUCTURE by Pritchard, Stephens and Donnelly (2000)
     and Falush, Stephens and Pritchard (2003)
       Code by Pritchard, Falush and Hubisz
             Version 2.3.4 (Jul 2012)
----------------------------------------------------



Command line arguments:   structure -m data/structure/mainparams.txt -e data/structure/extraparams.txt -K 7 -o data/structure/structure_output_7 
Input File:    data/structure/structure_input.tab

Run parameters:
   323 individuals
   2366 loci
   7 populations assumed
   10000 Burn-in period
   25000 Reps


--------------------------------------------
Overall proportion of membership of the
sample in each of the 7 clusters

Inferred Clusters
  1      2      3      4      5      6      7    
0.209  0.049  0.055  0.130  0.148  0.249  0.159  

--------------------------------------------

Allele-freq. divergence among pops (Net nucleotide distance),
computed using point estimates of P.

      1       2       3       4       5       6       7      
 1      -    0.0260  0.0196  0.0054  0.0096  0.0146  0.0202  
 2   0.0260     -    0.0385  0.0274  0.0297  0.0315  0.0373  
 3   0.0196  0.0385     -    0.0216  0.0245  0.0272  0.0329  
 4   0.0054  0.0274  0.0216     -    0.0118  0.0156  0.0216  
 5   0.0096  0.0297  0.0245  0.0118     -    0.0183  0.0233  
 6   0.0146  0.0315  0.0272  0.0156  0.0183     -    0.0255  
 7   0.0202  0.0373  0.0329  0.0216  0.0233  0.0255     -    

Average distances (expected heterozygosity) between individuals in same cluster:
cluster  1  : 0.2907 
cluster  2  : 0.2603 
cluster  3  : 0.2661 
cluster  4  : 0.2905 
cluster  5  : 0.2421 
cluster  6  : 0.2733 
cluster  7  : 0.2625 

--------------------------------------------
Estimated Ln Prob of Data   = -602139.9
Mean value of ln likelihood = -597546.8
Variance of ln likelihood   = 9186.0
Mean value of alpha         = 0.1394

Mean value of Fst_1         = 0.0273
Mean value of Fst_2         = 0.2760
Mean value of Fst_3         = 0.1904
Mean value of Fst_4         = 0.0414
Mean value of Fst_5         = 0.1062
Mean value of Fst_6         = 0.0845
Mean value of Fst_7         = 0.1317


Inferred ancestry of individuals:
     (%Miss) :  Inferred clusters
  1    (2)   :  0.101 0.004 0.005 0.077 0.004 0.251 0.558 
  2    (2)   :  0.051 0.132 0.005 0.018 0.014 0.676 0.104 
  3    (3)   :  0.006 0.003 0.107 0.005 0.005 0.682 0.192 
  4    (0)   :  0.008 0.005 0.002 0.010 0.013 0.384 0.579 
  5    (0)   :  0.018 0.107 0.017 0.045 0.014 0.725 0.073 
  6    (0)   :  0.070 0.007 0.003 0.015 0.011 0.814 0.080 
  7    (0)   :  0.004 0.089 0.141 0.006 0.006 0.405 0.351 
  8    (0)   :  0.015 0.160 0.003 0.019 0.003 0.794 0.006 
  9    (0)   :  0.007 0.010 0.005 0.038 0.033 0.647 0.259 
 10    (8)   :  0.030 0.025 0.035 0.009 0.013 0.327 0.561 
 11    (1)   :  0.012 0.004 0.003 0.032 0.011 0.382 0.555 
 12    (0)   :  0.004 0.154 0.001 0.003 0.006 0.226 0.606 
 13    (0)   :  0.018 0.007 0.003 0.020 0.004 0.877 0.070 
 14    (0)   :  0.014 0.244 0.006 0.017 0.007 0.697 0.016 
 15    (0)   :  0.685 0.005 0.219 0.011 0.003 0.019 0.058 
 16    (0)   :  0.951 0.002 0.002 0.015 0.009 0.015 0.006 
 17    (5)   :  0.685 0.002 0.002 0.278 0.023 0.006 0.004 
 18    (1)   :  0.960 0.007 0.010 0.013 0.004 0.003 0.004 
 19    (3)   :  0.915 0.004 0.012 0.012 0.014 0.038 0.006 
 20    (4)   :  0.655 0.002 0.223 0.103 0.009 0.005 0.004 
 21    (2)   :  0.749 0.002 0.211 0.012 0.018 0.004 0.003 
 22    (1)   :  0.950 0.003 0.001 0.013 0.009 0.008 0.015 
 23    (5)   :  0.802 0.153 0.027 0.007 0.006 0.003 0.002 
 24    (8)   :  0.629 0.002 0.254 0.012 0.096 0.003 0.005 
 25    (1)   :  0.900 0.003 0.002 0.015 0.022 0.025 0.034 
 26    (1)   :  0.877 0.011 0.002 0.076 0.017 0.011 0.005 
 27    (0)   :  0.739 0.003 0.002 0.216 0.015 0.013 0.011 
 28    (0)   :  0.924 0.025 0.004 0.030 0.008 0.005 0.003 
 29    (0)   :  0.681 0.060 0.003 0.233 0.017 0.004 0.003 
 30    (1)   :  0.372 0.003 0.003 0.497 0.064 0.020 0.042 
 31    (7)   :  0.208 0.121 0.004 0.600 0.025 0.028 0.014 
 32   (15)   :  0.466 0.005 0.015 0.199 0.305 0.004 0.007 
 33    (8)   :  0.305 0.011 0.002 0.599 0.045 0.017 0.021 
 34    (0)   :  0.005 0.004 0.003 0.977 0.004 0.002 0.005 
 35    (0)   :  0.316 0.003 0.002 0.484 0.116 0.054 0.025 
 36    (4)   :  0.009 0.011 0.053 0.901 0.011 0.005 0.010 
 37    (6)   :  0.048 0.041 0.004 0.881 0.016 0.003 0.006 
 38    (2)   :  0.016 0.002 0.002 0.949 0.004 0.020 0.007 
 39    (0)   :  0.045 0.172 0.010 0.746 0.008 0.005 0.012 
 40    (5)   :  0.002 0.004 0.204 0.003 0.004 0.003 0.780 
 41    (2)   :  0.005 0.004 0.003 0.003 0.008 0.006 0.972 
 42    (0)   :  0.003 0.003 0.003 0.007 0.005 0.002 0.977 
 43    (8)   :  0.007 0.004 0.005 0.004 0.151 0.003 0.825 
 44    (1)   :  0.003 0.002 0.085 0.005 0.003 0.006 0.896 
 45   (55)   :  0.024 0.022 0.005 0.063 0.658 0.033 0.196 
 46    (2)   :  0.029 0.002 0.015 0.004 0.004 0.022 0.924 
 47    (0)   :  0.008 0.003 0.002 0.004 0.006 0.007 0.970 
 48    (1)   :  0.004 0.063 0.008 0.006 0.004 0.003 0.912 
 49   (14)   :  0.010 0.098 0.003 0.044 0.005 0.009 0.832 
 50    (1)   :  0.016 0.003 0.005 0.023 0.006 0.010 0.939 
 51    (6)   :  0.010 0.010 0.003 0.005 0.052 0.005 0.916 
 52    (1)   :  0.002 0.002 0.279 0.002 0.004 0.154 0.557 
 53    (0)   :  0.003 0.169 0.003 0.004 0.003 0.002 0.817 
 54    (7)   :  0.004 0.004 0.314 0.008 0.009 0.229 0.432 
 55    (6)   :  0.018 0.001 0.337 0.009 0.008 0.094 0.533 
 56   (13)   :  0.360 0.006 0.341 0.023 0.248 0.014 0.008 
 57    (0)   :  0.004 0.244 0.002 0.004 0.008 0.220 0.519 
 58    (0)   :  0.002 0.003 0.157 0.004 0.002 0.002 0.829 
 59    (3)   :  0.017 0.002 0.007 0.014 0.021 0.010 0.929 
 60    (4)   :  0.632 0.003 0.015 0.016 0.293 0.037 0.004 
 61    (5)   :  0.696 0.003 0.002 0.005 0.277 0.009 0.009 
 62    (8)   :  0.543 0.002 0.366 0.006 0.073 0.008 0.002 
 63    (5)   :  0.410 0.004 0.321 0.013 0.237 0.012 0.002 
 64    (0)   :  0.547 0.001 0.415 0.009 0.014 0.002 0.011 
 65    (0)   :  0.405 0.006 0.379 0.028 0.169 0.008 0.005 
 66    (5)   :  0.749 0.005 0.193 0.009 0.036 0.002 0.006 
 67    (7)   :  0.658 0.009 0.035 0.018 0.261 0.013 0.005 
 68    (3)   :  0.169 0.001 0.003 0.182 0.007 0.636 0.002 
 69    (4)   :  0.017 0.124 0.055 0.262 0.007 0.532 0.002 
 70    (1)   :  0.022 0.106 0.004 0.014 0.015 0.735 0.104 
 71   (23)   :  0.012 0.088 0.011 0.018 0.306 0.559 0.006 
 72    (0)   :  0.041 0.005 0.016 0.050 0.016 0.869 0.003 
 73    (2)   :  0.006 0.092 0.151 0.003 0.011 0.733 0.004 
 74    (0)   :  0.014 0.118 0.005 0.305 0.003 0.553 0.002 
 75    (0)   :  0.109 0.003 0.009 0.007 0.002 0.829 0.042 
 76    (0)   :  0.008 0.219 0.122 0.003 0.003 0.559 0.084 
 77    (0)   :  0.017 0.004 0.241 0.221 0.002 0.511 0.003 
 78    (1)   :  0.171 0.003 0.003 0.790 0.016 0.006 0.011 
 79    (0)   :  0.342 0.002 0.013 0.608 0.003 0.028 0.005 
 80    (1)   :  0.136 0.002 0.007 0.723 0.110 0.010 0.012 
 81    (0)   :  0.089 0.003 0.080 0.817 0.005 0.003 0.003 
 82    (3)   :  0.008 0.004 0.002 0.960 0.015 0.003 0.008 
 83    (0)   :  0.133 0.003 0.005 0.842 0.002 0.013 0.002 
 84    (0)   :  0.103 0.157 0.014 0.718 0.003 0.002 0.003 
 85    (0)   :  0.194 0.002 0.227 0.559 0.011 0.004 0.003 
 86    (3)   :  0.013 0.005 0.004 0.916 0.053 0.005 0.004 
 87    (5)   :  0.150 0.014 0.005 0.735 0.070 0.009 0.016 
 88    (6)   :  0.226 0.004 0.005 0.649 0.075 0.023 0.019 
 89    (2)   :  0.013 0.116 0.095 0.735 0.005 0.007 0.029 
 90    (3)   :  0.160 0.090 0.003 0.728 0.007 0.010 0.004 
 91    (5)   :  0.438 0.002 0.004 0.475 0.037 0.017 0.027 
 92    (0)   :  0.022 0.223 0.004 0.738 0.004 0.003 0.006 
 93    (1)   :  0.031 0.016 0.209 0.580 0.144 0.005 0.015 
 94    (2)   :  0.117 0.173 0.004 0.470 0.222 0.011 0.003 
 95    (2)   :  0.163 0.002 0.007 0.526 0.194 0.102 0.005 
 96    (0)   :  0.011 0.003 0.368 0.565 0.016 0.029 0.008 
 97    (0)   :  0.024 0.254 0.004 0.576 0.107 0.032 0.002 
 98    (2)   :  0.354 0.014 0.005 0.552 0.048 0.021 0.006 
 99    (2)   :  0.168 0.009 0.005 0.579 0.170 0.053 0.018 
100   (24)   :  0.012 0.121 0.241 0.214 0.388 0.020 0.004 
101    (3)   :  0.018 0.004 0.412 0.459 0.066 0.009 0.032 
102   (43)   :  0.009 0.007 0.003 0.015 0.232 0.592 0.142 
103    (7)   :  0.007 0.141 0.003 0.004 0.161 0.656 0.028 
104    (3)   :  0.018 0.003 0.005 0.012 0.036 0.678 0.247 
105    (7)   :  0.008 0.002 0.340 0.008 0.004 0.594 0.043 
106    (4)   :  0.004 0.195 0.029 0.005 0.004 0.130 0.634 
107    (1)   :  0.005 0.002 0.310 0.005 0.004 0.673 0.002 
108    (6)   :  0.004 0.202 0.002 0.006 0.040 0.255 0.490 
109    (8)   :  0.017 0.012 0.005 0.006 0.037 0.353 0.570 
110    (9)   :  0.011 0.006 0.003 0.105 0.049 0.766 0.061 
111   (17)   :  0.004 0.226 0.005 0.007 0.025 0.668 0.065 
112   (54)   :  0.015 0.014 0.012 0.010 0.274 0.660 0.015 
113    (2)   :  0.016 0.055 0.002 0.020 0.038 0.717 0.151 
114    (6)   :  0.006 0.002 0.002 0.010 0.009 0.921 0.050 
115    (9)   :  0.005 0.002 0.295 0.002 0.003 0.692 0.001 
116    (3)   :  0.020 0.136 0.002 0.020 0.016 0.760 0.046 
117    (1)   :  0.041 0.004 0.002 0.016 0.027 0.747 0.162 
118    (3)   :  0.014 0.010 0.002 0.011 0.068 0.642 0.253 
119   (15)   :  0.040 0.002 0.132 0.006 0.023 0.795 0.002 
120   (19)   :  0.015 0.006 0.007 0.010 0.077 0.845 0.040 
121    (0)   :  0.004 0.224 0.002 0.003 0.008 0.569 0.192 
122    (0)   :  0.016 0.006 0.004 0.031 0.003 0.497 0.444 
123    (7)   :  0.010 0.071 0.009 0.103 0.126 0.654 0.026 
124    (0)   :  0.002 0.004 0.281 0.003 0.002 0.568 0.141 
125    (0)   :  0.006 0.264 0.004 0.003 0.010 0.213 0.500 
126    (3)   :  0.008 0.182 0.004 0.012 0.034 0.659 0.102 
127    (1)   :  0.023 0.008 0.002 0.120 0.028 0.641 0.178 
128    (4)   :  0.026 0.004 0.003 0.005 0.120 0.721 0.121 
129   (16)   :  0.310 0.004 0.234 0.247 0.143 0.021 0.040 
130   (43)   :  0.281 0.006 0.007 0.188 0.486 0.015 0.018 
131   (17)   :  0.549 0.014 0.019 0.063 0.339 0.010 0.005 
132   (11)   :  0.591 0.002 0.328 0.005 0.067 0.005 0.003 
133   (14)   :  0.497 0.155 0.129 0.132 0.074 0.007 0.006 
134    (5)   :  0.705 0.002 0.004 0.008 0.223 0.005 0.053 
135    (2)   :  0.741 0.002 0.002 0.189 0.038 0.010 0.017 
136   (37)   :  0.009 0.085 0.107 0.004 0.020 0.004 0.771 
137   (25)   :  0.178 0.011 0.223 0.016 0.172 0.007 0.393 
138   (42)   :  0.124 0.006 0.005 0.037 0.540 0.047 0.241 
139   (12)   :  0.003 0.193 0.007 0.008 0.161 0.597 0.031 
140    (3)   :  0.011 0.190 0.002 0.008 0.025 0.713 0.050 
141    (3)   :  0.173 0.002 0.003 0.144 0.028 0.645 0.005 
142   (10)   :  0.005 0.141 0.014 0.227 0.056 0.554 0.002 
143    (3)   :  0.097 0.002 0.279 0.107 0.006 0.507 0.002 
144    (9)   :  0.008 0.105 0.007 0.353 0.023 0.501 0.003 
145   (15)   :  0.005 0.145 0.003 0.303 0.024 0.514 0.007 
146   (12)   :  0.008 0.002 0.002 0.290 0.228 0.466 0.003 
147   (30)   :  0.037 0.004 0.002 0.273 0.190 0.493 0.002 
148   (51)   :  0.035 0.005 0.004 0.013 0.555 0.022 0.366 
149    (0)   :  0.003 0.077 0.001 0.003 0.004 0.003 0.909 
150    (0)   :  0.014 0.003 0.005 0.004 0.009 0.004 0.961 
151    (0)   :  0.002 0.001 0.224 0.002 0.001 0.001 0.768 
152    (3)   :  0.005 0.127 0.003 0.008 0.007 0.004 0.846 
153    (0)   :  0.010 0.003 0.003 0.008 0.002 0.035 0.938 
154    (1)   :  0.003 0.088 0.001 0.002 0.004 0.004 0.898 
155    (0)   :  0.051 0.280 0.007 0.208 0.152 0.011 0.290 
156    (0)   :  0.269 0.185 0.003 0.118 0.112 0.170 0.143 
157   (31)   :  0.068 0.012 0.004 0.031 0.557 0.062 0.266 
158   (14)   :  0.180 0.213 0.010 0.017 0.453 0.020 0.107 
159   (19)   :  0.047 0.042 0.261 0.010 0.471 0.014 0.155 
160   (39)   :  0.027 0.005 0.007 0.013 0.727 0.020 0.201 
161    (1)   :  0.255 0.191 0.003 0.015 0.404 0.008 0.123 
162    (3)   :  0.507 0.002 0.008 0.029 0.304 0.006 0.144 
163    (8)   :  0.045 0.006 0.386 0.007 0.421 0.007 0.128 
164   (12)   :  0.024 0.212 0.005 0.007 0.554 0.034 0.164 
165   (10)   :  0.170 0.010 0.003 0.276 0.408 0.030 0.103 
166   (13)   :  0.008 0.025 0.003 0.176 0.629 0.005 0.154 
167   (47)   :  0.010 0.022 0.144 0.012 0.795 0.005 0.013 
168   (85)   :  0.032 0.011 0.085 0.024 0.797 0.015 0.037 
169   (10)   :  0.043 0.113 0.003 0.298 0.520 0.010 0.014 
170   (17)   :  0.338 0.002 0.003 0.008 0.502 0.094 0.053 
171    (4)   :  0.070 0.003 0.375 0.010 0.018 0.514 0.010 
172    (3)   :  0.002 0.275 0.056 0.002 0.003 0.606 0.056 
173    (9)   :  0.008 0.185 0.003 0.027 0.018 0.754 0.005 
174    (2)   :  0.142 0.003 0.002 0.007 0.022 0.810 0.014 
175    (0)   :  0.013 0.008 0.226 0.006 0.009 0.723 0.016 
176    (8)   :  0.053 0.028 0.003 0.008 0.127 0.775 0.007 
177    (0)   :  0.170 0.215 0.030 0.110 0.008 0.399 0.068 
178    (1)   :  0.009 0.160 0.021 0.005 0.073 0.656 0.077 
179    (0)   :  0.005 0.182 0.002 0.012 0.004 0.778 0.017 
180    (0)   :  0.041 0.017 0.382 0.036 0.003 0.513 0.007 
181    (2)   :  0.006 0.307 0.026 0.006 0.005 0.644 0.007 
182    (0)   :  0.021 0.140 0.004 0.013 0.004 0.308 0.509 
183    (0)   :  0.162 0.004 0.019 0.094 0.005 0.707 0.010 
184    (1)   :  0.004 0.065 0.245 0.005 0.002 0.670 0.008 
185   (20)   :  0.017 0.117 0.013 0.131 0.186 0.522 0.014 
186    (0)   :  0.024 0.002 0.007 0.030 0.014 0.859 0.065 
187    (2)   :  0.009 0.004 0.343 0.089 0.003 0.548 0.004 
188    (1)   :  0.045 0.157 0.005 0.318 0.014 0.454 0.007 
189   (12)   :  0.021 0.105 0.009 0.124 0.111 0.626 0.003 
190    (0)   :  0.274 0.002 0.002 0.087 0.005 0.607 0.023 
191    (0)   :  0.005 0.002 0.003 0.004 0.005 0.979 0.002 
192    (5)   :  0.124 0.015 0.003 0.092 0.146 0.596 0.024 
193   (11)   :  0.005 0.003 0.282 0.004 0.006 0.696 0.003 
194   (14)   :  0.017 0.008 0.007 0.204 0.018 0.728 0.017 
195    (2)   :  0.010 0.092 0.003 0.178 0.007 0.703 0.006 
196    (7)   :  0.008 0.017 0.002 0.020 0.009 0.834 0.110 
197    (3)   :  0.006 0.005 0.339 0.043 0.023 0.576 0.007 
198    (5)   :  0.003 0.188 0.002 0.006 0.006 0.794 0.002 
199    (9)   :  0.088 0.013 0.008 0.020 0.078 0.783 0.010 
200    (1)   :  0.003 0.010 0.005 0.019 0.011 0.940 0.012 
201    (9)   :  0.007 0.003 0.289 0.135 0.008 0.554 0.002 
202    (7)   :  0.007 0.039 0.002 0.033 0.109 0.806 0.004 
203    (1)   :  0.026 0.030 0.004 0.294 0.014 0.622 0.009 
204    (6)   :  0.019 0.098 0.010 0.017 0.104 0.749 0.003 
205    (0)   :  0.015 0.036 0.002 0.032 0.010 0.807 0.099 
206    (0)   :  0.011 0.100 0.127 0.122 0.005 0.634 0.001 
207    (0)   :  0.011 0.092 0.001 0.306 0.006 0.582 0.002 
208    (3)   :  0.005 0.020 0.002 0.012 0.020 0.939 0.002 
209   (13)   :  0.017 0.002 0.005 0.036 0.166 0.659 0.114 
210    (2)   :  0.003 0.287 0.005 0.003 0.007 0.693 0.003 
211    (7)   :  0.008 0.030 0.002 0.007 0.018 0.926 0.009 
212    (2)   :  0.018 0.022 0.017 0.019 0.017 0.885 0.022 
213    (8)   :  0.081 0.002 0.004 0.206 0.067 0.636 0.005 
214   (17)   :  0.008 0.004 0.008 0.005 0.340 0.627 0.008 
215    (6)   :  0.515 0.002 0.003 0.012 0.306 0.009 0.154 
216    (0)   :  0.474 0.011 0.003 0.040 0.240 0.013 0.219 
217    (4)   :  0.006 0.008 0.115 0.005 0.002 0.003 0.862 
218    (2)   :  0.142 0.021 0.007 0.019 0.008 0.016 0.786 
219   (12)   :  0.011 0.003 0.003 0.021 0.029 0.739 0.194 
220   (13)   :  0.008 0.198 0.020 0.006 0.091 0.452 0.225 
221   (49)   :  0.125 0.006 0.150 0.046 0.644 0.021 0.008 
222   (12)   :  0.659 0.005 0.002 0.111 0.193 0.006 0.024 
223    (2)   :  0.779 0.003 0.012 0.139 0.061 0.003 0.004 
224    (6)   :  0.720 0.002 0.002 0.008 0.258 0.005 0.004 
225   (21)   :  0.750 0.002 0.003 0.068 0.157 0.011 0.009 
226    (2)   :  0.888 0.018 0.001 0.027 0.035 0.020 0.011 
227    (5)   :  0.785 0.006 0.003 0.004 0.187 0.009 0.006 
228   (45)   :  0.204 0.039 0.003 0.083 0.494 0.165 0.012 
229   (48)   :  0.407 0.002 0.124 0.010 0.430 0.015 0.012 
230    (0)   :  0.362 0.008 0.006 0.570 0.018 0.033 0.003 
231    (2)   :  0.685 0.003 0.004 0.216 0.004 0.016 0.071 
232    (0)   :  0.290 0.110 0.035 0.449 0.068 0.043 0.005 
233    (0)   :  0.700 0.002 0.002 0.202 0.067 0.018 0.009 
234    (3)   :  0.650 0.002 0.003 0.228 0.099 0.015 0.004 
235    (1)   :  0.689 0.044 0.135 0.013 0.101 0.012 0.005 
236   (25)   :  0.523 0.014 0.004 0.141 0.213 0.040 0.065 
237    (2)   :  0.938 0.003 0.002 0.029 0.010 0.014 0.003 
238   (21)   :  0.554 0.007 0.003 0.022 0.398 0.012 0.003 
239   (11)   :  0.695 0.224 0.014 0.022 0.024 0.006 0.016 
240    (0)   :  0.867 0.067 0.005 0.040 0.009 0.006 0.005 
241   (62)   :  0.065 0.009 0.167 0.018 0.728 0.008 0.005 
242    (8)   :  0.741 0.009 0.006 0.006 0.229 0.007 0.003 
243    (7)   :  0.806 0.002 0.004 0.103 0.078 0.005 0.002 
244    (4)   :  0.753 0.003 0.228 0.005 0.004 0.003 0.005 
245   (18)   :  0.766 0.045 0.002 0.007 0.161 0.009 0.010 
246   (38)   :  0.588 0.003 0.004 0.024 0.332 0.037 0.013 
247    (7)   :  0.504 0.112 0.106 0.019 0.096 0.153 0.009 
248   (55)   :  0.207 0.003 0.224 0.005 0.524 0.027 0.010 
249    (1)   :  0.814 0.002 0.002 0.029 0.127 0.017 0.008 
250    (0)   :  0.758 0.003 0.005 0.063 0.120 0.025 0.026 
251    (7)   :  0.698 0.003 0.005 0.044 0.237 0.010 0.003 
252    (1)   :  0.489 0.002 0.005 0.204 0.284 0.013 0.004 
253    (4)   :  0.867 0.003 0.004 0.052 0.052 0.019 0.003 
254    (8)   :  0.760 0.039 0.002 0.075 0.053 0.068 0.003 
255   (36)   :  0.125 0.003 0.006 0.208 0.639 0.005 0.013 
256    (9)   :  0.401 0.193 0.005 0.256 0.135 0.005 0.005 
257   (72)   :  0.102 0.018 0.004 0.008 0.801 0.061 0.006 
258    (1)   :  0.605 0.015 0.004 0.169 0.171 0.019 0.017 
259    (0)   :  0.607 0.001 0.002 0.144 0.174 0.002 0.068 
260    (0)   :  0.795 0.029 0.068 0.076 0.011 0.003 0.017 
261    (0)   :  0.857 0.076 0.003 0.037 0.015 0.009 0.004 
262    (1)   :  0.813 0.003 0.002 0.123 0.028 0.019 0.012 
263    (3)   :  0.736 0.174 0.004 0.024 0.055 0.004 0.002 
264   (29)   :  0.403 0.003 0.184 0.025 0.368 0.008 0.008 
265    (0)   :  0.708 0.017 0.002 0.021 0.126 0.010 0.117 
266    (0)   :  0.716 0.134 0.002 0.120 0.018 0.003 0.006 
267    (7)   :  0.834 0.007 0.002 0.053 0.074 0.018 0.013 
268   (40)   :  0.004 0.003 0.005 0.015 0.419 0.528 0.026 
269   (72)   :  0.032 0.009 0.003 0.009 0.618 0.198 0.130 
270    (2)   :  0.204 0.055 0.014 0.123 0.027 0.572 0.005 
271   (68)   :  0.011 0.010 0.002 0.043 0.738 0.189 0.007 
272   (49)   :  0.020 0.004 0.004 0.017 0.580 0.370 0.005 
273   (18)   :  0.034 0.005 0.002 0.628 0.066 0.258 0.008 
274    (7)   :  0.017 0.193 0.004 0.060 0.016 0.705 0.006 
275   (70)   :  0.005 0.010 0.163 0.017 0.494 0.149 0.161 
276    (2)   :  0.026 0.006 0.004 0.260 0.007 0.692 0.003 
277   (70)   :  0.005 0.005 0.004 0.005 0.508 0.464 0.008 
278    (4)   :  0.097 0.003 0.003 0.839 0.026 0.016 0.017 
279    (2)   :  0.340 0.002 0.007 0.410 0.229 0.007 0.006 
280    (4)   :  0.011 0.005 0.139 0.004 0.012 0.150 0.679 
281    (0)   :  0.248 0.032 0.002 0.005 0.002 0.699 0.011 
282    (2)   :  0.217 0.003 0.008 0.005 0.004 0.754 0.009 
283    (4)   :  0.008 0.160 0.080 0.005 0.008 0.723 0.016 
284   (22)   :  0.006 0.006 0.187 0.003 0.037 0.694 0.067 
285    (0)   :  0.485 0.085 0.016 0.060 0.189 0.055 0.109 
286   (72)   :  0.138 0.005 0.006 0.038 0.640 0.141 0.030 
287    (1)   :  0.548 0.117 0.169 0.008 0.149 0.005 0.005 
288    (0)   :  0.765 0.015 0.011 0.024 0.043 0.031 0.110 
289    (0)   :  0.003 0.100 0.191 0.003 0.003 0.027 0.673 
290    (0)   :  0.005 0.129 0.015 0.002 0.002 0.004 0.843 
291    (0)   :  0.263 0.004 0.004 0.281 0.004 0.441 0.003 
292    (0)   :  0.044 0.002 0.005 0.013 0.006 0.007 0.922 
293    (0)   :  0.002 0.092 0.001 0.002 0.002 0.004 0.898 
294    (0)   :  0.007 0.007 0.005 0.024 0.018 0.187 0.754 
295    (0)   :  0.193 0.002 0.002 0.245 0.007 0.550 0.002 
296    (0)   :  0.404 0.039 0.075 0.103 0.364 0.008 0.007 
297   (37)   :  0.103 0.004 0.007 0.094 0.758 0.013 0.020 
298   (50)   :  0.006 0.013 0.003 0.015 0.940 0.004 0.019 
299    (1)   :  0.335 0.069 0.002 0.037 0.549 0.004 0.004 
300    (0)   :  0.464 0.002 0.003 0.035 0.482 0.009 0.006 
301   (20)   :  0.090 0.120 0.068 0.060 0.505 0.153 0.003 
302   (54)   :  0.011 0.006 0.099 0.011 0.759 0.015 0.100 
303    (4)   :  0.025 0.007 0.002 0.282 0.650 0.016 0.019 
304   (56)   :  0.008 0.005 0.004 0.024 0.857 0.075 0.027 
305   (82)   :  0.019 0.006 0.005 0.023 0.919 0.012 0.017 
306    (1)   :  0.076 0.091 0.006 0.052 0.760 0.008 0.006 
307   (12)   :  0.015 0.003 0.001 0.189 0.743 0.045 0.004 
308   (10)   :  0.227 0.003 0.004 0.012 0.703 0.010 0.040 
309   (23)   :  0.018 0.155 0.068 0.055 0.695 0.004 0.006 
310   (10)   :  0.334 0.004 0.026 0.011 0.544 0.044 0.037 
311    (4)   :  0.068 0.101 0.002 0.196 0.597 0.006 0.028 
312    (3)   :  0.280 0.006 0.004 0.193 0.509 0.004 0.006 
313   (10)   :  0.007 0.207 0.006 0.231 0.543 0.003 0.003 
314    (3)   :  0.033 0.002 0.002 0.208 0.637 0.108 0.010 
315    (2)   :  0.007 0.004 0.003 0.008 0.062 0.016 0.901 
316   (46)   :  0.003 0.004 0.154 0.004 0.045 0.002 0.789 
317    (5)   :  0.020 0.002 0.003 0.006 0.103 0.021 0.845 
318   (44)   :  0.004 0.004 0.227 0.005 0.037 0.052 0.672 
319    (2)   :  0.002 0.117 0.002 0.002 0.005 0.004 0.868 
320    (3)   :  0.003 0.107 0.002 0.002 0.007 0.002 0.878 
321    (6)   :  0.004 0.016 0.005 0.006 0.113 0.229 0.628 
322    (0)   :  0.016 0.093 0.004 0.013 0.010 0.015 0.850 
323    (2)   :  0.005 0.103 0.003 0.005 0.007 0.006 0.870 


Estimated Allele Frequencies in each cluster
First column gives estimated ancestral frequencies


Locus 1 : 0 
2 alleles
17.0% missing data
   2   (0.912) 0.872 0.982 0.982 0.892 0.958 0.945 0.993 
   4   (0.088) 0.128 0.018 0.018 0.108 0.042 0.055 0.007 

Locus 2 : 1 
2 alleles
16.1% missing data
   3   (0.034) 0.013 0.023 0.020 0.012 0.008 0.027 0.253 
   1   (0.966) 0.987 0.977 0.980 0.988 0.992 0.973 0.747 

Locus 3 : 2 
2 alleles
12.1% missing data
   1   (0.916) 0.966 0.971 0.967 0.821 0.979 0.943 0.612 
   4   (0.084) 0.034 0.029 0.033 0.179 0.021 0.057 0.388 

Locus 4 : 3 
2 alleles
6.5% missing data
   1   (0.496) 0.559 0.520 0.545 0.354 0.488 0.749 0.221 
   2   (0.504) 0.441 0.480 0.455 0.646 0.512 0.251 0.779 

Locus 5 : 4 
2 alleles
20.4% missing data
   3   (0.482) 0.526 0.529 0.458 0.372 0.482 0.714 0.230 
   1   (0.518) 0.474 0.471 0.542 0.628 0.518 0.286 0.770 

Locus 6 : 5 
2 alleles
15.8% missing data
   2   (0.895) 0.899 0.890 0.966 0.961 0.908 0.825 0.826 
   3   (0.105) 0.101 0.110 0.034 0.039 0.092 0.175 0.174 

Locus 7 : 6 
2 alleles
11.8% missing data
   4   (0.711) 0.585 0.674 0.768 0.823 0.658 0.922 0.522 
   1   (0.289) 0.415 0.326 0.232 0.177 0.342 0.078 0.478 

Locus 8 : 7 
2 alleles
17.3% missing data
   3   (0.256) 0.207 0.395 0.166 0.267 0.415 0.175 0.256 
   2   (0.744) 0.793 0.605 0.834 0.733 0.585 0.825 0.744 

Locus 9 : 8 
2 alleles
23.8% missing data
   2   (0.882) 0.924 0.165 0.972 0.889 0.906 0.917 0.882 
   4   (0.118) 0.076 0.835 0.028 0.111 0.094 0.083 0.118 

Locus 10 : 9 
2 alleles
6.5% missing data
   1   (0.710) 0.788 0.808 0.664 0.672 0.683 0.655 0.669 
   4   (0.290) 0.212 0.192 0.336 0.328 0.317 0.345 0.331 

Locus 11 : 10 
2 alleles
1.9% missing data
   1   (0.948) 0.985 0.943 0.992 0.966 0.922 0.923 0.947 
   3   (0.052) 0.015 0.057 0.008 0.034 0.078 0.077 0.053 

Locus 12 : 11 
2 alleles
0.9% missing data
   4   (0.926) 0.871 0.989 0.957 0.870 0.964 0.994 0.995 
   1   (0.074) 0.129 0.011 0.043 0.130 0.036 0.006 0.005 

Locus 13 : 12 
2 alleles
20.1% missing data
   1   (0.953) 0.977 0.427 0.958 0.979 0.989 0.969 0.969 
   3   (0.047) 0.023 0.573 0.042 0.021 0.011 0.031 0.031 

Locus 14 : 13 
2 alleles
19.8% missing data
   1   (0.949) 0.957 0.980 0.991 0.979 0.988 0.865 0.978 
   4   (0.051) 0.043 0.020 0.009 0.021 0.012 0.135 0.022 

Locus 15 : 14 
2 alleles
23.2% missing data
   4   (0.756) 0.751 0.627 0.546 0.877 0.752 0.758 0.656 
   1   (0.244) 0.249 0.373 0.454 0.123 0.248 0.242 0.344 

Locus 16 : 15 
2 alleles
20.7% missing data
   2   (0.973) 0.988 0.303 0.996 0.986 0.986 0.996 0.994 
   4   (0.027) 0.012 0.697 0.004 0.014 0.014 0.004 0.006 

Locus 17 : 16 
2 alleles
4.3% missing data
   3   (0.656) 0.690 0.776 0.568 0.769 0.747 0.387 0.432 
   1   (0.344) 0.310 0.224 0.432 0.231 0.253 0.613 0.568 

Locus 18 : 17 
2 alleles
11.8% missing data
   2   (0.784) 0.784 0.790 0.676 0.804 0.848 0.849 0.819 
   3   (0.216) 0.216 0.210 0.324 0.196 0.152 0.151 0.181 

Locus 19 : 18 
2 alleles
12.1% missing data
   3   (0.832) 0.883 0.955 0.917 0.838 0.729 0.862 0.614 
   2   (0.168) 0.117 0.045 0.083 0.162 0.271 0.138 0.386 

Locus 20 : 19 
2 alleles
24.5% missing data
   4   (0.925) 0.941 0.989 0.961 0.751 0.963 0.989 0.981 
   1   (0.075) 0.059 0.011 0.039 0.249 0.037 0.011 0.019 

Locus 21 : 20 
2 alleles
3.4% missing data
   2   (0.546) 0.639 0.500 0.475 0.644 0.398 0.269 0.444 
   3   (0.454) 0.361 0.500 0.525 0.356 0.602 0.731 0.556 

Locus 22 : 21 
2 alleles
11.1% missing data
   2   (0.854) 0.883 0.563 0.278 0.885 0.931 0.923 0.933 
   4   (0.146) 0.117 0.437 0.722 0.115 0.069 0.077 0.067 

Locus 23 : 22 
2 alleles
24.8% missing data
   2   (0.939) 0.960 0.964 0.479 0.959 0.968 0.966 0.992 
   4   (0.061) 0.040 0.036 0.521 0.041 0.032 0.034 0.008 

Locus 24 : 23 
2 alleles
4.3% missing data
   1   (0.982) 0.993 0.998 0.182 0.994 0.998 0.998 0.998 
   3   (0.018) 0.007 0.002 0.818 0.006 0.002 0.002 0.002 

Locus 25 : 24 
2 alleles
21.7% missing data
   3   (0.853) 0.914 0.913 0.910 0.844 0.868 0.697 0.862 
   2   (0.147) 0.086 0.087 0.090 0.156 0.132 0.303 0.138 

Locus 26 : 25 
2 alleles
4.6% missing data
   3   (0.926) 0.945 0.977 0.907 0.956 0.903 0.986 0.843 
   2   (0.074) 0.055 0.023 0.093 0.044 0.097 0.014 0.157 

Locus 27 : 26 
2 alleles
5.3% missing data
   4   (0.941) 0.963 0.985 0.986 0.924 0.991 0.825 0.989 
   1   (0.059) 0.037 0.015 0.014 0.076 0.009 0.175 0.011 

Locus 28 : 27 
2 alleles
9.3% missing data
   1   (0.229) 0.195 0.210 0.405 0.243 0.116 0.152 0.386 
   3   (0.771) 0.805 0.790 0.595 0.757 0.884 0.848 0.614 

Locus 29 : 28 
2 alleles
10.8% missing data
   3   (0.667) 0.642 0.514 0.606 0.508 0.803 0.786 0.941 
   2   (0.333) 0.358 0.486 0.394 0.492 0.197 0.214 0.059 

Locus 30 : 29 
2 alleles
9.0% missing data
   4   (0.918) 0.949 0.976 0.962 0.879 0.807 0.931 0.994 
   2   (0.082) 0.051 0.024 0.038 0.121 0.193 0.069 0.006 

Locus 31 : 30 
2 alleles
14.2% missing data
   3   (0.838) 0.797 0.947 0.836 0.883 0.947 0.790 0.894 
   2   (0.162) 0.203 0.053 0.164 0.117 0.053 0.210 0.106 

Locus 32 : 31 
2 alleles
5.0% missing data
   3   (0.919) 0.941 0.930 0.823 0.919 0.974 0.975 0.927 
   2   (0.081) 0.059 0.070 0.177 0.081 0.026 0.025 0.073 

Locus 33 : 32 
2 alleles
1.5% missing data
   4   (0.876) 0.864 0.960 0.967 0.863 0.903 0.967 0.843 
   1   (0.124) 0.136 0.040 0.033 0.137 0.097 0.033 0.157 

Locus 34 : 33 
2 alleles
5.9% missing data
   3   (0.678) 0.627 0.464 0.582 0.703 0.796 0.904 0.450 
   2   (0.322) 0.373 0.536 0.418 0.297 0.204 0.096 0.550 

Locus 35 : 34 
2 alleles
14.9% missing data
   3   (0.639) 0.616 0.550 0.666 0.603 0.653 0.793 0.721 
   2   (0.361) 0.384 0.450 0.334 0.397 0.347 0.207 0.279 

Locus 36 : 35 
2 alleles
12.7% missing data
   4   (0.779) 0.811 0.845 0.836 0.764 0.828 0.810 0.667 
   1   (0.221) 0.189 0.155 0.164 0.236 0.172 0.190 0.333 

Locus 37 : 36 
2 alleles
1.2% missing data
   2   (0.741) 0.767 0.794 0.792 0.671 0.868 0.673 0.849 
   3   (0.259) 0.233 0.206 0.208 0.329 0.132 0.327 0.151 

Locus 38 : 37 
2 alleles
0.9% missing data
   2   (0.925) 0.962 0.238 0.989 0.913 0.971 0.979 0.848 
   4   (0.075) 0.038 0.762 0.011 0.087 0.029 0.021 0.152 

Locus 39 : 38 
2 alleles
12.1% missing data
   4   (0.900) 0.914 0.931 0.963 0.914 0.978 0.900 0.787 
   3   (0.100) 0.086 0.069 0.037 0.086 0.022 0.100 0.213 

Locus 40 : 39 
2 alleles
2.8% missing data
   3   (0.870) 0.903 0.955 0.933 0.857 0.959 0.731 0.875 
   2   (0.130) 0.097 0.045 0.067 0.143 0.041 0.269 0.125 

Locus 41 : 40 
2 alleles
9.3% missing data
   2   (0.722) 0.633 0.911 0.570 0.742 0.909 0.775 0.794 
   4   (0.278) 0.367 0.089 0.430 0.258 0.091 0.225 0.206 

Locus 42 : 41 
2 alleles
9.6% missing data
   4   (0.835) 0.868 0.932 0.797 0.835 0.937 0.820 0.695 
   1   (0.165) 0.132 0.068 0.203 0.165 0.063 0.180 0.305 

Locus 43 : 42 
2 alleles
11.8% missing data
   1   (0.802) 0.860 0.930 0.866 0.807 0.834 0.708 0.587 
   4   (0.198) 0.140 0.070 0.134 0.193 0.166 0.292 0.413 

Locus 44 : 43 
2 alleles
5.6% missing data
   3   (0.783) 0.742 0.937 0.903 0.823 0.889 0.719 0.764 
   4   (0.217) 0.258 0.063 0.097 0.177 0.111 0.281 0.236 

Locus 45 : 44 
2 alleles
6.8% missing data
   2   (0.472) 0.498 0.345 0.360 0.465 0.469 0.575 0.317 
   3   (0.528) 0.502 0.655 0.640 0.535 0.531 0.425 0.683 

Locus 46 : 45 
2 alleles
3.7% missing data
   1   (0.945) 0.959 0.984 0.977 0.983 0.962 0.967 0.777 
   4   (0.055) 0.041 0.016 0.023 0.017 0.038 0.033 0.223 

Locus 47 : 46 
2 alleles
16.4% missing data
   3   (0.943) 0.971 0.924 0.988 0.946 0.978 0.900 0.970 
   4   (0.057) 0.029 0.076 0.012 0.054 0.022 0.100 0.030 

Locus 48 : 47 
2 alleles
9.9% missing data
   4   (0.652) 0.639 0.754 0.781 0.706 0.666 0.474 0.754 
   1   (0.348) 0.361 0.246 0.219 0.294 0.334 0.526 0.246 

Locus 49 : 48 
2 alleles
5.9% missing data
   1   (0.777) 0.766 0.818 0.885 0.828 0.920 0.670 0.607 
   3   (0.223) 0.234 0.182 0.115 0.172 0.080 0.330 0.393 

Locus 50 : 49 
2 alleles
11.8% missing data
   3   (0.814) 0.782 0.776 0.950 0.782 0.887 0.921 0.870 
   2   (0.186) 0.218 0.224 0.050 0.218 0.113 0.079 0.130 

Locus 51 : 50 
2 alleles
11.8% missing data
   1   (0.862) 0.874 0.922 0.891 0.803 0.892 0.916 0.973 
   4   (0.138) 0.126 0.078 0.109 0.197 0.108 0.084 0.027 

Locus 52 : 51 
2 alleles
6.8% missing data
   3   (0.643) 0.642 0.801 0.507 0.599 0.776 0.589 0.798 
   2   (0.357) 0.358 0.199 0.493 0.401 0.224 0.411 0.202 

Locus 53 : 52 
2 alleles
3.7% missing data
   4   (0.926) 0.966 0.986 0.968 0.863 0.910 0.912 0.990 
   1   (0.074) 0.034 0.014 0.032 0.137 0.090 0.088 0.010 

Locus 54 : 53 
2 alleles
6.8% missing data
   3   (0.581) 0.570 0.667 0.543 0.540 0.717 0.436 0.823 
   2   (0.419) 0.430 0.333 0.457 0.460 0.283 0.564 0.177 

Locus 55 : 54 
2 alleles
9.9% missing data
   3   (0.863) 0.917 0.800 0.959 0.807 0.933 0.830 0.840 
   2   (0.137) 0.083 0.200 0.041 0.193 0.067 0.170 0.160 

Locus 56 : 55 
2 alleles
0.3% missing data
   4   (0.846) 0.862 0.725 0.871 0.886 0.944 0.885 0.606 
   2   (0.154) 0.138 0.275 0.129 0.114 0.056 0.115 0.394 

Locus 57 : 56 
2 alleles
23.5% missing data
   4   (0.583) 0.611 0.356 0.504 0.665 0.415 0.577 0.587 
   1   (0.417) 0.389 0.644 0.496 0.335 0.585 0.423 0.413 

Locus 58 : 57 
2 alleles
5.6% missing data
   2   (0.821) 0.741 0.950 0.837 0.715 0.913 0.963 0.968 
   3   (0.179) 0.259 0.050 0.163 0.285 0.087 0.037 0.032 

Locus 59 : 58 
2 alleles
9.0% missing data
   1   (0.607) 0.524 0.640 0.745 0.532 0.695 0.803 0.748 
   4   (0.393) 0.476 0.360 0.255 0.468 0.305 0.197 0.252 

Locus 60 : 59 
2 alleles
2.5% missing data
   4   (0.855) 0.841 0.907 0.858 0.838 0.845 0.928 0.979 
   2   (0.145) 0.159 0.093 0.142 0.162 0.155 0.072 0.021 

Locus 61 : 60 
2 alleles
3.4% missing data
   3   (0.442) 0.362 0.582 0.435 0.387 0.472 0.645 0.598 
   2   (0.558) 0.638 0.418 0.565 0.613 0.528 0.355 0.402 

Locus 62 : 61 
2 alleles
5.6% missing data
   4   (0.878) 0.821 0.867 0.969 0.913 0.973 0.949 0.793 
   3   (0.122) 0.179 0.133 0.031 0.087 0.027 0.051 0.207 

Locus 63 : 62 
2 alleles
5.9% missing data
   4   (0.903) 0.924 0.849 0.931 0.884 0.861 0.949 0.993 
   1   (0.097) 0.076 0.151 0.069 0.116 0.139 0.051 0.007 

Locus 64 : 63 
2 alleles
9.3% missing data
   3   (0.672) 0.665 0.673 0.785 0.591 0.849 0.742 0.635 
   2   (0.328) 0.335 0.327 0.215 0.409 0.151 0.258 0.365 

Locus 65 : 64 
2 alleles
6.5% missing data
   4   (0.801) 0.867 0.838 0.723 0.777 0.712 0.874 0.734 
   1   (0.199) 0.133 0.162 0.277 0.223 0.288 0.126 0.266 

Locus 66 : 65 
2 alleles
14.2% missing data
   4   (0.721) 0.773 0.533 0.737 0.692 0.776 0.770 0.627 
   1   (0.279) 0.227 0.467 0.263 0.308 0.224 0.230 0.373 

Locus 67 : 66 
2 alleles
14.9% missing data
   3   (0.560) 0.609 0.579 0.337 0.483 0.667 0.665 0.445 
   2   (0.440) 0.391 0.421 0.663 0.517 0.333 0.335 0.555 

Locus 68 : 67 
2 alleles
5.3% missing data
   3   (0.521) 0.446 0.561 0.537 0.608 0.567 0.432 0.686 
   2   (0.479) 0.554 0.439 0.463 0.392 0.433 0.568 0.314 

Locus 69 : 68 
2 alleles
2.8% missing data
   2   (0.545) 0.538 0.702 0.612 0.582 0.719 0.386 0.389 
   4   (0.455) 0.462 0.298 0.388 0.418 0.281 0.614 0.611 

Locus 70 : 69 
2 alleles
5.9% missing data
   2   (0.610) 0.561 0.481 0.658 0.575 0.738 0.672 0.804 
   3   (0.390) 0.439 0.519 0.342 0.425 0.262 0.328 0.196 

Locus 71 : 70 
2 alleles
7.7% missing data
   4   (0.791) 0.799 0.587 0.929 0.848 0.754 0.632 0.918 
   1   (0.209) 0.201 0.413 0.071 0.152 0.246 0.368 0.082 

Locus 72 : 71 
2 alleles
13.9% missing data
   3   (0.828) 0.873 0.898 0.583 0.785 0.902 0.759 0.961 
   2   (0.172) 0.127 0.102 0.417 0.215 0.098 0.241 0.039 

Locus 73 : 72 
2 alleles
4.0% missing data
   3   (0.918) 0.954 0.933 0.886 0.928 0.961 0.912 0.959 
   2   (0.082) 0.046 0.067 0.114 0.072 0.039 0.088 0.041 

Locus 74 : 73 
2 alleles
3.7% missing data
   3   (0.924) 0.855 0.987 0.982 0.922 0.888 0.992 0.995 
   2   (0.076) 0.145 0.013 0.018 0.078 0.112 0.008 0.005 

Locus 75 : 74 
2 alleles
5.6% missing data
   4   (0.855) 0.903 0.776 0.783 0.852 0.879 0.937 0.756 
   1   (0.145) 0.097 0.224 0.217 0.148 0.121 0.063 0.244 

Locus 76 : 75 
2 alleles
9.3% missing data
   3   (0.512) 0.437 0.782 0.487 0.473 0.516 0.727 0.544 
   2   (0.488) 0.563 0.218 0.513 0.527 0.484 0.273 0.456 

Locus 77 : 76 
2 alleles
18.6% missing data
   4   (0.686) 0.744 0.810 0.703 0.600 0.746 0.728 0.555 
   2   (0.314) 0.256 0.190 0.297 0.400 0.254 0.272 0.445 

Locus 78 : 77 
2 alleles
8.0% missing data
   1   (0.906) 0.905 0.951 0.939 0.941 0.954 0.921 0.938 
   3   (0.094) 0.095 0.049 0.061 0.059 0.046 0.079 0.062 

Locus 79 : 78 
2 alleles
8.7% missing data
   4   (0.912) 0.923 0.910 0.977 0.925 0.920 0.835 0.991 
   1   (0.088) 0.077 0.090 0.023 0.075 0.080 0.165 0.009 

Locus 80 : 79 
2 alleles
11.1% missing data
   3   (0.687) 0.692 0.414 0.881 0.739 0.602 0.672 0.696 
   2   (0.313) 0.308 0.586 0.119 0.261 0.398 0.328 0.304 

Locus 81 : 80 
2 alleles
12.1% missing data
   3   (0.919) 0.944 0.967 0.982 0.911 0.788 0.915 0.992 
   2   (0.081) 0.056 0.033 0.018 0.089 0.212 0.085 0.008 

Locus 82 : 81 
2 alleles
16.4% missing data
   3   (0.761) 0.712 0.850 0.709 0.818 0.770 0.821 0.864 
   1   (0.239) 0.288 0.150 0.291 0.182 0.230 0.179 0.136 

Locus 83 : 82 
2 alleles
4.0% missing data
   1   (0.428) 0.421 0.204 0.619 0.436 0.307 0.396 0.588 
   4   (0.572) 0.579 0.796 0.381 0.564 0.693 0.604 0.412 

Locus 84 : 83 
2 alleles
3.1% missing data
   4   (0.945) 0.936 0.967 0.988 0.966 0.988 0.874 0.995 
   1   (0.055) 0.064 0.033 0.012 0.034 0.012 0.126 0.005 

Locus 85 : 84 
2 alleles
24.5% missing data
   3   (0.763) 0.735 0.392 0.788 0.791 0.862 0.847 0.836 
   4   (0.237) 0.265 0.608 0.212 0.209 0.138 0.153 0.164 

Locus 86 : 85 
2 alleles
2.2% missing data
   3   (0.803) 0.745 0.877 0.701 0.897 0.838 0.772 0.919 
   1   (0.197) 0.255 0.123 0.299 0.103 0.162 0.228 0.081 

Locus 87 : 86 
2 alleles
15.8% missing data
   4   (0.514) 0.531 0.344 0.721 0.407 0.563 0.626 0.506 
   1   (0.486) 0.469 0.656 0.279 0.593 0.437 0.374 0.494 

Locus 88 : 87 
2 alleles
10.5% missing data
   4   (0.752) 0.758 0.790 0.900 0.665 0.753 0.625 0.972 
   1   (0.248) 0.242 0.210 0.100 0.335 0.247 0.375 0.028 

Locus 89 : 88 
2 alleles
17.6% missing data
   1   (0.900) 0.917 0.835 0.821 0.954 0.912 0.883 0.960 
   4   (0.100) 0.083 0.165 0.179 0.046 0.088 0.117 0.040 

Locus 90 : 89 
2 alleles
18.6% missing data
   1   (0.851) 0.817 0.726 0.907 0.889 0.884 0.898 0.958 
   4   (0.149) 0.183 0.274 0.093 0.111 0.116 0.102 0.042 

Locus 91 : 90 
2 alleles
15.8% missing data
   1   (0.918) 0.933 0.986 0.929 0.957 0.959 0.928 0.790 
   4   (0.082) 0.067 0.014 0.071 0.043 0.041 0.072 0.210 

Locus 92 : 91 
2 alleles
8.4% missing data
   2   (0.644) 0.724 0.781 0.521 0.546 0.657 0.662 0.632 
   3   (0.356) 0.276 0.219 0.479 0.454 0.343 0.338 0.368 

Locus 93 : 92 
2 alleles
15.2% missing data
   1   (0.680) 0.597 0.601 0.766 0.701 0.821 0.855 0.578 
   4   (0.320) 0.403 0.399 0.234 0.299 0.179 0.145 0.422 

Locus 94 : 93 
2 alleles
9.3% missing data
   1   (0.787) 0.774 0.931 0.907 0.735 0.874 0.725 0.929 
   4   (0.213) 0.226 0.069 0.093 0.265 0.126 0.275 0.071 

Locus 95 : 94 
2 alleles
7.4% missing data
   4   (0.892) 0.897 0.968 0.724 0.889 0.970 0.952 0.934 
   1   (0.108) 0.103 0.032 0.276 0.111 0.030 0.048 0.066 

Locus 96 : 95 
2 alleles
9.3% missing data
   3   (0.298) 0.295 0.236 0.247 0.194 0.256 0.442 0.488 
   2   (0.702) 0.705 0.764 0.753 0.806 0.744 0.558 0.512 

Locus 97 : 96 
2 alleles
14.2% missing data
   3   (0.775) 0.780 0.522 0.772 0.779 0.802 0.930 0.652 
   2   (0.225) 0.220 0.478 0.228 0.221 0.198 0.070 0.348 

Locus 98 : 97 
2 alleles
13.6% missing data
   3   (0.765) 0.738 0.790 0.723 0.757 0.922 0.849 0.722 
   2   (0.235) 0.262 0.210 0.277 0.243 0.078 0.151 0.278 

Locus 99 : 98 
2 alleles
9.0% missing data
   4   (0.935) 0.954 0.937 0.960 0.928 0.975 0.900 0.995 
   1   (0.065) 0.046 0.063 0.040 0.072 0.025 0.100 0.005 

Locus 100 : 99 
2 alleles
16.4% missing data
   2   (0.926) 0.872 0.975 0.983 0.931 0.963 0.987 0.986 
   3   (0.074) 0.128 0.025 0.017 0.069 0.037 0.013 0.014 

Locus 101 : 100 
2 alleles
19.8% missing data
   1   (0.861) 0.877 0.914 0.958 0.874 0.876 0.860 0.879 
   4   (0.139) 0.123 0.086 0.042 0.126 0.124 0.140 0.121 

Locus 102 : 101 
2 alleles
14.9% missing data
   1   (0.867) 0.880 0.904 0.779 0.892 0.944 0.871 0.907 
   4   (0.133) 0.120 0.096 0.221 0.108 0.056 0.129 0.093 

Locus 103 : 102 
2 alleles
18.9% missing data
   3   (0.772) 0.768 0.832 0.874 0.795 0.903 0.654 0.728 
   2   (0.228) 0.232 0.168 0.126 0.205 0.097 0.346 0.272 

Locus 104 : 103 
2 alleles
17.6% missing data
   3   (0.131) 0.107 0.294 0.035 0.165 0.045 0.114 0.103 
   2   (0.869) 0.893 0.706 0.965 0.835 0.955 0.886 0.897 

Locus 105 : 104 
2 alleles
1.2% missing data
   1   (0.411) 0.417 0.183 0.511 0.314 0.419 0.468 0.627 
   4   (0.589) 0.583 0.817 0.489 0.686 0.581 0.532 0.373 

Locus 106 : 105 
2 alleles
8.4% missing data
   4   (0.927) 0.972 0.930 0.908 0.951 0.939 0.836 0.944 
   1   (0.073) 0.028 0.070 0.092 0.049 0.061 0.164 0.056 

Locus 107 : 106 
2 alleles
4.3% missing data
   4   (0.751) 0.683 0.845 0.874 0.735 0.881 0.937 0.421 
   1   (0.249) 0.317 0.155 0.126 0.265 0.119 0.063 0.579 

Locus 108 : 107 
2 alleles
1.9% missing data
   3   (0.669) 0.680 0.596 0.863 0.664 0.631 0.595 0.784 
   2   (0.331) 0.320 0.404 0.137 0.336 0.369 0.405 0.216 

Locus 109 : 108 
2 alleles
0.6% missing data
   3   (0.924) 0.973 0.967 0.978 0.878 0.984 0.759 0.871 
   2   (0.076) 0.027 0.033 0.022 0.122 0.016 0.241 0.129 

Locus 110 : 109 
2 alleles
4.0% missing data
   3   (0.896) 0.925 0.941 0.887 0.930 0.974 0.776 0.841 
   1   (0.104) 0.075 0.059 0.113 0.070 0.026 0.224 0.159 

Locus 111 : 110 
2 alleles
5.9% missing data
   2   (0.889) 0.889 0.976 0.421 0.914 0.974 0.931 0.937 
   4   (0.111) 0.111 0.024 0.579 0.086 0.026 0.069 0.063 

Locus 112 : 111 
2 alleles
3.1% missing data
   1   (0.972) 0.991 0.552 0.422 0.987 0.996 0.997 0.998 
   3   (0.028) 0.009 0.448 0.578 0.013 0.004 0.003 0.002 

Locus 113 : 112 
2 alleles
7.1% missing data
   1   (0.913) 0.879 0.963 0.975 0.959 0.982 0.877 0.931 
   3   (0.087) 0.121 0.037 0.025 0.041 0.018 0.123 0.069 

Locus 114 : 113 
2 alleles
13.3% missing data
   1   (0.841) 0.855 0.753 0.870 0.905 0.887 0.764 0.842 
   4   (0.159) 0.145 0.247 0.130 0.095 0.113 0.236 0.158 

Locus 115 : 114 
2 alleles
6.5% missing data
   2   (0.927) 0.924 0.990 0.905 0.931 0.972 0.992 0.893 
   3   (0.073) 0.076 0.010 0.095 0.069 0.028 0.008 0.107 

Locus 116 : 115 
2 alleles
21.4% missing data
   4   (0.725) 0.731 0.757 0.824 0.643 0.863 0.712 0.838 
