

----------------------------------------------------
STRUCTURE by Pritchard, Stephens and Donnelly (2000)
     and Falush, Stephens and Pritchard (2003)
       Code by Pritchard, Falush and Hubisz
             Version 2.3.4 (Jul 2012)
----------------------------------------------------



Command line arguments:   structure -m data/structure/mainparams.txt -e data/structure/extraparams.txt 
Input File:    data/structure/structure_input.tab

Run parameters:
   445 individuals
   2541 loci
   10 populations assumed
   1000 Burn-in period
   2500 Reps


--------------------------------------------
Proportion of membership of each pre-defined
 population in each of the 10 clusters

Given    Inferred Clusters                                                        Number of
 Pop       1      2      3      4      5      6      7      8      9     10      Individuals

  1:     0.071  0.058  0.170  0.109  0.074  0.057  0.173  0.114  0.054  0.121      445
--------------------------------------------

Allele-freq. divergence among pops (Net nucleotide distance),
computed using point estimates of P.

      1       2       3       4       5       6       7       8       9      10      
 1      -    0.0137  0.0210  0.0254  0.0126  0.0254  0.0170  0.0106  0.0250  0.0248  
 2   0.0137     -    0.0252  0.0294  0.0160  0.0280  0.0172  0.0147  0.0273  0.0282  
 3   0.0210  0.0252     -    0.0330  0.0232  0.0340  0.0283  0.0222  0.0325  0.0299  
 4   0.0254  0.0294  0.0330     -    0.0281  0.0357  0.0307  0.0240  0.0369  0.0358  
 5   0.0126  0.0160  0.0232  0.0281     -    0.0261  0.0178  0.0137  0.0276  0.0271  
 6   0.0254  0.0280  0.0340  0.0357  0.0261     -    0.0290  0.0255  0.0363  0.0381  
 7   0.0170  0.0172  0.0283  0.0307  0.0178  0.0290     -    0.0170  0.0292  0.0306  
 8   0.0106  0.0147  0.0222  0.0240  0.0137  0.0255  0.0170     -    0.0246  0.0252  
 9   0.0250  0.0273  0.0325  0.0369  0.0276  0.0363  0.0292  0.0246     -    0.0358  
10   0.0248  0.0282  0.0299  0.0358  0.0271  0.0381  0.0306  0.0252  0.0358     -    

Average distances (expected heterozygosity) between individuals in same cluster:
cluster  1  : 0.2834 
cluster  2  : 0.2856 
cluster  3  : 0.2674 
cluster  4  : 0.1742 
cluster  5  : 0.2827 
cluster  6  : 0.2585 
cluster  7  : 0.2834 
cluster  8  : 0.2824 
cluster  9  : 0.2610 
cluster 10  : 0.2570 

--------------------------------------------
Estimated Ln Prob of Data   = -1284938.9
Mean value of ln likelihood = -885562.0
Variance of ln likelihood   = 798753.8
Mean value of alpha         = 0.1665

Mean value of Fst_1         = 0.0725
Mean value of Fst_2         = 0.1277
Mean value of Fst_3         = 0.1169
Mean value of Fst_4         = 0.3258
Mean value of Fst_5         = 0.0972
Mean value of Fst_6         = 0.1911
Mean value of Fst_7         = 0.0852
Mean value of Fst_8         = 0.0725
Mean value of Fst_9         = 0.2194
Mean value of Fst_10         = 0.1501


Inferred ancestry of individuals:
     (%Miss) Pop:  Inferred clusters
  1    (0)    1 :  0.002 0.002 0.002 0.015 0.003 0.003 0.751 0.002 0.197 0.022 
  2    (1)    1 :  0.021 0.050 0.014 0.002 0.010 0.323 0.568 0.007 0.002 0.003 
  3    (1)    1 :  0.027 0.024 0.018 0.010 0.009 0.002 0.883 0.015 0.002 0.010 
  4    (3)    1 :  0.014 0.004 0.028 0.132 0.040 0.003 0.684 0.083 0.007 0.006 
  5    (1)    1 :  0.006 0.006 0.002 0.001 0.001 0.384 0.577 0.010 0.010 0.003 
  6    (4)    1 :  0.007 0.442 0.027 0.383 0.006 0.002 0.059 0.030 0.035 0.010 
  7    (0)    1 :  0.003 0.009 0.002 0.002 0.004 0.127 0.653 0.002 0.197 0.001 
  8    (0)    1 :  0.081 0.021 0.002 0.003 0.019 0.004 0.813 0.016 0.009 0.033 
  9    (0)    1 :  0.020 0.011 0.011 0.120 0.012 0.002 0.634 0.073 0.111 0.007 
 10    (9)    1 :  0.002 0.025 0.008 0.266 0.058 0.001 0.598 0.014 0.001 0.027 
 11    (2)    1 :  0.012 0.006 0.006 0.192 0.010 0.007 0.593 0.001 0.166 0.008 
 12    (0)    1 :  0.021 0.004 0.018 0.028 0.054 0.016 0.822 0.008 0.008 0.021 
 13    (1)    1 :  0.009 0.018 0.007 0.002 0.255 0.006 0.697 0.001 0.003 0.002 
 14    (1)    1 :  0.010 0.004 0.003 0.073 0.032 0.007 0.725 0.123 0.021 0.003 
 15    (0)    1 :  0.005 0.003 0.005 0.004 0.028 0.213 0.718 0.005 0.009 0.010 
 16    (0)    1 :  0.017 0.086 0.001 0.069 0.008 0.013 0.647 0.035 0.025 0.099 
 17   (16)    1 :  0.018 0.004 0.004 0.190 0.177 0.001 0.571 0.020 0.005 0.011 
 18    (1)    1 :  0.001 0.028 0.002 0.159 0.003 0.005 0.620 0.012 0.167 0.002 
 19    (1)    1 :  0.042 0.046 0.014 0.007 0.006 0.068 0.523 0.281 0.009 0.004 
 20    (4)    1 :  0.001 0.007 0.003 0.088 0.006 0.371 0.501 0.009 0.007 0.006 
 21    (0)    1 :  0.022 0.010 0.002 0.085 0.007 0.004 0.663 0.003 0.202 0.003 
 22    (0)    1 :  0.010 0.005 0.002 0.006 0.007 0.126 0.527 0.027 0.284 0.006 
 23    (0)    1 :  0.006 0.185 0.003 0.002 0.122 0.010 0.658 0.008 0.004 0.002 
 24    (1)    1 :  0.016 0.007 0.009 0.110 0.085 0.032 0.656 0.073 0.004 0.008 
 25    (2)    1 :  0.001 0.014 0.001 0.006 0.029 0.335 0.577 0.024 0.010 0.005 
 26    (0)    1 :  0.045 0.069 0.007 0.071 0.043 0.015 0.681 0.003 0.064 0.002 
 27    (5)    1 :  0.006 0.006 0.007 0.231 0.005 0.002 0.558 0.011 0.173 0.001 
 28    (4)    1 :  0.010 0.121 0.020 0.144 0.012 0.003 0.533 0.125 0.002 0.030 
 29    (0)    1 :  0.006 0.008 0.001 0.001 0.004 0.322 0.638 0.011 0.002 0.006 
 30    (0)    1 :  0.025 0.046 0.012 0.043 0.001 0.040 0.538 0.003 0.247 0.046 
 31    (5)    1 :  0.006 0.029 0.019 0.149 0.025 0.003 0.574 0.177 0.003 0.014 
 32    (0)    1 :  0.001 0.046 0.005 0.008 0.151 0.002 0.732 0.017 0.004 0.033 
 33    (2)    1 :  0.003 0.007 0.001 0.004 0.017 0.274 0.683 0.005 0.004 0.002 
 34    (1)    1 :  0.038 0.040 0.018 0.110 0.020 0.002 0.735 0.014 0.020 0.004 
 35   (21)    1 :  0.006 0.004 0.002 0.342 0.015 0.004 0.443 0.002 0.168 0.013 
 36    (5)    1 :  0.007 0.039 0.003 0.263 0.060 0.007 0.573 0.007 0.041 0.002 
 37    (0)    1 :  0.024 0.009 0.018 0.123 0.072 0.003 0.652 0.007 0.004 0.089 
 38    (1)    1 :  0.008 0.052 0.012 0.003 0.150 0.003 0.731 0.033 0.003 0.004 
 39    (8)    1 :  0.024 0.007 0.006 0.141 0.018 0.184 0.605 0.004 0.003 0.007 
 40    (3)    1 :  0.033 0.005 0.003 0.171 0.073 0.002 0.662 0.023 0.025 0.003 
 41    (0)    1 :  0.036 0.254 0.001 0.040 0.003 0.002 0.398 0.109 0.135 0.021 
 42    (5)    1 :  0.003 0.004 0.024 0.148 0.004 0.003 0.623 0.023 0.156 0.013 
 43   (12)    1 :  0.005 0.013 0.029 0.298 0.011 0.001 0.525 0.038 0.080 0.002 
 44    (1)    1 :  0.020 0.003 0.004 0.046 0.272 0.002 0.598 0.008 0.002 0.044 
 45   (16)    1 :  0.009 0.006 0.011 0.213 0.005 0.324 0.409 0.008 0.012 0.002 
 46    (1)    1 :  0.001 0.005 0.004 0.003 0.033 0.271 0.680 0.001 0.001 0.001 
 47    (2)    1 :  0.012 0.007 0.003 0.015 0.005 0.011 0.698 0.014 0.225 0.008 
 48    (2)    1 :  0.002 0.017 0.010 0.018 0.001 0.005 0.697 0.197 0.046 0.007 
 49    (0)    1 :  0.018 0.003 0.002 0.002 0.037 0.002 0.804 0.005 0.119 0.008 
 50    (5)    1 :  0.030 0.015 0.003 0.148 0.116 0.001 0.670 0.014 0.002 0.002 
 51    (2)    1 :  0.003 0.041 0.009 0.101 0.009 0.009 0.728 0.081 0.008 0.013 
 52    (1)    1 :  0.008 0.002 0.016 0.118 0.004 0.282 0.544 0.003 0.019 0.002 
 53    (1)    1 :  0.066 0.017 0.001 0.074 0.115 0.001 0.648 0.074 0.001 0.004 
 54   (10)    1 :  0.012 0.055 0.004 0.194 0.015 0.005 0.462 0.069 0.142 0.041 
 55    (3)    1 :  0.101 0.089 0.013 0.177 0.039 0.006 0.446 0.013 0.016 0.100 
 56    (1)    1 :  0.062 0.004 0.006 0.013 0.106 0.118 0.672 0.012 0.005 0.002 
 57    (0)    1 :  0.001 0.973 0.001 0.001 0.001 0.003 0.012 0.001 0.007 0.001 
 58    (3)    1 :  0.043 0.033 0.010 0.120 0.204 0.002 0.522 0.023 0.003 0.041 
 59    (1)    1 :  0.008 0.012 0.002 0.075 0.001 0.001 0.682 0.009 0.205 0.006 
 60    (0)    1 :  0.013 0.114 0.005 0.008 0.029 0.008 0.758 0.041 0.012 0.012 
 61    (0)    1 :  0.026 0.009 0.004 0.042 0.041 0.365 0.485 0.011 0.014 0.003 
 62    (0)    1 :  0.002 0.956 0.003 0.002 0.001 0.001 0.031 0.000 0.001 0.002 
 63    (0)    1 :  0.001 0.001 0.013 0.005 0.011 0.013 0.715 0.028 0.209 0.004 
 64    (1)    1 :  0.012 0.003 0.001 0.111 0.123 0.004 0.699 0.010 0.034 0.003 
 65    (0)    1 :  0.010 0.038 0.003 0.077 0.083 0.005 0.743 0.032 0.004 0.005 
 66    (0)    1 :  0.003 0.011 0.044 0.002 0.001 0.293 0.529 0.049 0.066 0.003 
 67   (83)    1 :  0.010 0.015 0.005 0.645 0.012 0.004 0.279 0.023 0.004 0.003 
 68    (2)    1 :  0.003 0.161 0.009 0.011 0.014 0.001 0.396 0.051 0.321 0.033 
 69    (3)    1 :  0.016 0.002 0.051 0.089 0.214 0.032 0.572 0.005 0.002 0.015 
 70    (1)    1 :  0.008 0.004 0.001 0.002 0.174 0.343 0.460 0.001 0.004 0.003 
 71    (0)    1 :  0.036 0.080 0.032 0.089 0.010 0.005 0.690 0.044 0.007 0.007 
 72    (4)    1 :  0.030 0.283 0.004 0.040 0.019 0.047 0.458 0.072 0.044 0.003 
 73    (3)    1 :  0.003 0.059 0.002 0.003 0.109 0.124 0.477 0.049 0.171 0.003 
 74    (0)    1 :  0.002 0.011 0.003 0.005 0.330 0.002 0.637 0.004 0.003 0.003 
 75    (1)    1 :  0.064 0.323 0.002 0.013 0.007 0.003 0.448 0.067 0.073 0.001 
 76    (4)    1 :  0.060 0.030 0.004 0.029 0.164 0.001 0.680 0.022 0.006 0.005 
 77    (0)    1 :  0.016 0.154 0.010 0.016 0.043 0.004 0.641 0.050 0.017 0.048 
 78    (2)    1 :  0.017 0.004 0.001 0.019 0.108 0.271 0.559 0.017 0.002 0.002 
 79    (1)    1 :  0.065 0.012 0.003 0.010 0.245 0.004 0.647 0.005 0.006 0.002 
 80    (0)    1 :  0.004 0.004 0.002 0.002 0.001 0.000 0.644 0.013 0.325 0.003 
 81    (0)    1 :  0.004 0.001 0.001 0.001 0.001 0.002 0.617 0.010 0.362 0.001 
 82    (0)    1 :  0.062 0.032 0.003 0.005 0.051 0.002 0.832 0.002 0.005 0.005 
 83    (1)    1 :  0.024 0.012 0.004 0.022 0.008 0.297 0.547 0.035 0.002 0.049 
 84    (0)    1 :  0.023 0.011 0.008 0.006 0.002 0.004 0.656 0.006 0.279 0.005 
 85    (0)    1 :  0.073 0.077 0.003 0.004 0.110 0.020 0.677 0.007 0.028 0.002 
 86    (0)    1 :  0.019 0.184 0.003 0.006 0.008 0.012 0.522 0.003 0.221 0.022 
 87    (0)    1 :  0.118 0.025 0.020 0.036 0.010 0.001 0.772 0.009 0.002 0.006 
 88    (6)    1 :  0.012 0.138 0.041 0.269 0.006 0.188 0.248 0.048 0.013 0.037 
 89    (0)    1 :  0.078 0.171 0.034 0.003 0.023 0.167 0.246 0.117 0.020 0.140 
 90    (0)    1 :  0.028 0.004 0.002 0.003 0.150 0.002 0.801 0.005 0.002 0.004 
 91    (1)    1 :  0.047 0.013 0.009 0.105 0.007 0.001 0.637 0.041 0.119 0.022 
 92    (0)    1 :  0.027 0.014 0.005 0.008 0.043 0.002 0.746 0.108 0.002 0.046 
 93    (0)    1 :  0.007 0.007 0.002 0.001 0.012 0.374 0.590 0.002 0.004 0.001 
 94    (1)    1 :  0.052 0.000 0.033 0.042 0.006 0.007 0.619 0.021 0.209 0.011 
 95    (1)    1 :  0.071 0.008 0.027 0.018 0.160 0.003 0.618 0.017 0.004 0.075 
 96    (4)    1 :  0.007 0.002 0.033 0.203 0.016 0.002 0.676 0.002 0.002 0.057 
 97    (0)    1 :  0.028 0.003 0.004 0.002 0.025 0.258 0.672 0.001 0.001 0.007 
 98    (0)    1 :  0.081 0.081 0.006 0.066 0.151 0.003 0.554 0.012 0.042 0.002 
 99    (2)    1 :  0.015 0.015 0.002 0.105 0.013 0.002 0.653 0.004 0.185 0.005 
100    (1)    1 :  0.062 0.336 0.084 0.067 0.070 0.004 0.169 0.023 0.018 0.167 
101    (0)    1 :  0.090 0.031 0.005 0.113 0.011 0.001 0.697 0.042 0.006 0.005 
102    (1)    1 :  0.008 0.002 0.157 0.150 0.356 0.007 0.023 0.002 0.010 0.286 
103    (2)    1 :  0.013 0.007 0.008 0.078 0.643 0.136 0.004 0.002 0.007 0.103 
104    (1)    1 :  0.013 0.048 0.019 0.023 0.590 0.010 0.059 0.005 0.014 0.220 
105    (2)    1 :  0.003 0.088 0.029 0.024 0.581 0.002 0.029 0.002 0.001 0.241 
106    (1)    1 :  0.004 0.007 0.012 0.002 0.692 0.006 0.007 0.001 0.159 0.110 
107    (1)    1 :  0.021 0.010 0.004 0.049 0.582 0.127 0.020 0.001 0.011 0.174 
108    (2)    1 :  0.002 0.006 0.018 0.010 0.799 0.001 0.013 0.006 0.003 0.143 
109    (9)    1 :  0.066 0.235 0.003 0.312 0.080 0.016 0.186 0.010 0.004 0.088 
110   (12)    1 :  0.011 0.417 0.001 0.411 0.044 0.004 0.012 0.041 0.002 0.057 
111   (20)    1 :  0.041 0.111 0.013 0.339 0.003 0.003 0.465 0.006 0.005 0.014 
112    (3)    1 :  0.002 0.049 0.217 0.006 0.185 0.003 0.009 0.006 0.002 0.519 
113    (2)    1 :  0.005 0.009 0.546 0.081 0.170 0.013 0.004 0.010 0.099 0.062 
114    (4)    1 :  0.010 0.007 0.617 0.009 0.027 0.123 0.006 0.030 0.008 0.164 
115    (1)    1 :  0.046 0.010 0.359 0.009 0.011 0.002 0.002 0.002 0.009 0.550 
116    (0)    1 :  0.016 0.216 0.661 0.006 0.013 0.023 0.001 0.005 0.050 0.009 
117    (0)    1 :  0.042 0.024 0.737 0.017 0.018 0.002 0.003 0.067 0.002 0.087 
118    (1)    1 :  0.002 0.011 0.385 0.002 0.045 0.135 0.008 0.003 0.055 0.355 
119    (0)    1 :  0.068 0.054 0.714 0.005 0.012 0.001 0.001 0.017 0.117 0.011 
120    (1)    1 :  0.048 0.010 0.546 0.044 0.011 0.002 0.004 0.048 0.014 0.273 
121    (9)    1 :  0.049 0.005 0.223 0.043 0.141 0.017 0.001 0.003 0.009 0.510 
122    (1)    1 :  0.047 0.001 0.320 0.053 0.052 0.002 0.002 0.003 0.003 0.517 
123    (0)    1 :  0.005 0.004 0.227 0.020 0.003 0.001 0.006 0.005 0.149 0.581 
124    (0)    1 :  0.071 0.020 0.774 0.003 0.045 0.004 0.003 0.002 0.002 0.076 
125    (0)    1 :  0.005 0.014 0.652 0.003 0.021 0.031 0.011 0.004 0.239 0.020 
126    (0)    1 :  0.007 0.103 0.010 0.002 0.275 0.206 0.094 0.273 0.004 0.026 
127    (1)    1 :  0.043 0.158 0.043 0.024 0.342 0.004 0.079 0.288 0.001 0.018 
128    (6)    1 :  0.173 0.155 0.026 0.087 0.219 0.001 0.010 0.321 0.004 0.005 
129    (1)    1 :  0.067 0.208 0.003 0.002 0.439 0.020 0.004 0.248 0.006 0.003 
130    (3)    1 :  0.089 0.223 0.018 0.089 0.338 0.015 0.010 0.209 0.002 0.007 
131    (4)    1 :  0.243 0.004 0.003 0.018 0.294 0.184 0.006 0.233 0.009 0.005 
132    (4)    1 :  0.111 0.191 0.010 0.028 0.309 0.002 0.031 0.276 0.023 0.019 
133    (2)    1 :  0.240 0.074 0.006 0.017 0.297 0.002 0.145 0.212 0.005 0.002 
134    (6)    1 :  0.041 0.017 0.008 0.022 0.517 0.086 0.007 0.138 0.160 0.004 
135   (10)    1 :  0.026 0.035 0.004 0.143 0.331 0.250 0.010 0.186 0.003 0.013 
136    (1)    1 :  0.002 0.400 0.058 0.007 0.155 0.001 0.001 0.302 0.004 0.071 
137    (1)    1 :  0.061 0.467 0.003 0.032 0.021 0.005 0.207 0.185 0.019 0.002 
138    (0)    1 :  0.265 0.188 0.014 0.112 0.228 0.001 0.005 0.166 0.002 0.020 
139    (0)    1 :  0.197 0.353 0.002 0.007 0.077 0.004 0.075 0.250 0.029 0.005 
140    (0)    1 :  0.084 0.180 0.001 0.003 0.247 0.001 0.004 0.411 0.067 0.002 
141    (1)    1 :  0.593 0.027 0.050 0.003 0.005 0.005 0.036 0.252 0.005 0.024 
142    (9)    1 :  0.593 0.012 0.015 0.025 0.019 0.021 0.004 0.168 0.120 0.022 
143   (17)    1 :  0.236 0.070 0.003 0.170 0.020 0.048 0.128 0.309 0.009 0.005 
144    (9)    1 :  0.489 0.096 0.040 0.059 0.019 0.002 0.001 0.261 0.023 0.010 
145    (1)    1 :  0.987 0.002 0.001 0.001 0.003 0.001 0.001 0.001 0.001 0.001 
146    (0)    1 :  0.481 0.021 0.069 0.005 0.003 0.001 0.084 0.320 0.008 0.009 
147    (5)    1 :  0.913 0.008 0.009 0.009 0.003 0.043 0.004 0.001 0.007 0.003 
148    (7)    1 :  0.966 0.001 0.001 0.003 0.014 0.001 0.002 0.002 0.006 0.002 
149    (2)    1 :  0.973 0.002 0.003 0.010 0.003 0.001 0.001 0.001 0.002 0.004 
150    (1)    1 :  0.786 0.010 0.004 0.002 0.002 0.010 0.001 0.010 0.167 0.008 
151    (6)    1 :  0.006 0.003 0.005 0.007 0.006 0.196 0.002 0.001 0.004 0.771 
152    (2)    1 :  0.008 0.019 0.014 0.048 0.002 0.003 0.003 0.007 0.002 0.894 
153    (1)    1 :  0.004 0.021 0.001 0.025 0.006 0.001 0.002 0.005 0.003 0.933 
154    (9)    1 :  0.015 0.004 0.001 0.201 0.016 0.004 0.001 0.003 0.003 0.751 
155    (1)    1 :  0.003 0.026 0.007 0.004 0.017 0.066 0.008 0.002 0.001 0.867 
156   (57)    1 :  0.039 0.171 0.006 0.402 0.006 0.003 0.032 0.127 0.010 0.204 
157    (3)    1 :  0.008 0.001 0.012 0.009 0.004 0.001 0.093 0.009 0.002 0.861 
158    (1)    1 :  0.028 0.005 0.015 0.002 0.014 0.001 0.016 0.001 0.001 0.917 
159    (1)    1 :  0.007 0.002 0.004 0.002 0.008 0.002 0.005 0.007 0.078 0.886 
160   (16)    1 :  0.094 0.008 0.003 0.024 0.024 0.004 0.019 0.009 0.043 0.772 
161    (3)    1 :  0.032 0.045 0.002 0.015 0.001 0.006 0.020 0.006 0.004 0.869 
162    (7)    1 :  0.004 0.007 0.009 0.061 0.008 0.002 0.015 0.018 0.028 0.849 
163    (1)    1 :  0.001 0.002 0.182 0.004 0.003 0.279 0.002 0.002 0.002 0.524 
164    (0)    1 :  0.002 0.001 0.007 0.002 0.004 0.004 0.002 0.009 0.172 0.796 
165    (8)    1 :  0.003 0.004 0.216 0.024 0.006 0.340 0.003 0.005 0.007 0.392 
166    (7)    1 :  0.004 0.009 0.099 0.032 0.009 0.343 0.001 0.002 0.002 0.498 
167   (14)    1 :  0.021 0.239 0.002 0.126 0.002 0.351 0.027 0.213 0.002 0.017 
168    (1)    1 :  0.005 0.001 0.231 0.041 0.004 0.001 0.002 0.004 0.226 0.487 
169    (1)    1 :  0.009 0.008 0.004 0.005 0.009 0.145 0.002 0.002 0.011 0.806 
170    (4)    1 :  0.010 0.005 0.003 0.100 0.029 0.009 0.001 0.006 0.002 0.836 
171    (5)    1 :  0.079 0.062 0.032 0.179 0.119 0.054 0.449 0.020 0.003 0.002 
172    (6)    1 :  0.005 0.016 0.002 0.190 0.124 0.002 0.582 0.073 0.004 0.002 
173    (9)    1 :  0.007 0.088 0.005 0.123 0.111 0.417 0.221 0.023 0.001 0.003 
174    (6)    1 :  0.004 0.008 0.018 0.158 0.007 0.292 0.497 0.005 0.003 0.008 
175    (0)    1 :  0.004 0.008 0.003 0.007 0.052 0.353 0.565 0.004 0.001 0.003 
176    (1)    1 :  0.014 0.108 0.004 0.007 0.003 0.355 0.460 0.012 0.033 0.004 
177   (14)    1 :  0.012 0.080 0.007 0.199 0.085 0.411 0.186 0.016 0.003 0.001 
178    (5)    1 :  0.039 0.100 0.003 0.150 0.090 0.147 0.437 0.026 0.004 0.003 
179    (8)    1 :  0.037 0.044 0.012 0.125 0.173 0.003 0.568 0.016 0.017 0.005 
180    (4)    1 :  0.180 0.043 0.539 0.040 0.154 0.003 0.015 0.023 0.002 0.002 
181    (4)    1 :  0.267 0.010 0.449 0.066 0.031 0.041 0.002 0.008 0.122 0.003 
182    (1)    1 :  0.025 0.089 0.658 0.012 0.001 0.002 0.001 0.024 0.097 0.090 
183   (25)    1 :  0.035 0.037 0.480 0.270 0.007 0.016 0.013 0.049 0.090 0.004 
184    (1)    1 :  0.067 0.029 0.738 0.055 0.006 0.033 0.003 0.031 0.036 0.002 
185    (2)    1 :  0.006 0.014 0.700 0.034 0.020 0.153 0.002 0.009 0.057 0.007 
186    (0)    1 :  0.218 0.038 0.549 0.002 0.021 0.024 0.007 0.030 0.106 0.005 
187    (0)    1 :  0.005 0.069 0.731 0.002 0.110 0.012 0.002 0.004 0.006 0.060 
188    (0)    1 :  0.002 0.014 0.529 0.004 0.015 0.111 0.016 0.008 0.196 0.105 
189    (0)    1 :  0.251 0.017 0.476 0.002 0.022 0.224 0.002 0.001 0.002 0.004 
190    (1)    1 :  0.207 0.120 0.026 0.014 0.172 0.002 0.001 0.424 0.024 0.009 
191    (0)    1 :  0.400 0.043 0.031 0.002 0.184 0.014 0.019 0.295 0.004 0.009 
192    (2)    1 :  0.213 0.008 0.063 0.027 0.157 0.002 0.012 0.475 0.006 0.037 
193    (0)    1 :  0.334 0.036 0.006 0.009 0.178 0.082 0.011 0.336 0.004 0.004 
194    (3)    1 :  0.576 0.002 0.010 0.016 0.188 0.001 0.026 0.160 0.006 0.015 
195    (0)    1 :  0.307 0.004 0.041 0.004 0.332 0.002 0.013 0.285 0.007 0.003 
196    (0)    1 :  0.409 0.015 0.009 0.007 0.129 0.004 0.001 0.255 0.167 0.005 
197    (0)    1 :  0.258 0.008 0.008 0.011 0.194 0.206 0.019 0.283 0.002 0.010 
198    (3)    1 :  0.240 0.016 0.008 0.039 0.124 0.002 0.019 0.517 0.032 0.003 
199    (6)    1 :  0.199 0.009 0.058 0.150 0.102 0.002 0.003 0.413 0.056 0.008 
200    (6)    1 :  0.135 0.075 0.108 0.044 0.142 0.012 0.008 0.427 0.005 0.044 
201    (3)    1 :  0.001 0.002 0.063 0.006 0.150 0.096 0.003 0.472 0.204 0.004 
202    (4)    1 :  0.179 0.056 0.009 0.023 0.248 0.005 0.007 0.376 0.084 0.013 
203    (6)    1 :  0.138 0.049 0.038 0.026 0.192 0.002 0.267 0.257 0.007 0.024 
204    (1)    1 :  0.255 0.004 0.002 0.004 0.145 0.002 0.011 0.325 0.240 0.012 
205    (1)    1 :  0.167 0.059 0.012 0.007 0.019 0.196 0.005 0.470 0.048 0.018 
206    (3)    1 :  0.083 0.029 0.029 0.123 0.051 0.005 0.018 0.407 0.250 0.006 
207    (3)    1 :  0.125 0.162 0.130 0.086 0.054 0.007 0.018 0.405 0.005 0.008 
208    (0)    1 :  0.162 0.005 0.113 0.010 0.094 0.320 0.040 0.191 0.055 0.010 
209    (1)    1 :  0.016 0.112 0.103 0.018 0.032 0.005 0.004 0.397 0.307 0.006 
210    (3)    1 :  0.246 0.210 0.035 0.023 0.010 0.004 0.004 0.455 0.011 0.002 
211    (3)    1 :  0.107 0.165 0.131 0.028 0.036 0.003 0.018 0.439 0.061 0.011 
212   (27)    1 :  0.125 0.005 0.012 0.164 0.008 0.238 0.009 0.264 0.167 0.009 
213    (3)    1 :  0.165 0.114 0.019 0.005 0.014 0.397 0.006 0.203 0.005 0.072 
214   (45)    1 :  0.017 0.008 0.438 0.335 0.005 0.018 0.008 0.007 0.006 0.158 
215    (8)    1 :  0.002 0.022 0.617 0.058 0.017 0.002 0.002 0.017 0.164 0.099 
216    (3)    1 :  0.008 0.003 0.586 0.153 0.011 0.001 0.022 0.011 0.002 0.203 
217    (9)    1 :  0.005 0.002 0.496 0.034 0.002 0.329 0.005 0.003 0.003 0.122 
218    (5)    1 :  0.001 0.001 0.187 0.001 0.002 0.027 0.006 0.002 0.195 0.577 
219    (1)    1 :  0.010 0.004 0.610 0.002 0.020 0.342 0.004 0.002 0.003 0.003 
220    (4)    1 :  0.001 0.001 0.513 0.008 0.002 0.323 0.005 0.007 0.004 0.135 
221    (7)    1 :  0.002 0.006 0.212 0.127 0.005 0.003 0.003 0.002 0.210 0.431 
222    (9)    1 :  0.005 0.010 0.297 0.148 0.021 0.002 0.018 0.005 0.002 0.493 
223   (11)    1 :  0.051 0.006 0.638 0.168 0.002 0.003 0.029 0.038 0.011 0.056 
224   (19)    1 :  0.002 0.001 0.534 0.211 0.004 0.005 0.007 0.002 0.215 0.019 
225   (50)    1 :  0.027 0.006 0.455 0.386 0.019 0.088 0.001 0.009 0.004 0.004 
226   (55)    1 :  0.006 0.032 0.500 0.414 0.010 0.011 0.003 0.008 0.006 0.009 
227    (2)    1 :  0.017 0.035 0.608 0.049 0.008 0.004 0.013 0.040 0.098 0.128 
228    (7)    1 :  0.004 0.003 0.785 0.040 0.066 0.004 0.006 0.011 0.002 0.080 
229   (11)    1 :  0.002 0.004 0.658 0.006 0.003 0.306 0.005 0.013 0.001 0.002 
230    (4)    1 :  0.033 0.007 0.680 0.016 0.024 0.002 0.011 0.020 0.177 0.029 
231    (1)    1 :  0.005 0.005 0.651 0.005 0.155 0.005 0.007 0.029 0.002 0.135 
232    (3)    1 :  0.016 0.016 0.550 0.147 0.011 0.007 0.008 0.008 0.003 0.234 
233   (18)    1 :  0.001 0.002 0.630 0.107 0.115 0.122 0.014 0.004 0.003 0.001 
234   (21)    1 :  0.008 0.008 0.686 0.171 0.118 0.002 0.001 0.001 0.001 0.003 
235    (0)    1 :  0.005 0.002 0.556 0.022 0.004 0.002 0.007 0.003 0.188 0.211 
236    (0)    1 :  0.015 0.061 0.459 0.004 0.014 0.003 0.013 0.016 0.009 0.405 
237    (8)    1 :  0.003 0.009 0.560 0.243 0.029 0.004 0.001 0.015 0.132 0.003 
238    (0)    1 :  0.002 0.009 0.536 0.001 0.001 0.274 0.002 0.007 0.001 0.167 
239    (1)    1 :  0.002 0.004 0.236 0.006 0.002 0.002 0.002 0.008 0.256 0.480 
240    (5)    1 :  0.007 0.005 0.561 0.172 0.002 0.003 0.002 0.004 0.211 0.033 
241    (2)    1 :  0.003 0.069 0.603 0.009 0.043 0.002 0.038 0.035 0.005 0.195 
242    (5)    1 :  0.003 0.010 0.658 0.132 0.005 0.009 0.008 0.052 0.005 0.118 
243   (18)    1 :  0.206 0.010 0.008 0.021 0.017 0.260 0.002 0.416 0.004 0.056 
244   (45)    1 :  0.223 0.089 0.016 0.358 0.004 0.009 0.116 0.168 0.006 0.011 
245    (7)    1 :  0.008 0.003 0.006 0.035 0.229 0.001 0.003 0.488 0.212 0.015 
246   (18)    1 :  0.025 0.087 0.017 0.299 0.226 0.038 0.034 0.253 0.011 0.011 
247   (12)    1 :  0.032 0.090 0.007 0.068 0.194 0.330 0.044 0.225 0.004 0.005 
248   (15)    1 :  0.007 0.008 0.004 0.083 0.220 0.104 0.006 0.348 0.216 0.004 
249    (6)    1 :  0.087 0.162 0.001 0.131 0.129 0.010 0.106 0.310 0.001 0.063 
250    (3)    1 :  0.141 0.011 0.009 0.010 0.241 0.004 0.033 0.523 0.006 0.022 
251   (39)    1 :  0.004 0.001 0.002 0.143 0.006 0.112 0.001 0.008 0.100 0.621 
252   (28)    1 :  0.062 0.003 0.006 0.234 0.129 0.228 0.003 0.016 0.001 0.318 
253   (44)    1 :  0.007 0.021 0.045 0.411 0.319 0.006 0.032 0.007 0.003 0.148 
254   (14)    1 :  0.006 0.003 0.535 0.227 0.005 0.013 0.001 0.022 0.171 0.017 
255    (4)    1 :  0.006 0.004 0.609 0.117 0.002 0.002 0.003 0.012 0.200 0.045 
256    (4)    1 :  0.286 0.063 0.577 0.014 0.025 0.004 0.020 0.004 0.004 0.003 
257   (12)    1 :  0.099 0.043 0.499 0.121 0.007 0.014 0.003 0.031 0.180 0.003 
258    (4)    1 :  0.136 0.005 0.421 0.021 0.119 0.279 0.003 0.008 0.005 0.003 
259   (11)    1 :  0.189 0.007 0.397 0.175 0.034 0.003 0.016 0.018 0.157 0.004 
260   (17)    1 :  0.145 0.002 0.446 0.109 0.004 0.003 0.002 0.088 0.194 0.005 
261   (14)    1 :  0.252 0.002 0.392 0.256 0.031 0.001 0.008 0.050 0.002 0.005 
262   (32)    1 :  0.090 0.129 0.407 0.148 0.005 0.002 0.009 0.203 0.006 0.002 
263   (60)    1 :  0.008 0.007 0.057 0.432 0.004 0.120 0.010 0.007 0.009 0.347 
264   (53)    1 :  0.012 0.010 0.003 0.549 0.004 0.003 0.123 0.011 0.002 0.284 
265    (0)    1 :  0.002 0.005 0.002 0.006 0.011 0.002 0.002 0.002 0.094 0.874 
266    (0)    1 :  0.030 0.027 0.006 0.013 0.045 0.001 0.003 0.007 0.003 0.864 
267    (0)    1 :  0.002 0.001 0.002 0.001 0.002 0.233 0.004 0.004 0.003 0.749 
268    (4)    1 :  0.003 0.003 0.004 0.011 0.003 0.002 0.001 0.007 0.155 0.811 
269    (1)    1 :  0.025 0.006 0.047 0.002 0.011 0.006 0.003 0.002 0.001 0.896 
270    (2)    1 :  0.003 0.001 0.004 0.002 0.002 0.002 0.004 0.005 0.110 0.868 
271    (0)    1 :  0.014 0.032 0.004 0.081 0.224 0.002 0.113 0.003 0.261 0.266 
272    (0)    1 :  0.006 0.019 0.137 0.095 0.281 0.001 0.127 0.008 0.232 0.094 
273   (33)    1 :  0.007 0.014 0.103 0.314 0.061 0.003 0.142 0.118 0.003 0.235 
274   (16)    1 :  0.013 0.064 0.023 0.347 0.001 0.004 0.197 0.002 0.255 0.095 
275   (20)    1 :  0.005 0.026 0.014 0.226 0.004 0.262 0.070 0.173 0.043 0.176 
276   (42)    1 :  0.152 0.004 0.026 0.463 0.014 0.007 0.111 0.032 0.010 0.180 
277    (1)    1 :  0.011 0.037 0.013 0.164 0.002 0.002 0.280 0.169 0.172 0.150 
278    (4)    1 :  0.088 0.109 0.002 0.263 0.058 0.012 0.276 0.116 0.003 0.073 
279   (11)    1 :  0.009 0.038 0.004 0.258 0.003 0.308 0.226 0.031 0.005 0.118 
280   (15)    1 :  0.004 0.008 0.008 0.348 0.007 0.008 0.267 0.007 0.232 0.111 
281   (12)    1 :  0.320 0.095 0.017 0.291 0.004 0.002 0.063 0.107 0.014 0.087 
282   (15)    1 :  0.067 0.102 0.002 0.357 0.010 0.004 0.148 0.099 0.064 0.147 
283   (49)    1 :  0.080 0.009 0.011 0.568 0.008 0.163 0.073 0.027 0.053 0.008 
284   (86)    1 :  0.020 0.087 0.007 0.677 0.078 0.048 0.029 0.034 0.007 0.014 
285   (11)    1 :  0.206 0.021 0.018 0.350 0.004 0.002 0.230 0.032 0.125 0.013 
286   (18)    1 :  0.006 0.087 0.116 0.438 0.079 0.003 0.230 0.015 0.006 0.020 
287    (4)    1 :  0.025 0.031 0.467 0.005 0.070 0.339 0.007 0.047 0.003 0.006 
288    (4)    1 :  0.001 0.009 0.588 0.001 0.010 0.052 0.003 0.002 0.238 0.096 
289   (10)    1 :  0.016 0.005 0.704 0.030 0.003 0.002 0.006 0.026 0.197 0.010 
290    (3)    1 :  0.082 0.001 0.724 0.018 0.148 0.002 0.009 0.001 0.005 0.009 
291    (2)    1 :  0.006 0.035 0.725 0.004 0.177 0.006 0.002 0.015 0.012 0.019 
292    (1)    1 :  0.001 0.004 0.597 0.004 0.167 0.204 0.003 0.006 0.002 0.012 
293   (10)    1 :  0.006 0.007 0.680 0.103 0.155 0.003 0.001 0.028 0.004 0.011 
294    (0)    1 :  0.005 0.106 0.395 0.001 0.001 0.007 0.009 0.222 0.247 0.008 
295    (2)    1 :  0.006 0.006 0.553 0.103 0.002 0.026 0.004 0.021 0.214 0.066 
296    (1)    1 :  0.010 0.006 0.794 0.014 0.070 0.028 0.002 0.012 0.064 0.002 
297    (0)    1 :  0.012 0.057 0.456 0.003 0.004 0.327 0.013 0.078 0.030 0.022 
298    (3)    1 :  0.007 0.005 0.608 0.004 0.002 0.037 0.002 0.007 0.316 0.012 
299    (0)    1 :  0.042 0.005 0.278 0.001 0.164 0.005 0.010 0.006 0.005 0.484 
300    (0)    1 :  0.007 0.122 0.657 0.005 0.014 0.018 0.040 0.130 0.002 0.005 
301    (1)    1 :  0.006 0.012 0.637 0.002 0.003 0.253 0.003 0.004 0.060 0.020 
302   (22)    1 :  0.106 0.012 0.476 0.138 0.009 0.003 0.004 0.120 0.099 0.033 
303    (1)    1 :  0.053 0.103 0.725 0.069 0.003 0.004 0.009 0.008 0.005 0.022 
304    (3)    1 :  0.031 0.009 0.514 0.006 0.064 0.316 0.001 0.047 0.002 0.011 
305    (1)    1 :  0.143 0.007 0.419 0.007 0.058 0.002 0.007 0.163 0.188 0.006 
306   (13)    1 :  0.038 0.009 0.477 0.231 0.005 0.005 0.068 0.022 0.145 0.002 
307    (1)    1 :  0.147 0.151 0.557 0.007 0.041 0.003 0.001 0.054 0.002 0.036 
308    (0)    1 :  0.007 0.005 0.901 0.036 0.023 0.002 0.005 0.018 0.001 0.003 
309    (7)    1 :  0.019 0.217 0.539 0.128 0.003 0.001 0.014 0.068 0.003 0.007 
310   (14)    1 :  0.011 0.006 0.607 0.030 0.006 0.305 0.003 0.004 0.005 0.023 
311   (15)    1 :  0.245 0.003 0.608 0.114 0.004 0.005 0.004 0.001 0.004 0.013 
312    (2)    1 :  0.049 0.016 0.649 0.049 0.007 0.004 0.010 0.038 0.176 0.002 
313    (8)    1 :  0.008 0.010 0.735 0.101 0.003 0.002 0.008 0.024 0.020 0.089 
314    (4)    1 :  0.060 0.006 0.536 0.016 0.005 0.339 0.001 0.016 0.012 0.009 
315    (5)    1 :  0.003 0.002 0.705 0.022 0.004 0.001 0.004 0.010 0.247 0.002 
316   (10)    1 :  0.002 0.010 0.699 0.137 0.018 0.008 0.016 0.101 0.008 0.002 
317    (2)    1 :  0.011 0.007 0.796 0.087 0.013 0.007 0.044 0.010 0.010 0.015 
318   (11)    1 :  0.066 0.003 0.513 0.089 0.016 0.275 0.002 0.014 0.018 0.003 
319    (8)    1 :  0.011 0.002 0.706 0.222 0.003 0.004 0.007 0.005 0.037 0.003 
320    (2)    1 :  0.268 0.009 0.569 0.010 0.007 0.000 0.018 0.054 0.059 0.005 
321    (7)    1 :  0.021 0.097 0.658 0.077 0.004 0.018 0.033 0.003 0.088 0.002 
322    (0)    1 :  0.042 0.015 0.745 0.029 0.005 0.001 0.009 0.007 0.060 0.086 
323    (0)    1 :  0.037 0.078 0.633 0.013 0.003 0.093 0.017 0.004 0.119 0.003 
324    (0)    1 :  0.113 0.030 0.535 0.002 0.071 0.003 0.006 0.116 0.122 0.003 
325    (5)    1 :  0.011 0.024 0.869 0.006 0.024 0.001 0.010 0.006 0.046 0.003 
326   (15)    1 :  0.155 0.002 0.524 0.235 0.026 0.002 0.007 0.004 0.004 0.042 
327    (3)    1 :  0.006 0.017 0.671 0.006 0.002 0.007 0.003 0.029 0.250 0.008 
328    (8)    1 :  0.003 0.024 0.741 0.167 0.008 0.002 0.006 0.005 0.035 0.010 
329    (3)    1 :  0.003 0.002 0.729 0.109 0.058 0.012 0.001 0.008 0.036 0.041 
330   (10)    1 :  0.079 0.030 0.577 0.110 0.061 0.004 0.016 0.115 0.002 0.006 
331   (19)    1 :  0.035 0.010 0.538 0.301 0.025 0.024 0.008 0.019 0.002 0.038 
332    (8)    1 :  0.104 0.070 0.028 0.230 0.252 0.002 0.148 0.045 0.001 0.120 
333    (8)    1 :  0.087 0.041 0.008 0.280 0.029 0.003 0.187 0.189 0.001 0.174 
334    (5)    1 :  0.027 0.006 0.004 0.038 0.008 0.100 0.002 0.009 0.007 0.798 
335    (3)    1 :  0.105 0.002 0.016 0.013 0.124 0.002 0.002 0.021 0.003 0.712 
336   (14)    1 :  0.089 0.011 0.599 0.113 0.003 0.004 0.005 0.003 0.002 0.171 
337   (15)    1 :  0.016 0.002 0.369 0.212 0.018 0.023 0.010 0.002 0.165 0.184 
338   (51)    1 :  0.019 0.082 0.034 0.374 0.017 0.142 0.013 0.283 0.031 0.005 
339   (13)    1 :  0.186 0.020 0.005 0.183 0.037 0.003 0.084 0.449 0.003 0.029 
340    (2)    1 :  0.184 0.175 0.004 0.066 0.203 0.002 0.010 0.351 0.003 0.003 
341    (8)    1 :  0.032 0.091 0.036 0.270 0.220 0.002 0.188 0.150 0.008 0.002 
342   (22)    1 :  0.055 0.112 0.047 0.256 0.065 0.004 0.004 0.442 0.003 0.013 
343    (3)    1 :  0.004 0.245 0.007 0.109 0.277 0.003 0.164 0.183 0.007 0.001 
344    (7)    1 :  0.043 0.183 0.012 0.193 0.209 0.001 0.034 0.302 0.004 0.018 
345   (47)    1 :  0.070 0.008 0.139 0.481 0.120 0.003 0.002 0.107 0.040 0.031 
346   (50)    1 :  0.009 0.016 0.046 0.381 0.027 0.136 0.006 0.345 0.006 0.028 
347    (0)    1 :  0.232 0.247 0.088 0.002 0.083 0.002 0.004 0.290 0.048 0.005 
348    (2)    1 :  0.202 0.247 0.001 0.004 0.306 0.003 0.047 0.172 0.001 0.016 
349    (1)    1 :  0.056 0.095 0.088 0.021 0.120 0.048 0.007 0.423 0.139 0.003 
350    (1)    1 :  0.114 0.276 0.066 0.104 0.082 0.002 0.013 0.335 0.001 0.006 
351    (4)    1 :  0.023 0.113 0.022 0.133 0.160 0.003 0.138 0.401 0.001 0.006 
352    (2)    1 :  0.019 0.174 0.014 0.110 0.068 0.133 0.148 0.268 0.057 0.009 
353   (28)    1 :  0.034 0.003 0.082 0.258 0.040 0.017 0.015 0.473 0.007 0.072 
354    (2)    1 :  0.049 0.012 0.023 0.089 0.411 0.001 0.136 0.267 0.005 0.006 
355    (0)    1 :  0.007 0.372 0.004 0.001 0.374 0.002 0.006 0.132 0.101 0.003 
356   (22)    1 :  0.078 0.131 0.014 0.305 0.071 0.003 0.047 0.342 0.006 0.003 
357   (13)    1 :  0.175 0.003 0.007 0.060 0.005 0.025 0.020 0.437 0.234 0.034 
358    (0)    1 :  0.006 0.350 0.010 0.006 0.403 0.009 0.002 0.159 0.051 0.004 
359   (63)    1 :  0.008 0.049 0.007 0.495 0.006 0.169 0.029 0.213 0.017 0.007 
360    (9)    1 :  0.014 0.142 0.004 0.186 0.092 0.015 0.150 0.352 0.041 0.004 
361    (9)    1 :  0.132 0.156 0.005 0.225 0.273 0.037 0.050 0.112 0.008 0.002 
362    (8)    1 :  0.184 0.003 0.003 0.082 0.253 0.003 0.056 0.410 0.002 0.004 
363    (5)    1 :  0.003 0.045 0.005 0.002 0.320 0.219 0.146 0.258 0.002 0.002 
364   (20)    1 :  0.153 0.149 0.002 0.238 0.240 0.005 0.019 0.172 0.015 0.008 
365   (40)    1 :  0.008 0.031 0.050 0.356 0.276 0.001 0.041 0.219 0.001 0.015 
366    (8)    1 :  0.056 0.137 0.143 0.107 0.211 0.095 0.007 0.124 0.107 0.013 
367   (56)    1 :  0.009 0.012 0.008 0.427 0.292 0.198 0.005 0.038 0.004 0.006 
368    (1)    1 :  0.005 0.335 0.051 0.097 0.157 0.001 0.076 0.271 0.004 0.004 
369    (0)    1 :  0.151 0.153 0.012 0.017 0.139 0.004 0.177 0.264 0.004 0.080 
370    (9)    1 :  0.144 0.353 0.014 0.263 0.021 0.006 0.090 0.095 0.004 0.010 
371    (2)    1 :  0.133 0.055 0.012 0.164 0.025 0.007 0.185 0.405 0.011 0.003 
372    (5)    1 :  0.057 0.344 0.014 0.023 0.189 0.005 0.006 0.354 0.003 0.004 
373   (11)    1 :  0.008 0.212 0.015 0.223 0.166 0.002 0.003 0.330 0.034 0.008 
374   (39)    1 :  0.169 0.004 0.003 0.429 0.006 0.003 0.134 0.246 0.001 0.005 
375   (11)    1 :  0.304 0.057 0.004 0.107 0.003 0.004 0.004 0.309 0.201 0.007 
376   (73)    1 :  0.011 0.242 0.031 0.622 0.011 0.003 0.006 0.048 0.012 0.014 
377    (1)    1 :  0.278 0.266 0.019 0.135 0.032 0.010 0.081 0.161 0.018 0.001 
378    (0)    1 :  0.179 0.233 0.002 0.073 0.009 0.005 0.289 0.147 0.002 0.061 
379    (0)    1 :  0.183 0.154 0.017 0.005 0.091 0.066 0.032 0.363 0.026 0.062 
380    (0)    1 :  0.104 0.314 0.006 0.015 0.217 0.004 0.027 0.247 0.061 0.004 
381    (1)    1 :  0.093 0.163 0.018 0.014 0.253 0.002 0.017 0.435 0.001 0.004 
382    (4)    1 :  0.226 0.073 0.006 0.046 0.047 0.004 0.007 0.402 0.187 0.002 
383   (31)    1 :  0.029 0.046 0.005 0.285 0.161 0.177 0.015 0.260 0.007 0.016 
384    (0)    1 :  0.008 0.363 0.009 0.018 0.046 0.006 0.052 0.350 0.025 0.123 
385    (0)    1 :  0.147 0.207 0.004 0.002 0.029 0.003 0.002 0.488 0.115 0.001 
386    (8)    1 :  0.120 0.031 0.059 0.050 0.099 0.002 0.155 0.459 0.006 0.019 
387   (42)    1 :  0.079 0.005 0.368 0.490 0.004 0.003 0.014 0.009 0.013 0.015 
388   (73)    1 :  0.011 0.016 0.154 0.478 0.020 0.002 0.014 0.045 0.016 0.244 
389    (2)    1 :  0.166 0.145 0.509 0.058 0.042 0.011 0.009 0.004 0.048 0.009 
390   (69)    1 :  0.005 0.005 0.201 0.489 0.003 0.001 0.011 0.259 0.017 0.010 
391   (51)    1 :  0.002 0.007 0.265 0.528 0.036 0.006 0.043 0.099 0.010 0.005 
392   (20)    1 :  0.238 0.004 0.265 0.118 0.006 0.002 0.004 0.307 0.047 0.009 
393    (9)    1 :  0.116 0.004 0.646 0.015 0.001 0.007 0.003 0.003 0.199 0.005 
394   (71)    1 :  0.071 0.011 0.159 0.443 0.004 0.096 0.004 0.004 0.042 0.167 
395    (3)    1 :  0.193 0.036 0.578 0.081 0.033 0.016 0.033 0.014 0.008 0.007 
396   (71)    1 :  0.007 0.009 0.311 0.603 0.007 0.004 0.042 0.005 0.005 0.007 
397    (5)    1 :  0.406 0.007 0.027 0.018 0.257 0.001 0.002 0.259 0.013 0.010 
398    (3)    1 :  0.039 0.036 0.012 0.144 0.305 0.015 0.019 0.418 0.008 0.004 
399    (5)    1 :  0.008 0.002 0.129 0.076 0.048 0.116 0.003 0.011 0.009 0.597 
400    (0)    1 :  0.012 0.141 0.586 0.004 0.183 0.002 0.002 0.006 0.018 0.046 
401    (3)    1 :  0.055 0.077 0.652 0.038 0.144 0.008 0.002 0.005 0.003 0.017 
402    (6)    1 :  0.050 0.009 0.615 0.017 0.049 0.089 0.004 0.003 0.147 0.016 
403   (25)    1 :  0.002 0.007 0.553 0.174 0.024 0.194 0.005 0.003 0.006 0.032 
404    (0)    1 :  0.003 0.022 0.060 0.007 0.008 0.010 0.733 0.003 0.071 0.083 
405   (73)    1 :  0.038 0.007 0.061 0.618 0.098 0.006 0.113 0.027 0.005 0.027 
406    (2)    1 :  0.014 0.010 0.011 0.082 0.011 0.111 0.605 0.002 0.149 0.006 
407    (0)    1 :  0.137 0.239 0.014 0.088 0.016 0.029 0.401 0.009 0.003 0.065 
408    (0)    1 :  0.001 0.001 0.132 0.002 0.008 0.156 0.002 0.003 0.051 0.644 
409    (0)    1 :  0.003 0.009 0.002 0.001 0.022 0.025 0.001 0.002 0.107 0.828 
410    (0)    1 :  0.220 0.065 0.411 0.004 0.029 0.012 0.078 0.169 0.006 0.008 
411   (16)    1 :  0.259 0.002 0.452 0.044 0.014 0.061 0.008 0.004 0.152 0.003 
412    (0)    1 :  0.015 0.029 0.007 0.001 0.008 0.003 0.004 0.003 0.004 0.926 
413    (0)    1 :  0.019 0.010 0.004 0.003 0.009 0.018 0.004 0.004 0.004 0.925 
414    (0)    1 :  0.001 0.001 0.006 0.003 0.000 0.001 0.002 0.001 0.104 0.881 
415    (1)    1 :  0.049 0.001 0.162 0.026 0.004 0.005 0.061 0.006 0.008 0.677 
416    (0)    1 :  0.285 0.006 0.514 0.032 0.015 0.003 0.035 0.102 0.006 0.002 
417    (1)    1 :  0.061 0.180 0.004 0.012 0.020 0.057 0.063 0.576 0.021 0.006 
418   (39)    1 :  0.030 0.021 0.006 0.346 0.009 0.010 0.142 0.415 0.006 0.016 
419   (53)    1 :  0.010 0.007 0.002 0.597 0.009 0.002 0.005 0.347 0.015 0.006 
420    (1)    1 :  0.048 0.014 0.012 0.155 0.009 0.002 0.007 0.732 0.015 0.004 
421    (1)    1 :  0.077 0.051 0.007 0.007 0.007 0.001 0.118 0.725 0.005 0.002 
422   (23)    1 :  0.003 0.001 0.144 0.212 0.008 0.073 0.011 0.445 0.100 0.003 
423   (55)    1 :  0.005 0.003 0.019 0.383 0.010 0.089 0.010 0.396 0.008 0.076 
424    (4)    1 :  0.003 0.006 0.015 0.187 0.013 0.003 0.015 0.692 0.018 0.049 
425   (58)    1 :  0.004 0.005 0.045 0.450 0.004 0.004 0.002 0.441 0.009 0.034 
426   (83)    1 :  0.048 0.010 0.005 0.721 0.009 0.005 0.015 0.171 0.003 0.013 
427    (2)    1 :  0.005 0.094 0.003 0.212 0.002 0.006 0.003 0.619 0.042 0.013 
428   (13)    1 :  0.024 0.004 0.034 0.214 0.003 0.004 0.045 0.655 0.009 0.009 
429   (12)    1 :  0.002 0.011 0.011 0.240 0.023 0.003 0.007 0.603 0.013 0.087 
430   (25)    1 :  0.003 0.003 0.001 0.220 0.003 0.036 0.010 0.580 0.138 0.007 
431   (11)    1 :  0.021 0.055 0.066 0.152 0.023 0.024 0.084 0.519 0.009 0.046 
432    (5)    1 :  0.015 0.040 0.018 0.188 0.001 0.002 0.013 0.630 0.058 0.034 
433    (4)    1 :  0.007 0.058 0.008 0.121 0.018 0.003 0.026 0.751 0.004 0.004 
434   (11)    1 :  0.019 0.002 0.001 0.145 0.002 0.014 0.002 0.629 0.179 0.005 
435    (3)    1 :  0.014 0.006 0.151 0.108 0.007 0.008 0.042 0.642 0.005 0.018 
436    (3)    1 :  0.005 0.002 0.016 0.116 0.002 0.001 0.003 0.009 0.005 0.842 
437   (48)    1 :  0.003 0.001 0.002 0.207 0.001 0.124 0.001 0.002 0.005 0.653 
438    (6)    1 :  0.006 0.004 0.016 0.103 0.005 0.001 0.013 0.033 0.025 0.794 
439   (45)    1 :  0.003 0.008 0.023 0.158 0.005 0.195 0.001 0.002 0.005 0.600 
440    (3)    1 :  0.004 0.003 0.004 0.047 0.002 0.001 0.004 0.001 0.130 0.805 
441    (4)    1 :  0.001 0.002 0.002 0.062 0.001 0.002 0.002 0.002 0.096 0.830 
442    (6)    1 :  0.008 0.005 0.185 0.185 0.011 0.001 0.002 0.017 0.022 0.564 
443    (0)    1 :  0.013 0.003 0.021 0.002 0.002 0.002 0.027 0.003 0.109 0.818 
444    (3)    1 :  0.002 0.004 0.007 0.012 0.004 0.002 0.005 0.003 0.157 0.803 
445    (2)    1 :  0.003 0.006 0.002 0.012 0.005 0.001 0.001 0.001 0.090 0.878 


Estimated Allele Frequencies in each cluster
First column gives estimated ancestral frequencies


Locus 1 : 0 
2 alleles
13.3% missing data
   2   (0.911) 0.871 0.818 0.952 0.984 0.934 0.982 0.974 0.898 0.972 0.988 
   4   (0.089) 0.129 0.182 0.048 0.016 0.066 0.018 0.026 0.102 0.028 0.012 

Locus 2 : 1 
2 alleles
12.6% missing data
   1   (0.951) 0.983 0.982 0.962 0.997 0.963 0.988 0.947 0.988 0.975 0.744 
   3   (0.049) 0.017 0.018 0.038 0.003 0.037 0.012 0.053 0.012 0.025 0.256 

Locus 3 : 2 
2 alleles
9.4% missing data
   1   (0.916) 0.769 0.962 0.944 0.982 0.971 0.975 0.973 0.965 0.963 0.602 
   4   (0.084) 0.231 0.038 0.056 0.018 0.029 0.025 0.027 0.035 0.037 0.398 

Locus 4 : 3 
2 alleles
4.9% missing data
   1   (0.503) 0.364 0.588 0.772 0.574 0.348 0.616 0.723 0.469 0.575 0.187 
   2   (0.497) 0.636 0.412 0.228 0.426 0.652 0.384 0.277 0.531 0.425 0.813 

Locus 5 : 4 
2 alleles
18.2% missing data
   3   (0.509) 0.352 0.603 0.743 0.417 0.418 0.507 0.749 0.505 0.557 0.214 
   1   (0.491) 0.648 0.397 0.257 0.583 0.582 0.493 0.251 0.495 0.443 0.786 

Locus 6 : 5 
2 alleles
15.5% missing data
   2   (0.893) 0.961 0.830 0.809 0.974 0.961 0.937 0.945 0.889 0.871 0.831 
   3   (0.107) 0.039 0.170 0.191 0.026 0.039 0.063 0.055 0.111 0.129 0.169 

Locus 7 : 6 
2 alleles
21.3% missing data
   4   (0.859) 0.880 0.850 0.915 0.965 0.942 0.868 0.879 0.855 0.795 0.906 
