

----------------------------------------------------
STRUCTURE by Pritchard, Stephens and Donnelly (2000)
     and Falush, Stephens and Pritchard (2003)
       Code by Pritchard, Falush and Hubisz
             Version 2.3.4 (Jul 2012)
----------------------------------------------------



Command line arguments:   structure -m data/structure/mainparams.txt -e data/structure/extraparams.txt -K 9 -o data/structure/structure_output_9 
Input File:    data/structure/structure_input.tab

Run parameters:
   323 individuals
   2366 loci
   9 populations assumed
   10000 Burn-in period
   25000 Reps


--------------------------------------------
Overall proportion of membership of the
sample in each of the 9 clusters

Inferred Clusters
  1      2      3      4      5      6      7      8      9    
0.048  0.052  0.068  0.139  0.210  0.033  0.207  0.132  0.111  

--------------------------------------------

Allele-freq. divergence among pops (Net nucleotide distance),
computed using point estimates of P.

      1       2       3       4       5       6       7       8       9      
 1      -    0.0403  0.0384  0.0391  0.0274  0.0392  0.0340  0.0323  0.0284  
 2   0.0403     -    0.0360  0.0345  0.0210  0.0342  0.0296  0.0272  0.0227  
 3   0.0384  0.0360     -    0.0294  0.0224  0.0352  0.0231  0.0276  0.0230  
 4   0.0391  0.0345  0.0294     -    0.0214  0.0325  0.0284  0.0256  0.0227  
 5   0.0274  0.0210  0.0224  0.0214     -    0.0167  0.0158  0.0115  0.0056  
 6   0.0392  0.0342  0.0352  0.0325  0.0167     -    0.0278  0.0248  0.0175  
 7   0.0340  0.0296  0.0231  0.0284  0.0158  0.0278     -    0.0212  0.0166  
 8   0.0323  0.0272  0.0276  0.0256  0.0115  0.0248  0.0212     -    0.0136  
 9   0.0284  0.0227  0.0230  0.0227  0.0056  0.0175  0.0166  0.0136     -    

Average distances (expected heterozygosity) between individuals in same cluster:
cluster  1  : 0.2576 
cluster  2  : 0.2627 
cluster  3  : 0.2551 
cluster  4  : 0.2610 
cluster  5  : 0.2902 
cluster  6  : 0.2651 
cluster  7  : 0.2721 
cluster  8  : 0.2330 
cluster  9  : 0.2910 

--------------------------------------------
Estimated Ln Prob of Data   = -600165.3
Mean value of ln likelihood = -594763.5
Variance of ln likelihood   = 10803.7
Mean value of alpha         = 0.1243

Mean value of Fst_1         = 0.2890
Mean value of Fst_2         = 0.2063
Mean value of Fst_3         = 0.1974
Mean value of Fst_4         = 0.1394
Mean value of Fst_5         = 0.0292
Mean value of Fst_6         = 0.1674
Mean value of Fst_7         = 0.0942
Mean value of Fst_8         = 0.1341
Mean value of Fst_9         = 0.0441


Inferred ancestry of individuals:
     (%Miss) :  Inferred clusters
  1    (2)   :  0.002 0.004 0.418 0.404 0.093 0.040 0.010 0.004 0.026 
  2    (2)   :  0.121 0.004 0.246 0.041 0.022 0.011 0.515 0.034 0.006 
  3    (3)   :  0.003 0.103 0.327 0.103 0.005 0.003 0.447 0.003 0.006 
  4    (0)   :  0.003 0.002 0.451 0.428 0.002 0.008 0.088 0.012 0.007 
  5    (0)   :  0.096 0.010 0.213 0.020 0.039 0.012 0.566 0.013 0.031 
  6    (0)   :  0.003 0.003 0.354 0.009 0.023 0.010 0.564 0.010 0.024 
  7    (0)   :  0.062 0.135 0.418 0.222 0.004 0.010 0.138 0.005 0.006 
  8    (0)   :  0.144 0.002 0.172 0.004 0.011 0.004 0.652 0.002 0.010 
  9    (0)   :  0.005 0.003 0.428 0.121 0.012 0.015 0.364 0.010 0.042 
 10    (8)   :  0.018 0.031 0.410 0.431 0.053 0.012 0.028 0.013 0.004 
 11    (1)   :  0.002 0.001 0.455 0.394 0.005 0.002 0.069 0.005 0.067 
 12    (0)   :  0.117 0.001 0.438 0.434 0.002 0.002 0.003 0.002 0.002 
 13    (0)   :  0.002 0.003 0.212 0.024 0.012 0.011 0.718 0.002 0.015 
 14    (0)   :  0.227 0.005 0.227 0.003 0.013 0.003 0.512 0.003 0.007 
 15    (0)   :  0.002 0.213 0.026 0.036 0.685 0.005 0.004 0.002 0.027 
 16    (0)   :  0.002 0.003 0.023 0.005 0.928 0.006 0.021 0.005 0.008 
 17    (5)   :  0.003 0.002 0.004 0.002 0.688 0.021 0.009 0.013 0.259 
 18    (1)   :  0.009 0.007 0.002 0.002 0.964 0.005 0.001 0.003 0.007 
 19    (3)   :  0.003 0.012 0.015 0.005 0.910 0.009 0.017 0.011 0.017 
 20    (4)   :  0.003 0.220 0.004 0.004 0.701 0.021 0.004 0.008 0.037 
 21    (2)   :  0.002 0.203 0.003 0.003 0.759 0.004 0.002 0.014 0.010 
 22    (1)   :  0.002 0.001 0.007 0.009 0.931 0.008 0.007 0.007 0.028 
 23    (5)   :  0.146 0.019 0.007 0.002 0.813 0.004 0.002 0.003 0.003 
 24    (8)   :  0.002 0.242 0.007 0.004 0.615 0.009 0.003 0.111 0.007 
 25    (1)   :  0.003 0.002 0.031 0.043 0.847 0.004 0.026 0.016 0.028 
 26    (1)   :  0.009 0.002 0.003 0.005 0.840 0.027 0.007 0.010 0.096 
 27    (0)   :  0.002 0.002 0.024 0.009 0.740 0.067 0.004 0.018 0.135 
 28    (0)   :  0.027 0.004 0.005 0.003 0.903 0.037 0.007 0.005 0.010 
 29    (0)   :  0.058 0.002 0.003 0.003 0.671 0.034 0.004 0.012 0.213 
 30    (1)   :  0.003 0.002 0.003 0.052 0.440 0.314 0.024 0.029 0.134 
 31    (7)   :  0.123 0.005 0.007 0.007 0.259 0.403 0.021 0.018 0.156 
 32   (15)   :  0.005 0.017 0.035 0.003 0.509 0.030 0.005 0.242 0.154 
 33    (8)   :  0.009 0.002 0.006 0.014 0.304 0.219 0.017 0.049 0.379 
 34    (0)   :  0.002 0.002 0.002 0.001 0.002 0.987 0.002 0.001 0.001 
 35    (0)   :  0.003 0.002 0.007 0.026 0.434 0.256 0.077 0.045 0.150 
 36    (4)   :  0.009 0.066 0.003 0.011 0.013 0.820 0.006 0.023 0.047 
 37    (6)   :  0.028 0.002 0.001 0.002 0.005 0.948 0.003 0.007 0.004 
 38    (2)   :  0.002 0.002 0.007 0.003 0.018 0.924 0.024 0.006 0.013 
 39    (0)   :  0.171 0.017 0.004 0.006 0.035 0.628 0.003 0.008 0.126 
 40    (5)   :  0.003 0.205 0.006 0.770 0.002 0.003 0.003 0.004 0.003 
 41    (2)   :  0.005 0.003 0.011 0.952 0.006 0.005 0.007 0.006 0.003 
 42    (0)   :  0.003 0.002 0.002 0.967 0.005 0.008 0.003 0.003 0.007 
 43    (8)   :  0.006 0.007 0.049 0.776 0.006 0.003 0.003 0.146 0.003 
 44    (1)   :  0.001 0.090 0.005 0.884 0.005 0.004 0.004 0.003 0.004 
 45   (55)   :  0.027 0.004 0.063 0.125 0.020 0.115 0.013 0.622 0.010 
 46    (2)   :  0.002 0.010 0.011 0.897 0.054 0.003 0.016 0.003 0.005 
 47    (0)   :  0.003 0.002 0.033 0.939 0.009 0.003 0.005 0.003 0.003 
 48    (1)   :  0.072 0.006 0.007 0.893 0.006 0.008 0.001 0.004 0.004 
 49   (14)   :  0.100 0.002 0.017 0.808 0.010 0.041 0.006 0.007 0.009 
 50    (1)   :  0.002 0.002 0.036 0.909 0.011 0.016 0.009 0.003 0.011 
 51    (6)   :  0.010 0.004 0.020 0.894 0.009 0.003 0.005 0.038 0.016 
 52    (1)   :  0.003 0.249 0.319 0.416 0.002 0.003 0.004 0.002 0.002 
 53    (0)   :  0.176 0.003 0.006 0.799 0.004 0.004 0.003 0.003 0.002 
 54    (7)   :  0.002 0.317 0.258 0.341 0.004 0.007 0.061 0.005 0.006 
 55    (6)   :  0.001 0.308 0.267 0.400 0.006 0.008 0.002 0.004 0.004 
 56   (13)   :  0.008 0.333 0.014 0.010 0.360 0.015 0.012 0.220 0.028 
 57    (0)   :  0.217 0.001 0.380 0.372 0.003 0.001 0.012 0.010 0.003 
 58    (0)   :  0.003 0.164 0.004 0.815 0.002 0.003 0.002 0.003 0.003 
 59    (3)   :  0.002 0.004 0.013 0.905 0.016 0.008 0.006 0.032 0.014 
 60    (4)   :  0.003 0.008 0.010 0.004 0.656 0.004 0.055 0.243 0.016 
 61    (5)   :  0.003 0.002 0.003 0.005 0.740 0.004 0.006 0.222 0.014 
 62    (8)   :  0.003 0.354 0.002 0.001 0.557 0.005 0.008 0.064 0.007 
 63    (5)   :  0.003 0.305 0.005 0.006 0.448 0.009 0.013 0.198 0.014 
 64    (0)   :  0.001 0.405 0.003 0.010 0.555 0.007 0.003 0.005 0.012 
 65    (0)   :  0.005 0.361 0.002 0.003 0.394 0.005 0.009 0.116 0.105 
 66    (5)   :  0.003 0.182 0.002 0.003 0.763 0.005 0.002 0.033 0.007 
 67    (7)   :  0.009 0.026 0.009 0.014 0.666 0.004 0.010 0.209 0.052 
 68    (3)   :  0.001 0.002 0.005 0.003 0.235 0.016 0.658 0.007 0.073 
 69    (4)   :  0.135 0.056 0.003 0.003 0.045 0.064 0.565 0.012 0.118 
 70    (1)   :  0.094 0.003 0.191 0.069 0.009 0.024 0.592 0.012 0.006 
 71   (23)   :  0.092 0.012 0.052 0.006 0.035 0.011 0.497 0.280 0.015 
 72    (0)   :  0.008 0.014 0.134 0.002 0.042 0.008 0.757 0.009 0.026 
 73    (2)   :  0.088 0.148 0.091 0.002 0.008 0.005 0.652 0.004 0.003 
 74    (0)   :  0.118 0.005 0.003 0.002 0.023 0.010 0.549 0.002 0.289 
 75    (0)   :  0.002 0.005 0.164 0.019 0.088 0.003 0.711 0.002 0.005 
 76    (0)   :  0.222 0.122 0.130 0.036 0.008 0.004 0.473 0.003 0.003 
 77    (0)   :  0.005 0.240 0.003 0.004 0.033 0.084 0.547 0.003 0.080 
 78    (1)   :  0.003 0.001 0.006 0.004 0.016 0.003 0.010 0.013 0.944 
 79    (0)   :  0.002 0.014 0.016 0.005 0.253 0.047 0.023 0.004 0.637 
 80    (1)   :  0.002 0.004 0.004 0.006 0.106 0.007 0.016 0.060 0.796 
 81    (0)   :  0.003 0.071 0.002 0.002 0.023 0.014 0.003 0.004 0.879 
 82    (3)   :  0.002 0.002 0.003 0.013 0.006 0.154 0.003 0.005 0.812 
 83    (0)   :  0.003 0.003 0.005 0.003 0.045 0.003 0.013 0.003 0.924 
 84    (0)   :  0.154 0.007 0.002 0.002 0.111 0.046 0.002 0.003 0.673 
 85    (0)   :  0.001 0.213 0.001 0.002 0.221 0.020 0.006 0.005 0.532 
 86    (3)   :  0.003 0.002 0.003 0.005 0.004 0.004 0.006 0.019 0.953 
 87    (5)   :  0.012 0.004 0.006 0.009 0.046 0.005 0.004 0.065 0.850 
 88    (6)   :  0.001 0.004 0.006 0.015 0.116 0.005 0.016 0.046 0.792 
 89    (2)   :  0.097 0.079 0.003 0.016 0.009 0.005 0.004 0.005 0.783 
 90    (3)   :  0.064 0.002 0.003 0.005 0.030 0.005 0.007 0.005 0.879 
 91    (5)   :  0.002 0.007 0.004 0.014 0.404 0.007 0.015 0.033 0.513 
 92    (0)   :  0.201 0.002 0.002 0.004 0.008 0.010 0.002 0.002 0.769 
 93    (1)   :  0.008 0.197 0.009 0.007 0.023 0.006 0.002 0.038 0.708 
 94    (2)   :  0.160 0.003 0.004 0.003 0.135 0.005 0.008 0.140 0.541 
 95    (2)   :  0.002 0.007 0.013 0.006 0.141 0.025 0.076 0.144 0.587 
 96    (0)   :  0.003 0.333 0.008 0.004 0.008 0.004 0.022 0.007 0.611 
 97    (0)   :  0.237 0.003 0.002 0.003 0.009 0.005 0.046 0.059 0.637 
 98    (2)   :  0.018 0.003 0.006 0.003 0.262 0.021 0.018 0.033 0.637 
 99    (2)   :  0.008 0.003 0.017 0.017 0.075 0.011 0.043 0.101 0.723 
100   (24)   :  0.147 0.231 0.008 0.003 0.013 0.025 0.036 0.328 0.210 
101    (3)   :  0.002 0.392 0.018 0.019 0.013 0.006 0.006 0.022 0.522 
102   (43)   :  0.004 0.005 0.244 0.052 0.011 0.024 0.399 0.252 0.008 
103    (7)   :  0.144 0.003 0.126 0.022 0.010 0.003 0.556 0.132 0.005 
104    (3)   :  0.002 0.002 0.353 0.151 0.011 0.005 0.449 0.021 0.006 
105    (7)   :  0.002 0.316 0.238 0.010 0.005 0.004 0.408 0.002 0.016 
106    (4)   :  0.171 0.013 0.281 0.515 0.002 0.003 0.009 0.003 0.002 
107    (1)   :  0.002 0.300 0.014 0.002 0.004 0.005 0.666 0.002 0.004 
108    (6)   :  0.199 0.002 0.252 0.411 0.007 0.005 0.074 0.048 0.002 
109    (8)   :  0.005 0.004 0.504 0.405 0.019 0.003 0.020 0.034 0.006 
110    (9)   :  0.005 0.003 0.318 0.007 0.011 0.023 0.566 0.024 0.042 
111   (17)   :  0.205 0.003 0.242 0.015 0.005 0.006 0.488 0.033 0.003 
112   (54)   :  0.012 0.016 0.191 0.006 0.008 0.009 0.490 0.262 0.006 
113    (2)   :  0.042 0.002 0.275 0.075 0.007 0.003 0.527 0.025 0.044 
114    (6)   :  0.001 0.002 0.268 0.010 0.003 0.002 0.704 0.003 0.007 
115    (9)   :  0.002 0.287 0.081 0.001 0.006 0.002 0.617 0.003 0.001 
116    (3)   :  0.108 0.002 0.354 0.005 0.011 0.004 0.497 0.015 0.005 
117    (1)   :  0.002 0.002 0.373 0.044 0.016 0.052 0.491 0.009 0.010 
118    (3)   :  0.011 0.003 0.207 0.207 0.011 0.015 0.496 0.046 0.004 
119   (15)   :  0.002 0.125 0.143 0.002 0.030 0.005 0.668 0.019 0.005 
120   (19)   :  0.003 0.004 0.302 0.006 0.007 0.004 0.621 0.046 0.006 
121    (0)   :  0.202 0.002 0.307 0.118 0.004 0.002 0.357 0.004 0.004 
122    (0)   :  0.004 0.002 0.407 0.318 0.008 0.015 0.228 0.002 0.016 
123    (7)   :  0.074 0.009 0.037 0.014 0.021 0.008 0.625 0.164 0.048 
124    (0)   :  0.004 0.272 0.312 0.022 0.002 0.004 0.380 0.002 0.003 
125    (0)   :  0.238 0.002 0.391 0.351 0.003 0.003 0.004 0.004 0.003 
126    (3)   :  0.179 0.004 0.172 0.056 0.009 0.015 0.529 0.031 0.006 
127    (1)   :  0.007 0.004 0.330 0.057 0.012 0.008 0.441 0.009 0.133 
128    (4)   :  0.002 0.002 0.369 0.009 0.010 0.002 0.473 0.130 0.002 
129   (16)   :  0.003 0.220 0.131 0.018 0.363 0.084 0.005 0.107 0.070 
130   (43)   :  0.004 0.005 0.014 0.013 0.355 0.019 0.010 0.443 0.137 
131   (17)   :  0.015 0.018 0.021 0.005 0.533 0.018 0.007 0.314 0.069 
132   (11)   :  0.002 0.318 0.002 0.002 0.630 0.001 0.004 0.032 0.008 
133   (14)   :  0.147 0.127 0.017 0.004 0.464 0.004 0.003 0.027 0.206 
134    (5)   :  0.002 0.007 0.010 0.030 0.750 0.007 0.002 0.190 0.003 
135    (2)   :  0.002 0.002 0.003 0.006 0.753 0.025 0.020 0.022 0.165 
136   (37)   :  0.082 0.106 0.005 0.737 0.009 0.006 0.003 0.049 0.003 
137   (25)   :  0.006 0.220 0.052 0.339 0.102 0.091 0.004 0.179 0.005 
138   (42)   :  0.004 0.006 0.067 0.195 0.183 0.017 0.030 0.489 0.009 
139   (12)   :  0.181 0.006 0.121 0.014 0.006 0.005 0.488 0.175 0.005 
140    (3)   :  0.191 0.002 0.102 0.032 0.006 0.007 0.623 0.033 0.005 
141    (3)   :  0.002 0.002 0.007 0.007 0.227 0.013 0.642 0.039 0.061 
142   (10)   :  0.144 0.012 0.003 0.002 0.013 0.029 0.566 0.071 0.159 
143    (3)   :  0.002 0.252 0.001 0.003 0.122 0.004 0.541 0.006 0.069 
144    (9)   :  0.106 0.002 0.007 0.004 0.025 0.106 0.506 0.019 0.225 
145   (15)   :  0.140 0.003 0.004 0.010 0.006 0.021 0.531 0.020 0.266 
146   (12)   :  0.001 0.002 0.015 0.003 0.006 0.039 0.467 0.246 0.220 
147   (30)   :  0.003 0.002 0.005 0.002 0.167 0.021 0.512 0.189 0.099 
148   (51)   :  0.004 0.004 0.096 0.310 0.013 0.012 0.012 0.544 0.005 
149    (0)   :  0.088 0.001 0.003 0.895 0.002 0.002 0.003 0.003 0.004 
150    (0)   :  0.002 0.002 0.004 0.954 0.016 0.005 0.005 0.009 0.002 
151    (0)   :  0.001 0.225 0.002 0.764 0.001 0.001 0.001 0.001 0.001 
152    (3)   :  0.125 0.002 0.002 0.833 0.006 0.014 0.005 0.010 0.004 
153    (0)   :  0.003 0.002 0.005 0.923 0.005 0.012 0.046 0.002 0.002 
154    (1)   :  0.093 0.001 0.011 0.883 0.002 0.001 0.003 0.003 0.003 
155    (0)   :  0.244 0.004 0.155 0.231 0.012 0.005 0.002 0.086 0.261 
156    (0)   :  0.172 0.003 0.060 0.119 0.280 0.008 0.127 0.054 0.176 
157   (31)   :  0.011 0.004 0.154 0.212 0.084 0.003 0.009 0.453 0.070 
158   (14)   :  0.199 0.006 0.029 0.081 0.223 0.067 0.014 0.375 0.008 
159   (19)   :  0.044 0.256 0.045 0.127 0.083 0.014 0.007 0.416 0.008 
160   (39)   :  0.003 0.005 0.005 0.197 0.039 0.030 0.040 0.673 0.008 
161    (1)   :  0.174 0.002 0.031 0.099 0.301 0.005 0.006 0.315 0.067 
162    (3)   :  0.002 0.006 0.006 0.129 0.563 0.015 0.003 0.254 0.021 
163    (8)   :  0.004 0.366 0.002 0.111 0.141 0.002 0.010 0.351 0.013 
164   (12)   :  0.207 0.005 0.010 0.149 0.040 0.022 0.074 0.487 0.006 
165   (10)   :  0.010 0.002 0.090 0.039 0.326 0.115 0.009 0.356 0.052 
166   (13)   :  0.028 0.002 0.013 0.128 0.015 0.044 0.005 0.559 0.206 
167   (47)   :  0.032 0.151 0.004 0.011 0.020 0.007 0.006 0.754 0.014 
168   (85)   :  0.009 0.049 0.070 0.023 0.057 0.027 0.014 0.731 0.021 
169   (10)   :  0.102 0.004 0.009 0.009 0.089 0.055 0.020 0.448 0.265 
170   (17)   :  0.003 0.003 0.037 0.019 0.411 0.010 0.066 0.446 0.003 
171    (4)   :  0.002 0.364 0.081 0.004 0.060 0.003 0.442 0.015 0.027 
172    (3)   :  0.279 0.048 0.158 0.020 0.003 0.001 0.488 0.002 0.002 
173    (9)   :  0.192 0.002 0.012 0.012 0.010 0.005 0.726 0.022 0.019 
174    (2)   :  0.003 0.003 0.048 0.025 0.135 0.008 0.753 0.018 0.007 
175    (0)   :  0.003 0.219 0.196 0.004 0.012 0.003 0.555 0.004 0.005 
176    (8)   :  0.042 0.002 0.045 0.007 0.066 0.010 0.719 0.101 0.005 
177    (0)   :  0.210 0.026 0.008 0.069 0.109 0.006 0.394 0.002 0.177 
178    (1)   :  0.146 0.024 0.138 0.044 0.010 0.002 0.563 0.067 0.007 
179    (0)   :  0.187 0.002 0.016 0.020 0.003 0.010 0.752 0.005 0.006 
180    (0)   :  0.023 0.363 0.019 0.002 0.026 0.007 0.498 0.005 0.058 
181    (2)   :  0.319 0.026 0.004 0.004 0.005 0.004 0.632 0.002 0.005 
182    (0)   :  0.107 0.003 0.462 0.358 0.031 0.013 0.017 0.003 0.006 
183    (0)   :  0.004 0.011 0.004 0.010 0.172 0.015 0.704 0.005 0.076 
184    (1)   :  0.068 0.248 0.019 0.007 0.003 0.003 0.646 0.001 0.004 
185   (20)   :  0.120 0.010 0.005 0.009 0.021 0.040 0.522 0.235 0.039 
186    (0)   :  0.002 0.008 0.025 0.067 0.024 0.023 0.825 0.015 0.012 
187    (2)   :  0.002 0.327 0.002 0.005 0.008 0.005 0.581 0.003 0.067 
188    (1)   :  0.163 0.002 0.003 0.014 0.096 0.023 0.484 0.012 0.201 
189   (12)   :  0.102 0.003 0.034 0.004 0.026 0.037 0.607 0.096 0.090 
190    (0)   :  0.002 0.002 0.007 0.044 0.236 0.077 0.601 0.002 0.030 
191    (0)   :  0.002 0.003 0.037 0.002 0.007 0.004 0.935 0.005 0.007 
192    (5)   :  0.014 0.002 0.014 0.049 0.130 0.047 0.579 0.096 0.068 
193   (11)   :  0.004 0.284 0.042 0.004 0.003 0.008 0.641 0.011 0.003 
194   (14)   :  0.007 0.005 0.009 0.019 0.019 0.162 0.730 0.032 0.018 
195    (2)   :  0.099 0.004 0.026 0.003 0.030 0.027 0.695 0.005 0.112 
196    (7)   :  0.023 0.002 0.124 0.066 0.006 0.006 0.747 0.009 0.017 
197    (3)   :  0.005 0.316 0.014 0.005 0.006 0.100 0.535 0.013 0.006 
198    (5)   :  0.192 0.002 0.025 0.002 0.004 0.002 0.765 0.004 0.005 
199    (9)   :  0.009 0.008 0.067 0.008 0.026 0.003 0.726 0.026 0.128 
200    (1)   :  0.006 0.002 0.146 0.005 0.003 0.010 0.806 0.013 0.008 
201    (9)   :  0.004 0.278 0.002 0.003 0.003 0.007 0.577 0.010 0.117 
202    (7)   :  0.042 0.003 0.132 0.006 0.007 0.014 0.709 0.079 0.006 
203    (1)   :  0.031 0.002 0.038 0.008 0.013 0.023 0.603 0.038 0.245 
204    (6)   :  0.116 0.009 0.012 0.003 0.023 0.011 0.745 0.064 0.018 
205    (0)   :  0.032 0.002 0.066 0.094 0.009 0.004 0.743 0.014 0.037 
206    (0)   :  0.107 0.125 0.005 0.002 0.011 0.051 0.639 0.005 0.056 
207    (0)   :  0.095 0.001 0.005 0.001 0.012 0.006 0.584 0.006 0.289 
208    (3)   :  0.015 0.002 0.059 0.002 0.005 0.005 0.889 0.011 0.013 
209   (13)   :  0.002 0.006 0.038 0.113 0.024 0.031 0.607 0.170 0.009 
210    (2)   :  0.304 0.004 0.010 0.004 0.003 0.002 0.664 0.007 0.003 
211    (7)   :  0.027 0.001 0.113 0.006 0.006 0.004 0.821 0.016 0.005 
212    (2)   :  0.019 0.011 0.180 0.015 0.012 0.006 0.731 0.011 0.016 
213    (8)   :  0.001 0.004 0.007 0.005 0.062 0.038 0.645 0.089 0.148 
214   (17)   :  0.003 0.006 0.201 0.002 0.005 0.005 0.463 0.311 0.003 
215    (6)   :  0.002 0.003 0.018 0.146 0.537 0.009 0.006 0.268 0.010 
216    (0)   :  0.013 0.003 0.010 0.206 0.503 0.010 0.011 0.201 0.043 
217    (4)   :  0.009 0.111 0.004 0.853 0.005 0.007 0.003 0.004 0.004 
218    (2)   :  0.021 0.008 0.067 0.745 0.083 0.029 0.010 0.012 0.024 
219   (12)   :  0.002 0.003 0.130 0.149 0.010 0.038 0.623 0.032 0.014 
220   (13)   :  0.196 0.014 0.189 0.165 0.005 0.011 0.315 0.098 0.006 
221   (49)   :  0.007 0.146 0.004 0.007 0.135 0.005 0.023 0.594 0.080 
222   (12)   :  0.005 0.001 0.004 0.020 0.679 0.066 0.006 0.165 0.052 
223    (2)   :  0.002 0.016 0.005 0.003 0.755 0.015 0.005 0.036 0.162 
224    (6)   :  0.001 0.002 0.003 0.002 0.754 0.004 0.012 0.213 0.008 
225   (21)   :  0.002 0.005 0.015 0.006 0.774 0.009 0.008 0.113 0.069 
226    (2)   :  0.021 0.002 0.008 0.012 0.852 0.002 0.010 0.020 0.072 
227    (5)   :  0.003 0.002 0.099 0.003 0.747 0.002 0.003 0.133 0.008 
228   (45)   :  0.034 0.004 0.006 0.007 0.256 0.014 0.195 0.468 0.016 
229   (48)   :  0.003 0.131 0.011 0.006 0.394 0.007 0.009 0.430 0.010 
230    (0)   :  0.005 0.005 0.022 0.002 0.276 0.008 0.017 0.017 0.646 
231    (2)   :  0.002 0.005 0.031 0.055 0.671 0.093 0.008 0.004 0.131 
232    (0)   :  0.102 0.017 0.018 0.003 0.217 0.008 0.033 0.038 0.563 
233    (0)   :  0.002 0.002 0.005 0.005 0.707 0.015 0.013 0.064 0.186 
234    (3)   :  0.003 0.002 0.003 0.003 0.673 0.025 0.022 0.064 0.205 
235    (1)   :  0.040 0.136 0.006 0.004 0.690 0.006 0.005 0.098 0.014 
236   (25)   :  0.014 0.002 0.060 0.039 0.525 0.016 0.022 0.194 0.128 
237    (2)   :  0.002 0.002 0.003 0.002 0.922 0.007 0.014 0.012 0.036 
238   (21)   :  0.009 0.003 0.005 0.005 0.592 0.006 0.013 0.357 0.010 
239   (11)   :  0.211 0.007 0.006 0.012 0.686 0.013 0.004 0.036 0.025 
240    (0)   :  0.075 0.004 0.005 0.005 0.801 0.005 0.004 0.003 0.098 
241   (62)   :  0.012 0.181 0.005 0.006 0.065 0.006 0.009 0.700 0.015 
242    (8)   :  0.007 0.003 0.003 0.005 0.769 0.003 0.014 0.191 0.006 
243    (7)   :  0.001 0.004 0.002 0.002 0.728 0.003 0.004 0.034 0.223 
244    (4)   :  0.004 0.211 0.005 0.003 0.755 0.004 0.003 0.007 0.007 
245   (18)   :  0.040 0.002 0.016 0.009 0.772 0.007 0.004 0.143 0.006 
246   (38)   :  0.002 0.003 0.012 0.018 0.589 0.012 0.030 0.323 0.011 
247    (7)   :  0.110 0.104 0.088 0.004 0.514 0.007 0.049 0.098 0.025 
248   (55)   :  0.003 0.227 0.013 0.009 0.230 0.004 0.012 0.494 0.008 
249    (1)   :  0.003 0.002 0.006 0.009 0.769 0.011 0.013 0.144 0.044 
250    (0)   :  0.003 0.006 0.005 0.028 0.768 0.028 0.022 0.093 0.047 
251    (7)   :  0.005 0.004 0.002 0.003 0.715 0.005 0.009 0.214 0.042 
252    (1)   :  0.002 0.004 0.007 0.005 0.548 0.030 0.013 0.232 0.159 
253    (4)   :  0.003 0.007 0.005 0.002 0.898 0.021 0.023 0.025 0.015 
254    (8)   :  0.042 0.002 0.006 0.005 0.747 0.013 0.090 0.032 0.064 
255   (36)   :  0.002 0.007 0.005 0.012 0.294 0.077 0.004 0.570 0.030 
256    (9)   :  0.192 0.003 0.005 0.005 0.448 0.045 0.004 0.143 0.155 
257   (72)   :  0.012 0.003 0.033 0.004 0.157 0.011 0.038 0.733 0.010 
258    (1)   :  0.010 0.004 0.008 0.008 0.642 0.104 0.009 0.165 0.050 
259    (0)   :  0.001 0.002 0.002 0.058 0.529 0.011 0.002 0.151 0.243 
260    (0)   :  0.019 0.072 0.007 0.012 0.741 0.119 0.004 0.006 0.019 
261    (0)   :  0.073 0.002 0.004 0.003 0.844 0.016 0.012 0.013 0.034 
262    (1)   :  0.003 0.002 0.021 0.009 0.803 0.014 0.007 0.022 0.120 
263    (3)   :  0.169 0.002 0.002 0.002 0.727 0.014 0.005 0.073 0.006 
264   (29)   :  0.002 0.175 0.003 0.011 0.445 0.013 0.011 0.335 0.005 
265    (0)   :  0.024 0.001 0.006 0.101 0.725 0.004 0.008 0.083 0.046 
266    (0)   :  0.130 0.001 0.002 0.004 0.672 0.009 0.003 0.019 0.159 
267    (7)   :  0.006 0.002 0.018 0.005 0.801 0.004 0.018 0.042 0.104 
268   (40)   :  0.002 0.003 0.012 0.015 0.006 0.018 0.506 0.431 0.008 
269   (72)   :  0.006 0.005 0.202 0.110 0.015 0.005 0.049 0.592 0.015 
270    (2)   :  0.044 0.018 0.006 0.009 0.273 0.010 0.566 0.025 0.049 
271   (68)   :  0.007 0.003 0.037 0.007 0.010 0.003 0.126 0.663 0.143 
272   (49)   :  0.003 0.003 0.009 0.005 0.014 0.005 0.361 0.577 0.022 
273   (18)   :  0.005 0.001 0.020 0.008 0.015 0.007 0.224 0.033 0.687 
274    (7)   :  0.198 0.003 0.010 0.005 0.014 0.009 0.691 0.016 0.054 
275   (70)   :  0.008 0.165 0.007 0.106 0.006 0.005 0.177 0.511 0.015 
276    (2)   :  0.004 0.004 0.040 0.003 0.033 0.005 0.660 0.006 0.244 
277   (70)   :  0.003 0.004 0.010 0.005 0.007 0.008 0.418 0.543 0.002 
278    (4)   :  0.003 0.002 0.010 0.014 0.083 0.057 0.021 0.014 0.796 
279    (2)   :  0.002 0.004 0.007 0.004 0.235 0.004 0.006 0.189 0.549 
280    (4)   :  0.007 0.122 0.314 0.534 0.008 0.001 0.005 0.005 0.003 
281    (0)   :  0.031 0.003 0.205 0.004 0.197 0.004 0.549 0.002 0.006 
282    (2)   :  0.002 0.014 0.124 0.006 0.192 0.007 0.648 0.003 0.005 
283    (4)   :  0.170 0.075 0.027 0.013 0.007 0.014 0.682 0.004 0.009 
284   (22)   :  0.004 0.188 0.027 0.072 0.005 0.004 0.644 0.054 0.002 
285    (0)   :  0.094 0.023 0.007 0.096 0.545 0.050 0.079 0.086 0.021 
286   (72)   :  0.006 0.010 0.074 0.024 0.117 0.021 0.075 0.653 0.019 
287    (1)   :  0.117 0.176 0.003 0.005 0.584 0.010 0.003 0.084 0.019 
288    (0)   :  0.008 0.007 0.012 0.083 0.756 0.013 0.020 0.011 0.090 
289    (0)   :  0.075 0.160 0.211 0.545 0.002 0.002 0.003 0.001 0.002 
290    (0)   :  0.135 0.016 0.011 0.822 0.003 0.005 0.004 0.001 0.003 
291    (0)   :  0.003 0.005 0.003 0.005 0.313 0.010 0.446 0.004 0.211 
292    (0)   :  0.003 0.006 0.005 0.910 0.036 0.007 0.021 0.005 0.008 
293    (0)   :  0.100 0.001 0.003 0.887 0.001 0.001 0.003 0.002 0.002 
294    (0)   :  0.004 0.003 0.321 0.640 0.003 0.004 0.006 0.006 0.013 
295    (0)   :  0.002 0.001 0.005 0.003 0.244 0.009 0.558 0.008 0.171 
296    (0)   :  0.033 0.074 0.007 0.005 0.439 0.027 0.005 0.311 0.099 
297   (37)   :  0.003 0.003 0.003 0.023 0.212 0.018 0.014 0.674 0.049 
298   (50)   :  0.010 0.002 0.005 0.011 0.004 0.008 0.005 0.898 0.056 
299    (1)   :  0.067 0.002 0.009 0.004 0.320 0.006 0.004 0.492 0.096 
300    (0)   :  0.003 0.002 0.005 0.004 0.481 0.008 0.007 0.410 0.082 
301   (20)   :  0.130 0.049 0.004 0.002 0.131 0.029 0.153 0.463 0.038 
302   (54)   :  0.006 0.102 0.015 0.087 0.007 0.003 0.019 0.741 0.020 
303    (4)   :  0.003 0.001 0.034 0.013 0.014 0.009 0.007 0.578 0.341 
304   (56)   :  0.006 0.004 0.008 0.022 0.017 0.008 0.074 0.842 0.020 
305   (82)   :  0.004 0.006 0.005 0.018 0.021 0.012 0.014 0.888 0.032 
306    (1)   :  0.093 0.005 0.011 0.004 0.090 0.007 0.006 0.672 0.113 
307   (12)   :  0.003 0.002 0.008 0.003 0.016 0.026 0.041 0.673 0.227 
308   (10)   :  0.003 0.003 0.012 0.038 0.288 0.003 0.007 0.621 0.024 
309   (23)   :  0.151 0.051 0.003 0.003 0.017 0.004 0.002 0.605 0.165 
310   (10)   :  0.003 0.023 0.006 0.036 0.368 0.006 0.053 0.492 0.011 
311    (4)   :  0.094 0.001 0.012 0.010 0.061 0.004 0.004 0.508 0.306 
312    (3)   :  0.009 0.003 0.004 0.009 0.289 0.021 0.003 0.450 0.212 
313   (10)   :  0.207 0.004 0.002 0.002 0.010 0.012 0.003 0.487 0.273 
314    (3)   :  0.002 0.002 0.014 0.011 0.017 0.013 0.105 0.585 0.251 
315    (2)   :  0.002 0.002 0.007 0.880 0.005 0.003 0.007 0.085 0.009 
316   (46)   :  0.002 0.160 0.006 0.763 0.003 0.004 0.001 0.058 0.004 
317    (5)   :  0.002 0.002 0.007 0.830 0.019 0.006 0.016 0.112 0.005 
318   (44)   :  0.003 0.214 0.003 0.661 0.004 0.006 0.071 0.034 0.005 
319    (2)   :  0.117 0.002 0.002 0.862 0.002 0.003 0.004 0.007 0.003 
320    (3)   :  0.114 0.002 0.006 0.856 0.003 0.001 0.002 0.015 0.002 
321    (6)   :  0.012 0.002 0.401 0.482 0.015 0.013 0.007 0.064 0.003 
322    (0)   :  0.091 0.004 0.062 0.800 0.008 0.006 0.006 0.007 0.018 
323    (2)   :  0.110 0.002 0.008 0.859 0.004 0.003 0.004 0.006 0.005 


Estimated Allele Frequencies in each cluster
First column gives estimated ancestral frequencies


Locus 1 : 0 
2 alleles
17.0% missing data
   2   (0.911) 0.984 0.982 0.978 0.993 0.874 0.901 0.938 0.966 0.886 
   4   (0.089) 0.016 0.018 0.022 0.007 0.126 0.099 0.062 0.034 0.114 

Locus 2 : 1 
2 alleles
16.1% missing data
   3   (0.037) 0.021 0.014 0.296 0.187 0.013 0.009 0.008 0.008 0.020 
   1   (0.963) 0.979 0.986 0.704 0.813 0.987 0.991 0.992 0.992 0.980 

Locus 3 : 2 
2 alleles
12.1% missing data
   1   (0.908) 0.969 0.963 0.934 0.586 0.965 0.701 0.928 0.978 0.885 
   4   (0.092) 0.031 0.037 0.066 0.414 0.035 0.299 0.072 0.022 0.115 

Locus 4 : 3 
2 alleles
6.5% missing data
   1   (0.491) 0.517 0.544 0.460 0.228 0.565 0.243 0.778 0.493 0.382 
   2   (0.509) 0.483 0.456 0.540 0.772 0.435 0.757 0.222 0.507 0.618 

Locus 5 : 4 
2 alleles
20.4% missing data
   3   (0.478) 0.528 0.447 0.356 0.251 0.531 0.185 0.761 0.472 0.437 
   1   (0.522) 0.472 0.553 0.644 0.749 0.469 0.815 0.239 0.528 0.563 

Locus 6 : 5 
2 alleles
15.8% missing data
   2   (0.888) 0.860 0.965 0.749 0.835 0.900 0.965 0.853 0.906 0.950 
   3   (0.112) 0.140 0.035 0.251 0.165 0.100 0.035 0.147 0.094 0.050 

Locus 7 : 6 
2 alleles
11.8% missing data
   4   (0.709) 0.682 0.775 0.857 0.494 0.581 0.838 0.917 0.668 0.786 
   1   (0.291) 0.318 0.225 0.143 0.506 0.419 0.162 0.083 0.332 0.214 

Locus 8 : 7 
2 alleles
17.3% missing data
   3   (0.256) 0.438 0.167 0.138 0.265 0.206 0.300 0.182 0.435 0.260 
   2   (0.744) 0.562 0.833 0.862 0.735 0.794 0.700 0.818 0.565 0.740 

Locus 9 : 8 
2 alleles
23.8% missing data
   2   (0.882) 0.151 0.973 0.892 0.883 0.927 0.956 0.921 0.922 0.863 
   4   (0.118) 0.849 0.027 0.108 0.117 0.073 0.044 0.079 0.078 0.137 

Locus 10 : 9 
2 alleles
6.5% missing data
   1   (0.701) 0.823 0.657 0.521 0.694 0.785 0.578 0.687 0.683 0.694 
   4   (0.299) 0.177 0.343 0.479 0.306 0.215 0.422 0.313 0.317 0.306 

Locus 11 : 10 
2 alleles
1.9% missing data
   1   (0.949) 0.929 0.993 0.982 0.942 0.984 0.984 0.912 0.913 0.969 
   3   (0.051) 0.071 0.007 0.018 0.058 0.016 0.016 0.088 0.087 0.031 

Locus 12 : 11 
2 alleles
0.9% missing data
   4   (0.933) 0.991 0.972 0.994 0.995 0.876 0.982 0.994 0.971 0.832 
   1   (0.067) 0.009 0.028 0.006 0.005 0.124 0.018 0.006 0.029 0.168 

Locus 13 : 12 
2 alleles
20.1% missing data
   1   (0.952) 0.409 0.956 0.967 0.969 0.977 0.984 0.970 0.991 0.977 
   3   (0.048) 0.591 0.044 0.033 0.031 0.023 0.016 0.030 0.009 0.023 

Locus 14 : 13 
2 alleles
19.8% missing data
   1   (0.945) 0.980 0.990 0.795 0.984 0.958 0.983 0.899 0.987 0.973 
   4   (0.055) 0.020 0.010 0.205 0.016 0.042 0.017 0.101 0.013 0.027 

Locus 15 : 14 
2 alleles
23.2% missing data
   4   (0.754) 0.738 0.539 0.262 0.722 0.743 0.891 0.858 0.752 0.859 
   1   (0.246) 0.262 0.461 0.738 0.278 0.257 0.109 0.142 0.248 0.141 

Locus 16 : 15 
2 alleles
20.7% missing data
   2   (0.970) 0.295 0.996 0.990 0.994 0.988 0.954 0.995 0.985 0.988 
   4   (0.030) 0.705 0.004 0.010 0.006 0.012 0.046 0.005 0.015 0.012 

Locus 17 : 16 
2 alleles
4.3% missing data
   3   (0.648) 0.763 0.552 0.396 0.441 0.682 0.712 0.399 0.770 0.777 
   1   (0.352) 0.237 0.448 0.604 0.559 0.318 0.288 0.601 0.230 0.223 

Locus 18 : 17 
2 alleles
11.8% missing data
   2   (0.784) 0.806 0.692 0.825 0.814 0.785 0.910 0.849 0.870 0.755 
   3   (0.216) 0.194 0.308 0.175 0.186 0.215 0.090 0.151 0.130 0.245 

Locus 19 : 18 
2 alleles
12.1% missing data
   3   (0.844) 0.960 0.936 0.941 0.582 0.888 0.623 0.832 0.705 0.904 
   2   (0.156) 0.040 0.064 0.059 0.418 0.112 0.377 0.168 0.295 0.096 

Locus 20 : 19 
2 alleles
24.5% missing data
   4   (0.918) 0.985 0.957 0.986 0.978 0.933 0.919 0.985 0.965 0.744 
   1   (0.082) 0.015 0.043 0.014 0.022 0.067 0.081 0.015 0.035 0.256 

Locus 21 : 20 
2 alleles
3.4% missing data
   2   (0.531) 0.495 0.470 0.168 0.475 0.633 0.766 0.313 0.396 0.577 
   3   (0.469) 0.505 0.530 0.832 0.525 0.367 0.234 0.687 0.604 0.423 

Locus 22 : 21 
2 alleles
11.1% missing data
   2   (0.853) 0.554 0.262 0.952 0.929 0.888 0.897 0.914 0.937 0.867 
   4   (0.147) 0.446 0.738 0.048 0.071 0.112 0.103 0.086 0.063 0.133 

Locus 23 : 22 
2 alleles
24.8% missing data
   2   (0.939) 0.964 0.460 0.966 0.991 0.960 0.962 0.965 0.970 0.959 
   4   (0.061) 0.036 0.540 0.034 0.009 0.040 0.038 0.035 0.030 0.041 

Locus 24 : 23 
2 alleles
4.3% missing data
   1   (0.983) 0.998 0.161 0.998 0.998 0.994 0.992 0.998 0.998 0.995 
   3   (0.017) 0.002 0.839 0.002 0.002 0.006 0.008 0.002 0.002 0.005 

Locus 25 : 24 
2 alleles
21.7% missing data
   3   (0.850) 0.891 0.906 0.830 0.858 0.917 0.653 0.685 0.868 0.895 
   2   (0.150) 0.109 0.094 0.170 0.142 0.083 0.347 0.315 0.132 0.105 

Locus 26 : 25 
2 alleles
4.6% missing data
   3   (0.922) 0.975 0.906 0.948 0.840 0.943 0.923 0.986 0.896 0.960 
   2   (0.078) 0.025 0.094 0.052 0.160 0.057 0.077 0.014 0.104 0.040 

Locus 27 : 26 
2 alleles
5.3% missing data
   4   (0.942) 0.984 0.988 0.989 0.990 0.965 0.889 0.785 0.992 0.949 
   1   (0.058) 0.016 0.012 0.011 0.010 0.035 0.111 0.215 0.008 0.051 

Locus 28 : 27 
2 alleles
9.3% missing data
   1   (0.231) 0.207 0.409 0.175 0.405 0.202 0.135 0.163 0.096 0.254 
   3   (0.769) 0.793 0.591 0.825 0.595 0.798 0.865 0.837 0.904 0.746 

Locus 29 : 28 
2 alleles
10.8% missing data
   3   (0.670) 0.515 0.616 0.898 0.939 0.641 0.543 0.754 0.834 0.518 
   2   (0.330) 0.485 0.384 0.102 0.061 0.359 0.457 0.246 0.166 0.482 

Locus 30 : 29 
2 alleles
9.0% missing data
   4   (0.925) 0.979 0.970 0.991 0.995 0.952 0.978 0.913 0.791 0.860 
   2   (0.075) 0.021 0.030 0.009 0.005 0.048 0.022 0.087 0.209 0.140 

Locus 31 : 30 
2 alleles
14.2% missing data
   3   (0.839) 0.946 0.845 0.903 0.886 0.796 0.926 0.771 0.955 0.870 
   2   (0.161) 0.054 0.155 0.097 0.114 0.204 0.074 0.229 0.045 0.130 

Locus 32 : 31 
2 alleles
5.0% missing data
   3   (0.925) 0.960 0.869 0.787 0.986 0.936 0.977 0.986 0.974 0.902 
   2   (0.075) 0.040 0.131 0.213 0.014 0.064 0.023 0.014 0.026 0.098 

Locus 33 : 32 
2 alleles
1.5% missing data
   4   (0.877) 0.960 0.970 0.982 0.825 0.860 0.883 0.959 0.912 0.864 
   1   (0.123) 0.040 0.030 0.018 0.175 0.140 0.117 0.041 0.088 0.136 

Locus 34 : 33 
2 alleles
5.9% missing data
   3   (0.678) 0.488 0.576 0.762 0.432 0.630 0.833 0.909 0.830 0.633 
   2   (0.322) 0.512 0.424 0.238 0.568 0.370 0.167 0.091 0.170 0.367 

Locus 35 : 34 
2 alleles
14.9% missing data
   3   (0.639) 0.539 0.679 0.622 0.742 0.623 0.633 0.825 0.654 0.584 
   2   (0.361) 0.461 0.321 0.378 0.258 0.377 0.367 0.175 0.346 0.416 

Locus 36 : 35 
2 alleles
12.7% missing data
   4   (0.773) 0.846 0.826 0.805 0.652 0.807 0.769 0.808 0.851 0.762 
   1   (0.227) 0.154 0.174 0.195 0.348 0.193 0.231 0.192 0.149 0.238 

Locus 37 : 36 
2 alleles
1.2% missing data
   2   (0.734) 0.799 0.789 0.608 0.869 0.768 0.810 0.697 0.890 0.634 
   3   (0.266) 0.201 0.211 0.392 0.131 0.232 0.190 0.303 0.110 0.366 

Locus 38 : 37 
2 alleles
0.9% missing data
   2   (0.927) 0.218 0.990 0.960 0.836 0.966 0.965 0.980 0.978 0.894 
   4   (0.073) 0.782 0.010 0.040 0.164 0.034 0.035 0.020 0.022 0.106 

Locus 39 : 38 
2 alleles
12.1% missing data
   4   (0.896) 0.933 0.965 0.882 0.782 0.916 0.970 0.902 0.979 0.895 
   3   (0.104) 0.067 0.035 0.118 0.218 0.084 0.030 0.098 0.021 0.105 

Locus 40 : 39 
2 alleles
2.8% missing data
   3   (0.873) 0.957 0.945 0.897 0.861 0.913 0.964 0.704 0.966 0.818 
   2   (0.127) 0.043 0.055 0.103 0.139 0.087 0.036 0.296 0.034 0.182 

Locus 41 : 40 
2 alleles
9.3% missing data
   2   (0.723) 0.911 0.551 0.754 0.798 0.639 0.652 0.784 0.919 0.766 
   4   (0.277) 0.089 0.449 0.246 0.202 0.361 0.348 0.216 0.081 0.234 

Locus 42 : 41 
2 alleles
9.6% missing data
   4   (0.837) 0.931 0.803 0.877 0.669 0.873 0.954 0.810 0.951 0.791 
   1   (0.163) 0.069 0.197 0.123 0.331 0.127 0.046 0.190 0.049 0.209 

Locus 43 : 42 
2 alleles
11.8% missing data
   1   (0.790) 0.931 0.868 0.693 0.577 0.854 0.876 0.714 0.845 0.781 
   4   (0.210) 0.069 0.132 0.307 0.423 0.146 0.124 0.286 0.155 0.219 

Locus 44 : 43 
2 alleles
5.6% missing data
   3   (0.779) 0.941 0.896 0.549 0.791 0.742 0.715 0.768 0.893 0.851 
   4   (0.221) 0.059 0.104 0.451 0.209 0.258 0.285 0.232 0.107 0.149 

Locus 45 : 44 
2 alleles
6.8% missing data
   2   (0.476) 0.348 0.368 0.670 0.290 0.506 0.389 0.538 0.446 0.484 
   3   (0.524) 0.652 0.632 0.330 0.710 0.494 0.611 0.462 0.554 0.516 

Locus 46 : 45 
2 alleles
3.7% missing data
   1   (0.943) 0.980 0.973 0.928 0.768 0.954 0.984 0.970 0.971 0.981 
   4   (0.057) 0.020 0.027 0.072 0.232 0.046 0.016 0.030 0.029 0.019 

Locus 47 : 46 
2 alleles
16.4% missing data
   3   (0.951) 0.979 0.987 0.621 0.995 0.976 0.975 0.971 0.984 0.940 
   4   (0.049) 0.021 0.013 0.379 0.005 0.024 0.025 0.029 0.016 0.060 

Locus 48 : 47 
2 alleles
9.9% missing data
   4   (0.649) 0.767 0.787 0.431 0.777 0.644 0.431 0.506 0.656 0.756 
   1   (0.351) 0.233 0.213 0.569 0.223 0.356 0.569 0.494 0.344 0.244 

Locus 49 : 48 
2 alleles
5.9% missing data
   1   (0.781) 0.828 0.896 0.797 0.583 0.763 0.685 0.641 0.931 0.877 
   3   (0.219) 0.172 0.104 0.203 0.417 0.237 0.315 0.359 0.069 0.123 

Locus 50 : 49 
2 alleles
11.8% missing data
   3   (0.818) 0.796 0.954 0.880 0.868 0.788 0.909 0.926 0.891 0.751 
   2   (0.182) 0.204 0.046 0.120 0.132 0.212 0.091 0.074 0.109 0.249 

Locus 51 : 50 
2 alleles
11.8% missing data
   1   (0.865) 0.936 0.895 0.878 0.978 0.880 0.922 0.927 0.890 0.776 
   4   (0.135) 0.064 0.105 0.122 0.022 0.120 0.078 0.073 0.110 0.224 

Locus 52 : 51 
2 alleles
6.8% missing data
   3   (0.646) 0.810 0.506 0.743 0.789 0.636 0.492 0.557 0.797 0.660 
   2   (0.354) 0.190 0.494 0.257 0.211 0.364 0.508 0.443 0.203 0.340 

Locus 53 : 52 
2 alleles
3.7% missing data
   4   (0.919) 0.984 0.974 0.861 0.991 0.967 0.800 0.932 0.916 0.881 
   1   (0.081) 0.016 0.026 0.139 0.009 0.033 0.200 0.068 0.084 0.119 

Locus 54 : 53 
2 alleles
6.8% missing data
   3   (0.582) 0.659 0.549 0.522 0.837 0.569 0.472 0.431 0.731 0.588 
   2   (0.418) 0.341 0.451 0.478 0.163 0.431 0.528 0.569 0.269 0.412 

Locus 55 : 54 
2 alleles
9.9% missing data
   3   (0.854) 0.765 0.960 0.726 0.860 0.918 0.803 0.862 0.943 0.810 
   2   (0.146) 0.235 0.040 0.274 0.140 0.082 0.197 0.138 0.057 0.190 

Locus 56 : 55 
2 alleles
0.3% missing data
   4   (0.844) 0.711 0.858 0.800 0.605 0.862 0.755 0.893 0.952 0.917 
   2   (0.156) 0.289 0.142 0.200 0.395 0.138 0.245 0.107 0.048 0.083 

Locus 57 : 56 
2 alleles
23.5% missing data
   4   (0.589) 0.321 0.482 0.798 0.555 0.614 0.398 0.541 0.392 0.717 
   1   (0.411) 0.679 0.518 0.202 0.445 0.386 0.602 0.459 0.608 0.283 

Locus 58 : 57 
2 alleles
5.6% missing data
   2   (0.823) 0.953 0.846 0.957 0.968 0.744 0.713 0.960 0.926 0.721 
   3   (0.177) 0.047 0.154 0.043 0.032 0.256 0.287 0.040 0.074 0.279 

Locus 59 : 58 
2 alleles
9.0% missing data
   1   (0.613) 0.632 0.746 0.867 0.733 0.519 0.441 0.783 0.718 0.567 
   4   (0.387) 0.368 0.254 0.133 0.267 0.481 0.559 0.217 0.282 0.433 

Locus 60 : 59 
2 alleles
2.5% missing data
   4   (0.859) 0.911 0.857 0.981 0.978 0.837 0.811 0.909 0.846 0.862 
   2   (0.141) 0.089 0.143 0.019 0.022 0.163 0.189 0.091 0.154 0.138 

Locus 61 : 60 
2 alleles
3.4% missing data
   3   (0.449) 0.579 0.438 0.611 0.603 0.356 0.353 0.643 0.478 0.412 
   2   (0.551) 0.421 0.562 0.389 0.397 0.644 0.647 0.357 0.522 0.588 

Locus 62 : 61 
2 alleles
5.6% missing data
   4   (0.879) 0.868 0.971 0.869 0.788 0.825 0.966 0.960 0.978 0.893 
   3   (0.121) 0.132 0.029 0.131 0.212 0.175 0.034 0.040 0.022 0.107 

Locus 63 : 62 
2 alleles
5.9% missing data
   4   (0.901) 0.841 0.925 0.981 0.992 0.923 0.875 0.940 0.863 0.887 
   1   (0.099) 0.159 0.075 0.019 0.008 0.077 0.125 0.060 0.137 0.113 

Locus 64 : 63 
2 alleles
9.3% missing data
   3   (0.673) 0.649 0.784 0.873 0.605 0.666 0.420 0.708 0.860 0.656 
   2   (0.327) 0.351 0.216 0.127 0.395 0.334 0.580 0.292 0.140 0.344 

Locus 65 : 64 
2 alleles
6.5% missing data
   4   (0.799) 0.856 0.725 0.747 0.749 0.870 0.934 0.891 0.705 0.712 
   1   (0.201) 0.144 0.275 0.253 0.251 0.130 0.066 0.109 0.295 0.288 

Locus 66 : 65 
2 alleles
14.2% missing data
   4   (0.717) 0.535 0.734 0.739 0.624 0.772 0.835 0.773 0.784 0.652 
   1   (0.283) 0.465 0.266 0.261 0.376 0.228 0.165 0.227 0.216 0.348 

Locus 67 : 66 
2 alleles
14.9% missing data
   3   (0.554) 0.561 0.331 0.380 0.478 0.609 0.325 0.713 0.681 0.532 
   2   (0.446) 0.439 0.669 0.620 0.522 0.391 0.675 0.287 0.319 0.468 

Locus 68 : 67 
2 alleles
5.3% missing data
   3   (0.522) 0.557 0.541 0.480 0.694 0.446 0.735 0.432 0.595 0.555 
   2   (0.478) 0.443 0.459 0.520 0.306 0.554 0.265 0.568 0.405 0.445 

Locus 69 : 68 
2 alleles
2.8% missing data
   2   (0.542) 0.684 0.610 0.508 0.374 0.534 0.549 0.369 0.745 0.595 
   4   (0.458) 0.316 0.390 0.492 0.626 0.466 0.451 0.631 0.255 0.405 

Locus 70 : 69 
2 alleles
5.9% missing data
   2   (0.610) 0.484 0.667 0.628 0.817 0.558 0.615 0.682 0.768 0.570 
   3   (0.390) 0.516 0.333 0.372 0.183 0.442 0.385 0.318 0.232 0.430 

Locus 71 : 70 
2 alleles
7.7% missing data
   4   (0.785) 0.557 0.927 0.780 0.915 0.797 0.851 0.617 0.767 0.838 
   1   (0.215) 0.443 0.073 0.220 0.085 0.203 0.149 0.383 0.233 0.162 

Locus 72 : 71 
2 alleles
13.9% missing data
   3   (0.834) 0.917 0.575 0.835 0.963 0.880 0.952 0.749 0.918 0.738 
   2   (0.166) 0.083 0.425 0.165 0.037 0.120 0.048 0.251 0.082 0.262 

Locus 73 : 72 
2 alleles
4.0% missing data
   3   (0.919) 0.921 0.887 0.973 0.955 0.954 0.969 0.900 0.967 0.920 
   2   (0.081) 0.079 0.113 0.027 0.045 0.046 0.031 0.100 0.033 0.080 

Locus 74 : 73 
2 alleles
3.7% missing data
   3   (0.926) 0.987 0.983 0.986 0.995 0.855 0.976 0.992 0.891 0.901 
   2   (0.074) 0.013 0.017 0.014 0.005 0.145 0.024 0.008 0.109 0.099 

Locus 75 : 74 
2 alleles
5.6% missing data
   4   (0.854) 0.771 0.782 0.901 0.748 0.899 0.943 0.934 0.885 0.832 
   1   (0.146) 0.229 0.218 0.099 0.252 0.101 0.057 0.066 0.115 0.168 

Locus 76 : 75 
2 alleles
9.3% missing data
   3   (0.518) 0.795 0.489 0.761 0.520 0.441 0.625 0.706 0.511 0.433 
   2   (0.482) 0.205 0.511 0.239 0.480 0.559 0.375 0.294 0.489 0.567 

Locus 77 : 76 
2 alleles
18.6% missing data
   4   (0.687) 0.784 0.693 0.816 0.529 0.743 0.307 0.703 0.749 0.707 
   2   (0.313) 0.216 0.307 0.184 0.471 0.257 0.693 0.297 0.251 0.293 

Locus 78 : 77 
2 alleles
8.0% missing data
