

----------------------------------------------------
STRUCTURE by Pritchard, Stephens and Donnelly (2000)
     and Falush, Stephens and Pritchard (2003)
       Code by Pritchard, Falush and Hubisz
             Version 2.3.4 (Jul 2012)
----------------------------------------------------



Command line arguments:   structure -m data/structure/mainparams.txt -e data/structure/extraparams.txt -K 8 -o data/structure/structure_output_8 
Input File:    data/structure/structure_input.tab

Run parameters:
   323 individuals
   2366 loci
   8 populations assumed
   10000 Burn-in period
   25000 Reps


--------------------------------------------
Overall proportion of membership of the
sample in each of the 8 clusters

Inferred Clusters
  1      2      3      4      5      6      7      8    
0.211  0.034  0.048  0.105  0.158  0.053  0.247  0.143  

--------------------------------------------

Allele-freq. divergence among pops (Net nucleotide distance),
computed using point estimates of P.

      1       2       3       4       5       6       7       8      
 1      -    0.0161  0.0270  0.0053  0.0203  0.0200  0.0146  0.0098  
 2   0.0161     -    0.0390  0.0169  0.0315  0.0330  0.0267  0.0229  
 3   0.0270  0.0390     -    0.0284  0.0384  0.0398  0.0326  0.0310  
 4   0.0053  0.0169  0.0284     -    0.0218  0.0219  0.0155  0.0120  
 5   0.0203  0.0315  0.0384  0.0218     -    0.0335  0.0257  0.0238  
 6   0.0200  0.0330  0.0398  0.0219  0.0335     -    0.0279  0.0253  
 7   0.0146  0.0267  0.0326  0.0155  0.0257  0.0279     -    0.0188  
 8   0.0098  0.0229  0.0310  0.0120  0.0238  0.0253  0.0188     -    

Average distances (expected heterozygosity) between individuals in same cluster:
cluster  1  : 0.2907 
cluster  2  : 0.2660 
cluster  3  : 0.2575 
cluster  4  : 0.2910 
cluster  5  : 0.2624 
cluster  6  : 0.2645 
cluster  7  : 0.2734 
cluster  8  : 0.2396 

--------------------------------------------
Estimated Ln Prob of Data   = -600959.7
Mean value of ln likelihood = -596136.5
Variance of ln likelihood   = 9646.4
Mean value of alpha         = 0.1240

Mean value of Fst_1         = 0.0259
Mean value of Fst_2         = 0.1625
Mean value of Fst_3         = 0.2908
Mean value of Fst_4         = 0.0427
Mean value of Fst_5         = 0.1332
Mean value of Fst_6         = 0.1976
Mean value of Fst_7         = 0.0857
Mean value of Fst_8         = 0.1126


Inferred ancestry of individuals:
     (%Miss) :  Inferred clusters
  1    (2)   :  0.125 0.027 0.002 0.042 0.551 0.003 0.247 0.004 
  2    (2)   :  0.063 0.011 0.129 0.008 0.094 0.003 0.666 0.026 
  3    (3)   :  0.006 0.003 0.004 0.010 0.188 0.104 0.681 0.004 
  4    (0)   :  0.007 0.006 0.004 0.006 0.583 0.001 0.383 0.010 
  5    (0)   :  0.038 0.018 0.104 0.034 0.063 0.010 0.724 0.009 
  6    (0)   :  0.060 0.009 0.006 0.022 0.089 0.002 0.804 0.008 
  7    (0)   :  0.010 0.004 0.087 0.011 0.351 0.131 0.402 0.004 
  8    (0)   :  0.022 0.006 0.154 0.013 0.005 0.003 0.794 0.003 
  9    (0)   :  0.006 0.004 0.011 0.044 0.252 0.005 0.634 0.043 
 10    (8)   :  0.028 0.015 0.036 0.007 0.553 0.036 0.308 0.017 
 11    (1)   :  0.006 0.003 0.003 0.067 0.545 0.002 0.366 0.009 
 12    (0)   :  0.003 0.002 0.155 0.003 0.604 0.001 0.229 0.004 
 13    (0)   :  0.010 0.010 0.004 0.022 0.072 0.002 0.877 0.004 
 14    (0)   :  0.050 0.005 0.233 0.007 0.014 0.003 0.684 0.004 
 15    (0)   :  0.692 0.005 0.002 0.021 0.049 0.217 0.011 0.003 
 16    (0)   :  0.948 0.005 0.001 0.011 0.003 0.003 0.018 0.011 
 17    (5)   :  0.681 0.024 0.002 0.256 0.003 0.002 0.010 0.022 
 18    (1)   :  0.963 0.008 0.010 0.006 0.002 0.007 0.002 0.002 
 19    (3)   :  0.936 0.009 0.003 0.007 0.005 0.013 0.021 0.006 
 20    (4)   :  0.685 0.028 0.002 0.037 0.003 0.230 0.003 0.012 
 21    (2)   :  0.754 0.002 0.002 0.010 0.003 0.211 0.003 0.015 
 22    (1)   :  0.943 0.005 0.002 0.022 0.014 0.002 0.007 0.005 
 23    (5)   :  0.802 0.003 0.146 0.008 0.002 0.034 0.002 0.003 
 24    (8)   :  0.621 0.009 0.001 0.004 0.007 0.246 0.004 0.108 
 25    (1)   :  0.889 0.004 0.004 0.019 0.041 0.003 0.025 0.015 
 26    (1)   :  0.893 0.025 0.010 0.044 0.003 0.002 0.010 0.013 
 27    (0)   :  0.789 0.103 0.002 0.065 0.014 0.002 0.009 0.017 
 28    (0)   :  0.898 0.057 0.020 0.012 0.002 0.003 0.004 0.004 
 29    (0)   :  0.708 0.044 0.061 0.170 0.004 0.002 0.003 0.008 
 30    (1)   :  0.478 0.314 0.004 0.114 0.035 0.002 0.020 0.034 
 31    (7)   :  0.233 0.423 0.117 0.138 0.009 0.008 0.020 0.052 
 32   (15)   :  0.562 0.063 0.004 0.049 0.007 0.020 0.004 0.292 
 33    (8)   :  0.302 0.223 0.009 0.393 0.016 0.002 0.014 0.042 
 34    (0)   :  0.002 0.988 0.002 0.002 0.002 0.002 0.001 0.003 
 35    (0)   :  0.403 0.257 0.004 0.123 0.020 0.001 0.079 0.113 
 36    (4)   :  0.012 0.830 0.007 0.037 0.010 0.070 0.007 0.026 
 37    (6)   :  0.007 0.957 0.021 0.003 0.003 0.001 0.002 0.005 
 38    (2)   :  0.017 0.935 0.002 0.012 0.004 0.001 0.023 0.004 
 39    (0)   :  0.032 0.639 0.171 0.134 0.005 0.012 0.003 0.004 
 40    (5)   :  0.002 0.005 0.004 0.002 0.775 0.205 0.003 0.003 
 41    (2)   :  0.006 0.004 0.004 0.002 0.970 0.003 0.005 0.005 
 42    (0)   :  0.004 0.006 0.004 0.009 0.969 0.002 0.003 0.004 
 43    (8)   :  0.014 0.004 0.004 0.003 0.823 0.003 0.003 0.145 
 44    (1)   :  0.003 0.004 0.001 0.006 0.893 0.086 0.004 0.003 
 45   (55)   :  0.018 0.087 0.015 0.028 0.179 0.005 0.018 0.651 
 46    (2)   :  0.033 0.002 0.002 0.005 0.918 0.011 0.024 0.005 
 47    (0)   :  0.007 0.005 0.003 0.003 0.967 0.002 0.009 0.005 
 48    (1)   :  0.004 0.005 0.061 0.004 0.910 0.008 0.002 0.006 
 49   (14)   :  0.011 0.025 0.096 0.021 0.827 0.001 0.005 0.013 
 50    (1)   :  0.008 0.017 0.002 0.012 0.940 0.004 0.011 0.005 
 51    (6)   :  0.012 0.003 0.007 0.009 0.921 0.004 0.005 0.038 
 52    (1)   :  0.003 0.002 0.002 0.002 0.563 0.274 0.151 0.003 
 53    (0)   :  0.005 0.003 0.170 0.004 0.812 0.003 0.002 0.002 
 54    (7)   :  0.003 0.006 0.004 0.003 0.437 0.310 0.229 0.007 
 55    (6)   :  0.009 0.010 0.001 0.007 0.525 0.330 0.110 0.007 
 56   (13)   :  0.345 0.027 0.006 0.038 0.010 0.336 0.012 0.226 
 57    (0)   :  0.002 0.002 0.246 0.003 0.520 0.002 0.219 0.006 
 58    (0)   :  0.003 0.003 0.002 0.002 0.829 0.156 0.002 0.002 
 59    (3)   :  0.014 0.005 0.003 0.021 0.925 0.004 0.007 0.022 
 60    (4)   :  0.646 0.007 0.003 0.007 0.004 0.009 0.063 0.261 
 61    (5)   :  0.727 0.003 0.003 0.009 0.004 0.002 0.005 0.247 
 62    (8)   :  0.556 0.005 0.003 0.009 0.002 0.366 0.007 0.052 
 63    (5)   :  0.440 0.008 0.002 0.006 0.007 0.315 0.010 0.213 
 64    (0)   :  0.552 0.006 0.001 0.006 0.014 0.411 0.003 0.007 
 65    (0)   :  0.406 0.005 0.012 0.078 0.003 0.368 0.004 0.123 
 66    (5)   :  0.723 0.007 0.003 0.008 0.003 0.183 0.002 0.069 
 67    (7)   :  0.676 0.006 0.007 0.009 0.011 0.034 0.013 0.244 
 68    (3)   :  0.245 0.020 0.002 0.079 0.003 0.002 0.645 0.004 
 69    (4)   :  0.057 0.084 0.125 0.105 0.003 0.070 0.546 0.009 
 70    (1)   :  0.012 0.028 0.105 0.008 0.099 0.003 0.728 0.017 
 71   (23)   :  0.022 0.004 0.090 0.026 0.006 0.008 0.551 0.292 
 72    (0)   :  0.043 0.021 0.008 0.033 0.003 0.014 0.863 0.014 
 73    (2)   :  0.010 0.003 0.090 0.005 0.003 0.149 0.731 0.009 
 74    (0)   :  0.028 0.010 0.115 0.293 0.001 0.003 0.547 0.004 
 75    (0)   :  0.104 0.005 0.003 0.007 0.040 0.004 0.835 0.002 
 76    (0)   :  0.020 0.002 0.217 0.002 0.080 0.120 0.554 0.004 
 77    (0)   :  0.015 0.077 0.003 0.136 0.003 0.243 0.520 0.002 
 78    (1)   :  0.021 0.004 0.003 0.948 0.003 0.002 0.007 0.012 
 79    (0)   :  0.279 0.045 0.002 0.627 0.004 0.012 0.029 0.002 
 80    (1)   :  0.047 0.006 0.001 0.828 0.005 0.003 0.008 0.101 
 81    (0)   :  0.018 0.007 0.002 0.891 0.002 0.075 0.002 0.003 
 82    (3)   :  0.007 0.146 0.004 0.821 0.012 0.002 0.002 0.005 
 83    (0)   :  0.043 0.005 0.002 0.933 0.004 0.003 0.006 0.003 
 84    (0)   :  0.082 0.063 0.152 0.691 0.002 0.005 0.002 0.003 
 85    (0)   :  0.170 0.027 0.001 0.569 0.002 0.222 0.003 0.005 
 86    (3)   :  0.007 0.008 0.003 0.950 0.004 0.002 0.004 0.023 
 87    (5)   :  0.027 0.004 0.007 0.859 0.009 0.009 0.006 0.079 
 88    (6)   :  0.135 0.006 0.002 0.777 0.010 0.004 0.019 0.046 
 89    (2)   :  0.005 0.005 0.095 0.794 0.010 0.084 0.003 0.003 
 90    (3)   :  0.038 0.003 0.053 0.891 0.004 0.003 0.004 0.004 
 91    (5)   :  0.386 0.012 0.001 0.523 0.022 0.004 0.013 0.039 
 92    (0)   :  0.011 0.008 0.204 0.766 0.003 0.003 0.002 0.003 
 93    (1)   :  0.026 0.005 0.008 0.652 0.009 0.199 0.004 0.096 
 94    (2)   :  0.061 0.006 0.159 0.570 0.002 0.001 0.005 0.196 
 95    (2)   :  0.170 0.012 0.002 0.553 0.010 0.003 0.075 0.175 
 96    (0)   :  0.005 0.005 0.003 0.605 0.005 0.344 0.027 0.006 
 97    (0)   :  0.018 0.004 0.233 0.629 0.003 0.003 0.031 0.079 
 98    (2)   :  0.318 0.016 0.007 0.597 0.004 0.003 0.016 0.039 
 99    (2)   :  0.051 0.018 0.006 0.704 0.020 0.002 0.030 0.170 
100   (24)   :  0.010 0.013 0.133 0.208 0.005 0.239 0.019 0.372 
101    (3)   :  0.042 0.009 0.003 0.467 0.020 0.400 0.006 0.052 
102   (43)   :  0.011 0.021 0.005 0.007 0.140 0.002 0.592 0.222 
103    (7)   :  0.006 0.005 0.147 0.009 0.032 0.003 0.655 0.144 
104    (3)   :  0.014 0.008 0.002 0.013 0.246 0.004 0.679 0.034 
105    (7)   :  0.006 0.005 0.002 0.010 0.053 0.325 0.597 0.003 
106    (4)   :  0.002 0.005 0.195 0.004 0.627 0.019 0.145 0.003 
107    (1)   :  0.003 0.008 0.001 0.004 0.003 0.301 0.677 0.003 
108    (6)   :  0.006 0.003 0.202 0.005 0.489 0.001 0.249 0.043 
109    (8)   :  0.015 0.003 0.004 0.007 0.564 0.004 0.349 0.053 
110    (9)   :  0.015 0.028 0.006 0.044 0.047 0.002 0.774 0.083 
111   (17)   :  0.005 0.014 0.223 0.003 0.064 0.004 0.663 0.025 
112   (54)   :  0.014 0.008 0.013 0.012 0.017 0.009 0.667 0.259 
113    (2)   :  0.003 0.006 0.054 0.046 0.150 0.002 0.718 0.021 
114    (6)   :  0.004 0.002 0.002 0.012 0.054 0.002 0.912 0.012 
115    (9)   :  0.005 0.002 0.002 0.002 0.002 0.291 0.695 0.002 
116    (3)   :  0.016 0.013 0.139 0.011 0.034 0.002 0.762 0.022 
117    (1)   :  0.019 0.054 0.001 0.012 0.157 0.002 0.745 0.010 
118    (3)   :  0.016 0.025 0.018 0.007 0.255 0.002 0.627 0.050 
119   (15)   :  0.062 0.004 0.003 0.005 0.003 0.127 0.783 0.014 
120   (19)   :  0.009 0.006 0.005 0.014 0.030 0.004 0.847 0.085 
121    (0)   :  0.004 0.001 0.216 0.003 0.200 0.001 0.569 0.006 
122    (0)   :  0.012 0.018 0.006 0.013 0.444 0.003 0.503 0.002 
123    (7)   :  0.011 0.018 0.073 0.033 0.016 0.011 0.656 0.182 
124    (0)   :  0.002 0.003 0.005 0.002 0.140 0.277 0.568 0.001 
125    (0)   :  0.003 0.004 0.257 0.008 0.501 0.002 0.216 0.009 
126    (3)   :  0.004 0.011 0.181 0.010 0.096 0.003 0.660 0.034 
127    (1)   :  0.017 0.007 0.004 0.131 0.166 0.002 0.638 0.034 
128    (4)   :  0.033 0.003 0.003 0.004 0.112 0.002 0.721 0.123 
129   (16)   :  0.410 0.091 0.003 0.055 0.050 0.229 0.024 0.138 
130   (43)   :  0.346 0.024 0.005 0.123 0.012 0.006 0.005 0.479 
131   (17)   :  0.544 0.017 0.012 0.056 0.009 0.027 0.010 0.326 
132   (11)   :  0.606 0.002 0.001 0.003 0.004 0.318 0.006 0.060 
133   (14)   :  0.502 0.009 0.156 0.137 0.005 0.126 0.007 0.060 
134    (5)   :  0.741 0.015 0.002 0.006 0.050 0.004 0.004 0.179 
135    (2)   :  0.799 0.030 0.001 0.105 0.017 0.002 0.010 0.035 
136   (37)   :  0.012 0.006 0.084 0.004 0.754 0.109 0.003 0.028 
137   (25)   :  0.079 0.100 0.009 0.005 0.379 0.218 0.004 0.206 
138   (42)   :  0.148 0.021 0.004 0.023 0.239 0.006 0.031 0.528 
139   (12)   :  0.006 0.006 0.186 0.005 0.026 0.006 0.585 0.178 
140    (3)   :  0.011 0.010 0.185 0.007 0.051 0.002 0.712 0.022 
141    (3)   :  0.197 0.025 0.002 0.080 0.004 0.002 0.651 0.040 
142   (10)   :  0.011 0.027 0.137 0.176 0.003 0.017 0.568 0.061 
143    (3)   :  0.157 0.002 0.002 0.071 0.001 0.266 0.495 0.005 
144    (9)   :  0.035 0.100 0.103 0.217 0.005 0.004 0.497 0.037 
145   (15)   :  0.005 0.023 0.143 0.249 0.008 0.002 0.530 0.039 
146   (12)   :  0.015 0.052 0.001 0.188 0.004 0.001 0.478 0.260 
147   (30)   :  0.063 0.023 0.002 0.207 0.002 0.002 0.503 0.198 
148   (51)   :  0.018 0.010 0.004 0.014 0.372 0.005 0.019 0.559 
149    (0)   :  0.003 0.003 0.076 0.003 0.908 0.001 0.002 0.004 
150    (0)   :  0.016 0.011 0.001 0.004 0.953 0.004 0.003 0.008 
151    (0)   :  0.002 0.001 0.001 0.001 0.766 0.226 0.001 0.002 
152    (3)   :  0.009 0.015 0.124 0.003 0.836 0.003 0.003 0.007 
153    (0)   :  0.009 0.018 0.003 0.002 0.934 0.003 0.029 0.002 
154    (1)   :  0.002 0.001 0.088 0.002 0.900 0.001 0.002 0.004 
155    (0)   :  0.015 0.002 0.267 0.265 0.290 0.005 0.006 0.151 
156    (0)   :  0.273 0.008 0.178 0.121 0.143 0.004 0.168 0.106 
157   (31)   :  0.054 0.004 0.011 0.066 0.264 0.005 0.064 0.532 
158   (14)   :  0.128 0.089 0.203 0.005 0.120 0.006 0.025 0.424 
159   (19)   :  0.063 0.009 0.046 0.004 0.163 0.260 0.006 0.448 
160   (39)   :  0.029 0.015 0.005 0.006 0.197 0.004 0.023 0.721 
161    (1)   :  0.275 0.005 0.184 0.017 0.126 0.003 0.003 0.386 
162    (3)   :  0.517 0.023 0.002 0.015 0.147 0.005 0.004 0.288 
163    (8)   :  0.050 0.004 0.004 0.020 0.145 0.377 0.006 0.394 
164   (12)   :  0.026 0.024 0.208 0.006 0.166 0.003 0.028 0.540 
165   (10)   :  0.323 0.155 0.014 0.016 0.094 0.002 0.012 0.384 
166   (13)   :  0.008 0.055 0.014 0.138 0.160 0.003 0.005 0.615 
167   (47)   :  0.014 0.007 0.026 0.008 0.010 0.138 0.006 0.792 
168   (85)   :  0.027 0.033 0.012 0.016 0.031 0.068 0.012 0.802 
169   (10)   :  0.054 0.058 0.106 0.252 0.011 0.002 0.012 0.505 
170   (17)   :  0.350 0.010 0.003 0.003 0.025 0.003 0.117 0.488 
171    (4)   :  0.046 0.002 0.004 0.012 0.020 0.376 0.515 0.026 
172    (3)   :  0.003 0.002 0.282 0.002 0.052 0.052 0.604 0.004 
173    (9)   :  0.011 0.004 0.188 0.026 0.010 0.002 0.743 0.016 
174    (2)   :  0.162 0.008 0.003 0.003 0.019 0.002 0.795 0.007 
175    (0)   :  0.015 0.005 0.005 0.007 0.018 0.227 0.719 0.005 
176    (8)   :  0.077 0.004 0.034 0.005 0.004 0.003 0.762 0.112 
177    (0)   :  0.038 0.003 0.203 0.261 0.071 0.018 0.397 0.008 
178    (1)   :  0.007 0.002 0.158 0.006 0.080 0.023 0.653 0.071 
179    (0)   :  0.004 0.008 0.171 0.013 0.030 0.001 0.769 0.003 
180    (0)   :  0.028 0.007 0.012 0.053 0.005 0.373 0.518 0.004 
181    (2)   :  0.003 0.006 0.301 0.005 0.007 0.024 0.647 0.006 
182    (0)   :  0.013 0.015 0.134 0.005 0.508 0.004 0.317 0.003 
183    (0)   :  0.234 0.011 0.003 0.032 0.007 0.017 0.690 0.006 
184    (1)   :  0.003 0.004 0.061 0.007 0.009 0.245 0.669 0.003 
185   (20)   :  0.012 0.046 0.108 0.064 0.013 0.011 0.525 0.221 
186    (0)   :  0.010 0.034 0.002 0.009 0.046 0.006 0.863 0.030 
187    (2)   :  0.011 0.006 0.003 0.081 0.005 0.339 0.551 0.004 
188    (1)   :  0.095 0.033 0.159 0.231 0.006 0.003 0.465 0.008 
189   (12)   :  0.015 0.021 0.104 0.099 0.004 0.007 0.623 0.128 
190    (0)   :  0.252 0.075 0.001 0.026 0.035 0.002 0.602 0.008 
191    (0)   :  0.003 0.001 0.002 0.007 0.002 0.003 0.978 0.004 
192    (5)   :  0.122 0.072 0.014 0.029 0.038 0.002 0.605 0.118 
193   (11)   :  0.003 0.006 0.002 0.002 0.005 0.279 0.692 0.011 
194   (14)   :  0.017 0.162 0.009 0.038 0.012 0.004 0.730 0.028 
195    (2)   :  0.012 0.014 0.095 0.160 0.005 0.003 0.704 0.007 
196    (7)   :  0.012 0.009 0.021 0.020 0.081 0.001 0.834 0.022 
197    (3)   :  0.003 0.096 0.004 0.006 0.005 0.321 0.556 0.009 
198    (5)   :  0.004 0.002 0.182 0.005 0.002 0.002 0.798 0.006 
199    (9)   :  0.044 0.005 0.012 0.054 0.007 0.008 0.785 0.085 
200    (1)   :  0.003 0.012 0.010 0.009 0.009 0.004 0.933 0.020 
201    (9)   :  0.003 0.003 0.002 0.152 0.002 0.283 0.546 0.009 
202    (7)   :  0.006 0.010 0.046 0.015 0.004 0.003 0.807 0.110 
203    (1)   :  0.015 0.021 0.029 0.279 0.011 0.002 0.631 0.011 
204    (6)   :  0.033 0.015 0.106 0.024 0.004 0.011 0.759 0.049 
205    (0)   :  0.013 0.005 0.032 0.047 0.102 0.002 0.789 0.011 
206    (0)   :  0.015 0.052 0.103 0.053 0.001 0.125 0.642 0.009 
207    (0)   :  0.015 0.006 0.095 0.294 0.002 0.001 0.582 0.005 
208    (3)   :  0.007 0.003 0.022 0.008 0.002 0.002 0.944 0.013 
209   (13)   :  0.025 0.044 0.001 0.011 0.121 0.003 0.648 0.147 
210    (2)   :  0.003 0.001 0.287 0.004 0.003 0.003 0.691 0.008 
211    (7)   :  0.003 0.003 0.038 0.007 0.010 0.002 0.920 0.018 
212    (2)   :  0.009 0.013 0.024 0.009 0.035 0.013 0.886 0.011 
213    (8)   :  0.129 0.025 0.002 0.106 0.005 0.004 0.636 0.093 
214   (17)   :  0.005 0.009 0.002 0.004 0.007 0.007 0.617 0.349 
215    (6)   :  0.535 0.008 0.002 0.008 0.148 0.002 0.010 0.288 
216    (0)   :  0.478 0.012 0.015 0.047 0.226 0.003 0.011 0.208 
217    (4)   :  0.005 0.004 0.007 0.003 0.861 0.114 0.003 0.003 
218    (2)   :  0.158 0.011 0.015 0.006 0.782 0.005 0.013 0.010 
219   (12)   :  0.006 0.027 0.002 0.006 0.184 0.003 0.712 0.059 
220   (13)   :  0.008 0.008 0.199 0.005 0.227 0.009 0.440 0.102 
221   (49)   :  0.068 0.005 0.007 0.080 0.006 0.161 0.025 0.646 
222   (12)   :  0.654 0.045 0.004 0.090 0.023 0.002 0.003 0.180 
223    (2)   :  0.742 0.020 0.003 0.179 0.003 0.007 0.004 0.042 
224    (6)   :  0.743 0.005 0.002 0.006 0.004 0.002 0.010 0.228 
225   (21)   :  0.749 0.011 0.002 0.058 0.008 0.004 0.008 0.161 
226    (2)   :  0.874 0.003 0.016 0.055 0.008 0.002 0.020 0.021 
227    (5)   :  0.789 0.003 0.005 0.007 0.008 0.003 0.005 0.179 
228   (45)   :  0.238 0.012 0.039 0.038 0.010 0.005 0.176 0.481 
229   (48)   :  0.401 0.006 0.002 0.006 0.011 0.130 0.011 0.434 
230    (0)   :  0.352 0.013 0.010 0.579 0.003 0.003 0.029 0.011 
231    (2)   :  0.718 0.079 0.003 0.099 0.082 0.004 0.010 0.005 
232    (0)   :  0.202 0.015 0.103 0.545 0.004 0.025 0.046 0.059 
233    (0)   :  0.717 0.009 0.002 0.191 0.006 0.004 0.011 0.059 
234    (3)   :  0.688 0.022 0.003 0.181 0.003 0.002 0.008 0.093 
235    (1)   :  0.706 0.003 0.037 0.013 0.005 0.139 0.009 0.088 
236   (25)   :  0.554 0.015 0.026 0.108 0.085 0.003 0.032 0.178 
237    (2)   :  0.944 0.004 0.003 0.019 0.002 0.002 0.021 0.004 
238   (21)   :  0.552 0.004 0.007 0.039 0.005 0.002 0.016 0.375 
239   (11)   :  0.683 0.035 0.212 0.010 0.018 0.011 0.004 0.027 
240    (0)   :  0.855 0.002 0.064 0.058 0.006 0.006 0.006 0.003 
241   (62)   :  0.041 0.007 0.014 0.022 0.007 0.171 0.012 0.727 
242    (8)   :  0.773 0.003 0.006 0.013 0.004 0.003 0.005 0.193 
243    (7)   :  0.754 0.005 0.001 0.190 0.002 0.004 0.003 0.041 
244    (4)   :  0.749 0.005 0.003 0.004 0.003 0.228 0.003 0.004 
245   (18)   :  0.781 0.008 0.048 0.006 0.009 0.002 0.004 0.142 
246   (38)   :  0.582 0.016 0.002 0.014 0.016 0.003 0.026 0.342 
247    (7)   :  0.506 0.007 0.115 0.034 0.005 0.101 0.142 0.089 
248   (55)   :  0.229 0.004 0.004 0.008 0.008 0.220 0.011 0.515 
249    (1)   :  0.830 0.005 0.004 0.037 0.009 0.002 0.012 0.101 
250    (0)   :  0.780 0.022 0.002 0.044 0.033 0.007 0.020 0.092 
251    (7)   :  0.722 0.012 0.003 0.030 0.005 0.004 0.007 0.217 
252    (1)   :  0.580 0.018 0.002 0.102 0.004 0.004 0.019 0.271 
253    (4)   :  0.874 0.031 0.002 0.023 0.003 0.006 0.017 0.044 
254    (8)   :  0.780 0.015 0.039 0.032 0.003 0.001 0.060 0.070 
255   (36)   :  0.225 0.071 0.002 0.064 0.018 0.004 0.006 0.610 
256    (9)   :  0.432 0.045 0.185 0.213 0.004 0.003 0.003 0.114 
257   (72)   :  0.084 0.009 0.020 0.009 0.006 0.005 0.074 0.793 
258    (1)   :  0.654 0.103 0.014 0.034 0.008 0.006 0.010 0.172 
259    (0)   :  0.550 0.009 0.001 0.215 0.074 0.003 0.003 0.146 
260    (0)   :  0.757 0.120 0.016 0.013 0.014 0.064 0.006 0.011 
261    (0)   :  0.866 0.022 0.073 0.012 0.003 0.002 0.009 0.013 
262    (1)   :  0.873 0.013 0.006 0.066 0.011 0.003 0.011 0.018 
263    (3)   :  0.740 0.010 0.170 0.008 0.003 0.003 0.005 0.061 
264   (29)   :  0.372 0.032 0.002 0.008 0.005 0.193 0.008 0.381 
265    (0)   :  0.753 0.004 0.012 0.034 0.118 0.002 0.012 0.065 
266    (0)   :  0.666 0.007 0.110 0.197 0.005 0.002 0.004 0.010 
267    (7)   :  0.837 0.004 0.006 0.081 0.005 0.001 0.022 0.044 
268   (40)   :  0.004 0.020 0.002 0.007 0.017 0.003 0.513 0.433 
269   (72)   :  0.013 0.007 0.007 0.020 0.151 0.004 0.172 0.626 
270    (2)   :  0.266 0.014 0.038 0.078 0.008 0.015 0.561 0.019 
271   (68)   :  0.011 0.003 0.006 0.132 0.008 0.002 0.148 0.689 
272   (49)   :  0.010 0.005 0.003 0.033 0.006 0.005 0.359 0.580 
273   (18)   :  0.024 0.007 0.003 0.688 0.008 0.001 0.232 0.037 
274    (7)   :  0.012 0.012 0.186 0.063 0.002 0.003 0.703 0.018 
275   (70)   :  0.005 0.005 0.006 0.023 0.128 0.154 0.159 0.520 
276    (2)   :  0.047 0.005 0.006 0.241 0.003 0.005 0.683 0.010 
277   (70)   :  0.006 0.005 0.006 0.005 0.006 0.005 0.445 0.523 
278    (4)   :  0.060 0.051 0.003 0.832 0.020 0.005 0.014 0.015 
279    (2)   :  0.245 0.003 0.001 0.518 0.005 0.004 0.008 0.216 
280    (4)   :  0.009 0.003 0.006 0.006 0.674 0.133 0.159 0.011 
281    (0)   :  0.248 0.003 0.034 0.007 0.009 0.002 0.695 0.001 
282    (2)   :  0.222 0.007 0.002 0.008 0.007 0.004 0.745 0.005 
283    (4)   :  0.005 0.018 0.160 0.003 0.014 0.074 0.715 0.010 
284   (22)   :  0.005 0.003 0.006 0.003 0.072 0.191 0.687 0.033 
285    (0)   :  0.533 0.034 0.084 0.033 0.093 0.022 0.053 0.147 
286   (72)   :  0.107 0.024 0.005 0.014 0.029 0.007 0.150 0.663 
287    (1)   :  0.563 0.008 0.109 0.031 0.005 0.170 0.003 0.112 
288    (0)   :  0.785 0.018 0.012 0.036 0.115 0.009 0.015 0.011 
289    (0)   :  0.002 0.002 0.099 0.003 0.676 0.187 0.028 0.002 
290    (0)   :  0.004 0.004 0.129 0.003 0.844 0.012 0.003 0.001 
291    (0)   :  0.300 0.013 0.004 0.240 0.003 0.004 0.433 0.003 
292    (0)   :  0.047 0.006 0.003 0.008 0.914 0.004 0.012 0.008 
293    (0)   :  0.001 0.001 0.092 0.002 0.899 0.001 0.003 0.001 
294    (0)   :  0.008 0.009 0.008 0.022 0.755 0.003 0.183 0.011 
295    (0)   :  0.224 0.017 0.002 0.193 0.001 0.002 0.555 0.007 
296    (0)   :  0.461 0.030 0.036 0.036 0.007 0.072 0.006 0.352 
297   (37)   :  0.140 0.035 0.003 0.035 0.025 0.004 0.014 0.745 
298   (50)   :  0.005 0.010 0.012 0.027 0.012 0.002 0.005 0.927 
299    (1)   :  0.374 0.004 0.073 0.018 0.003 0.001 0.004 0.524 
300    (0)   :  0.505 0.006 0.002 0.022 0.005 0.002 0.011 0.448 
301   (20)   :  0.142 0.018 0.128 0.030 0.003 0.057 0.130 0.492 
302   (54)   :  0.007 0.003 0.007 0.010 0.098 0.092 0.021 0.763 
303    (4)   :  0.010 0.011 0.004 0.294 0.022 0.002 0.016 0.641 
304   (56)   :  0.015 0.008 0.005 0.014 0.021 0.005 0.071 0.861 
305   (82)   :  0.025 0.012 0.005 0.027 0.014 0.004 0.015 0.897 
306    (1)   :  0.086 0.007 0.093 0.062 0.006 0.005 0.009 0.730 
307   (12)   :  0.018 0.032 0.003 0.152 0.004 0.001 0.045 0.744 
308   (10)   :  0.256 0.004 0.002 0.009 0.054 0.003 0.007 0.664 
309   (23)   :  0.020 0.006 0.164 0.051 0.005 0.065 0.003 0.686 
310   (10)   :  0.363 0.005 0.003 0.011 0.051 0.019 0.032 0.516 
311    (4)   :  0.060 0.011 0.100 0.236 0.040 0.001 0.003 0.548 
312    (3)   :  0.382 0.028 0.006 0.087 0.009 0.003 0.006 0.479 
313   (10)   :  0.019 0.025 0.207 0.206 0.003 0.005 0.003 0.534 
314    (3)   :  0.048 0.016 0.002 0.174 0.010 0.002 0.122 0.627 
315    (2)   :  0.003 0.003 0.003 0.012 0.894 0.002 0.010 0.075 
316   (46)   :  0.003 0.003 0.002 0.003 0.784 0.156 0.002 0.046 
317    (5)   :  0.022 0.005 0.002 0.009 0.849 0.001 0.013 0.099 
318   (44)   :  0.008 0.007 0.003 0.005 0.669 0.227 0.039 0.042 
319    (2)   :  0.002 0.002 0.110 0.002 0.873 0.001 0.003 0.006 
320    (3)   :  0.003 0.001 0.105 0.002 0.875 0.001 0.003 0.010 
321    (6)   :  0.009 0.015 0.019 0.007 0.619 0.003 0.215 0.112 
322    (0)   :  0.008 0.008 0.091 0.021 0.850 0.003 0.011 0.009 
323    (2)   :  0.005 0.003 0.100 0.003 0.873 0.002 0.006 0.008 


Estimated Allele Frequencies in each cluster
First column gives estimated ancestral frequencies


Locus 1 : 0 
2 alleles
17.0% missing data
   2   (0.907) 0.874 0.901 0.983 0.887 0.993 0.981 0.945 0.960 
   4   (0.093) 0.126 0.099 0.017 0.113 0.007 0.019 0.055 0.040 

Locus 2 : 1 
2 alleles
16.1% missing data
   3   (0.033) 0.011 0.008 0.022 0.018 0.256 0.019 0.026 0.007 
   1   (0.967) 0.989 0.992 0.978 0.982 0.744 0.981 0.974 0.993 

Locus 3 : 2 
2 alleles
12.1% missing data
   1   (0.910) 0.964 0.708 0.968 0.875 0.612 0.964 0.940 0.976 
   4   (0.090) 0.036 0.292 0.032 0.125 0.388 0.036 0.060 0.024 

Locus 4 : 3 
2 alleles
6.5% missing data
   1   (0.493) 0.559 0.241 0.523 0.398 0.221 0.548 0.751 0.488 
   2   (0.507) 0.441 0.759 0.477 0.602 0.779 0.452 0.249 0.512 

Locus 5 : 4 
2 alleles
20.4% missing data
   3   (0.481) 0.528 0.187 0.517 0.456 0.231 0.452 0.718 0.463 
   1   (0.519) 0.472 0.813 0.483 0.544 0.769 0.548 0.282 0.537 

Locus 6 : 5 
2 alleles
15.8% missing data
   2   (0.896) 0.900 0.968 0.875 0.953 0.825 0.967 0.826 0.912 
   3   (0.104) 0.100 0.032 0.125 0.047 0.175 0.033 0.174 0.088 

Locus 7 : 6 
2 alleles
11.8% missing data
   4   (0.709) 0.595 0.838 0.678 0.787 0.515 0.780 0.924 0.661 
   1   (0.291) 0.405 0.162 0.322 0.213 0.485 0.220 0.076 0.339 

Locus 8 : 7 
2 alleles
17.3% missing data
   3   (0.258) 0.215 0.295 0.414 0.252 0.254 0.160 0.175 0.411 
   2   (0.742) 0.785 0.705 0.586 0.748 0.746 0.840 0.825 0.589 

Locus 9 : 8 
2 alleles
23.8% missing data
   2   (0.884) 0.923 0.957 0.152 0.861 0.881 0.973 0.921 0.918 
   4   (0.116) 0.077 0.043 0.848 0.139 0.119 0.027 0.079 0.082 

Locus 10 : 9 
2 alleles
6.5% missing data
   1   (0.711) 0.792 0.592 0.826 0.699 0.672 0.655 0.654 0.668 
   4   (0.289) 0.208 0.408 0.174 0.301 0.328 0.345 0.346 0.332 

Locus 11 : 10 
2 alleles
1.9% missing data
   1   (0.949) 0.983 0.984 0.945 0.967 0.948 0.993 0.922 0.916 
   3   (0.051) 0.017 0.016 0.055 0.033 0.052 0.007 0.078 0.084 

Locus 12 : 11 
2 alleles
0.9% missing data
   4   (0.928) 0.876 0.981 0.991 0.834 0.995 0.965 0.995 0.967 
   1   (0.072) 0.124 0.019 0.009 0.166 0.005 0.035 0.005 0.033 

Locus 13 : 12 
2 alleles
20.1% missing data
   1   (0.953) 0.976 0.985 0.411 0.977 0.969 0.955 0.969 0.989 
   3   (0.047) 0.024 0.015 0.589 0.023 0.031 0.045 0.031 0.011 

Locus 14 : 13 
2 alleles
19.8% missing data
   1   (0.950) 0.956 0.984 0.981 0.977 0.978 0.991 0.865 0.988 
   4   (0.050) 0.044 0.016 0.019 0.023 0.022 0.009 0.135 0.012 

Locus 15 : 14 
2 alleles
23.2% missing data
   4   (0.759) 0.755 0.895 0.628 0.859 0.656 0.545 0.756 0.747 
   1   (0.241) 0.245 0.105 0.372 0.141 0.344 0.455 0.244 0.253 

Locus 16 : 15 
2 alleles
20.7% missing data
   2   (0.971) 0.988 0.945 0.293 0.988 0.994 0.996 0.996 0.987 
   4   (0.029) 0.012 0.055 0.707 0.012 0.006 0.004 0.004 0.013 

Locus 17 : 16 
2 alleles
4.3% missing data
   3   (0.660) 0.692 0.704 0.761 0.775 0.431 0.559 0.390 0.751 
   1   (0.340) 0.308 0.296 0.239 0.225 0.569 0.441 0.610 0.249 

Locus 18 : 17 
2 alleles
11.8% missing data
   2   (0.784) 0.784 0.912 0.797 0.757 0.816 0.690 0.847 0.865 
   3   (0.216) 0.216 0.088 0.203 0.243 0.184 0.310 0.153 0.135 

Locus 19 : 18 
2 alleles
12.1% missing data
   3   (0.842) 0.890 0.626 0.960 0.895 0.616 0.931 0.862 0.716 
   2   (0.158) 0.110 0.374 0.040 0.105 0.384 0.069 0.138 0.284 

Locus 20 : 19 
2 alleles
24.5% missing data
   4   (0.917) 0.931 0.914 0.985 0.741 0.981 0.957 0.987 0.963 
   1   (0.083) 0.069 0.086 0.015 0.259 0.019 0.043 0.013 0.037 

Locus 21 : 20 
2 alleles
3.4% missing data
   2   (0.547) 0.630 0.780 0.495 0.597 0.442 0.479 0.268 0.395 
   3   (0.453) 0.370 0.220 0.505 0.403 0.558 0.521 0.732 0.605 

Locus 22 : 21 
2 alleles
11.1% missing data
   2   (0.853) 0.888 0.897 0.556 0.860 0.933 0.270 0.924 0.936 
   4   (0.147) 0.112 0.103 0.444 0.140 0.067 0.730 0.076 0.064 

Locus 23 : 22 
2 alleles
24.8% missing data
   2   (0.940) 0.960 0.961 0.962 0.961 0.992 0.471 0.964 0.968 
   4   (0.060) 0.040 0.039 0.038 0.039 0.008 0.529 0.036 0.032 

Locus 24 : 23 
2 alleles
4.3% missing data
   1   (0.983) 0.994 0.992 0.998 0.995 0.999 0.171 0.998 0.998 
   3   (0.017) 0.006 0.008 0.002 0.005 0.001 0.829 0.002 0.002 

Locus 25 : 24 
2 alleles
21.7% missing data
   3   (0.859) 0.918 0.654 0.907 0.901 0.864 0.919 0.697 0.860 
   2   (0.141) 0.082 0.346 0.093 0.099 0.136 0.081 0.303 0.140 

Locus 26 : 25 
2 alleles
4.6% missing data
   3   (0.925) 0.944 0.922 0.977 0.962 0.841 0.910 0.986 0.905 
   2   (0.075) 0.056 0.078 0.023 0.038 0.159 0.090 0.014 0.095 

Locus 27 : 26 
2 alleles
5.3% missing data
   4   (0.939) 0.962 0.887 0.983 0.943 0.989 0.987 0.822 0.990 
   1   (0.061) 0.038 0.113 0.017 0.057 0.011 0.013 0.178 0.010 

Locus 28 : 27 
2 alleles
9.3% missing data
   1   (0.229) 0.206 0.141 0.217 0.243 0.388 0.401 0.154 0.112 
   3   (0.771) 0.794 0.859 0.783 0.757 0.612 0.599 0.846 0.888 

Locus 29 : 28 
2 alleles
10.8% missing data
   3   (0.660) 0.640 0.543 0.523 0.506 0.941 0.610 0.785 0.819 
   2   (0.340) 0.360 0.457 0.477 0.494 0.059 0.390 0.215 0.181 

Locus 30 : 29 
2 alleles
9.0% missing data
   4   (0.920) 0.947 0.976 0.977 0.865 0.995 0.964 0.932 0.795 
   2   (0.080) 0.053 0.024 0.023 0.135 0.005 0.036 0.068 0.205 

Locus 31 : 30 
2 alleles
14.2% missing data
   3   (0.838) 0.802 0.924 0.950 0.862 0.894 0.835 0.789 0.949 
   2   (0.162) 0.198 0.076 0.050 0.138 0.106 0.165 0.211 0.051 

Locus 32 : 31 
2 alleles
5.0% missing data
   3   (0.920) 0.940 0.974 0.931 0.901 0.926 0.838 0.975 0.975 
   2   (0.080) 0.060 0.026 0.069 0.099 0.074 0.162 0.025 0.025 

Locus 33 : 32 
2 alleles
1.5% missing data
   4   (0.873) 0.860 0.880 0.961 0.867 0.842 0.967 0.968 0.905 
   1   (0.127) 0.140 0.120 0.039 0.133 0.158 0.033 0.032 0.095 

Locus 34 : 33 
2 alleles
5.9% missing data
   3   (0.675) 0.635 0.835 0.488 0.632 0.444 0.590 0.901 0.806 
   2   (0.325) 0.365 0.165 0.512 0.368 0.556 0.410 0.099 0.194 

Locus 35 : 34 
2 alleles
14.9% missing data
   3   (0.636) 0.630 0.639 0.547 0.575 0.725 0.665 0.794 0.643 
   2   (0.364) 0.370 0.361 0.453 0.425 0.275 0.335 0.206 0.357 

Locus 36 : 35 
2 alleles
12.7% missing data
   4   (0.777) 0.807 0.768 0.855 0.772 0.665 0.833 0.809 0.831 
   1   (0.223) 0.193 0.232 0.145 0.228 0.335 0.167 0.191 0.169 

Locus 37 : 36 
2 alleles
1.2% missing data
   2   (0.737) 0.767 0.810 0.802 0.630 0.847 0.797 0.671 0.876 
   3   (0.263) 0.233 0.190 0.198 0.370 0.153 0.203 0.329 0.124 

Locus 38 : 37 
2 alleles
0.9% missing data
   2   (0.929) 0.964 0.968 0.219 0.891 0.847 0.989 0.982 0.977 
   4   (0.071) 0.036 0.032 0.781 0.109 0.153 0.011 0.018 0.023 

Locus 39 : 38 
2 alleles
12.1% missing data
   4   (0.902) 0.919 0.972 0.940 0.889 0.787 0.967 0.899 0.978 
   3   (0.098) 0.081 0.028 0.060 0.111 0.213 0.033 0.101 0.022 

Locus 40 : 39 
2 alleles
2.8% missing data
   3   (0.875) 0.906 0.964 0.958 0.822 0.874 0.945 0.729 0.964 
   2   (0.125) 0.094 0.036 0.042 0.178 0.126 0.055 0.271 0.036 

Locus 41 : 40 
2 alleles
9.3% missing data
   2   (0.722) 0.637 0.651 0.915 0.766 0.796 0.559 0.776 0.915 
   4   (0.278) 0.363 0.349 0.085 0.234 0.204 0.441 0.224 0.085 

Locus 42 : 41 
2 alleles
9.6% missing data
   4   (0.840) 0.874 0.953 0.937 0.782 0.693 0.806 0.820 0.947 
   1   (0.160) 0.126 0.047 0.063 0.218 0.307 0.194 0.180 0.053 

Locus 43 : 42 
2 alleles
11.8% missing data
   1   (0.799) 0.859 0.878 0.934 0.772 0.587 0.870 0.705 0.845 
   4   (0.201) 0.141 0.122 0.066 0.228 0.413 0.130 0.295 0.155 

Locus 44 : 43 
2 alleles
5.6% missing data
   3   (0.784) 0.742 0.716 0.942 0.853 0.764 0.900 0.720 0.893 
   4   (0.216) 0.258 0.284 0.058 0.147 0.236 0.100 0.280 0.107 

Locus 45 : 44 
2 alleles
6.8% missing data
   2   (0.474) 0.497 0.388 0.331 0.496 0.318 0.356 0.578 0.463 
   3   (0.526) 0.503 0.612 0.669 0.504 0.682 0.644 0.422 0.537 

Locus 46 : 45 
2 alleles
3.7% missing data
   1   (0.947) 0.957 0.986 0.984 0.982 0.776 0.978 0.966 0.967 
   4   (0.053) 0.043 0.014 0.016 0.018 0.224 0.022 0.034 0.033 

Locus 47 : 46 
2 alleles
16.4% missing data
   3   (0.944) 0.968 0.976 0.931 0.949 0.971 0.989 0.897 0.975 
   4   (0.056) 0.032 0.024 0.069 0.051 0.029 0.011 0.103 0.025 

Locus 48 : 47 
2 alleles
9.9% missing data
   4   (0.656) 0.643 0.437 0.760 0.763 0.755 0.787 0.474 0.661 
   1   (0.344) 0.357 0.563 0.240 0.237 0.245 0.213 0.526 0.339 

Locus 49 : 48 
2 alleles
5.9% missing data
   1   (0.783) 0.767 0.673 0.812 0.876 0.609 0.894 0.667 0.923 
   3   (0.217) 0.233 0.327 0.188 0.124 0.391 0.106 0.333 0.077 

Locus 50 : 49 
2 alleles
11.8% missing data
   3   (0.816) 0.785 0.908 0.811 0.753 0.868 0.951 0.919 0.886 
   2   (0.184) 0.215 0.092 0.189 0.247 0.132 0.049 0.081 0.114 

Locus 51 : 50 
2 alleles
11.8% missing data
   1   (0.865) 0.883 0.924 0.929 0.779 0.973 0.884 0.915 0.887 
   4   (0.135) 0.117 0.076 0.071 0.221 0.027 0.116 0.085 0.113 

Locus 52 : 51 
2 alleles
6.8% missing data
   3   (0.644) 0.637 0.492 0.806 0.652 0.799 0.500 0.587 0.780 
   2   (0.356) 0.363 0.508 0.194 0.348 0.201 0.500 0.413 0.220 

Locus 53 : 52 
2 alleles
3.7% missing data
   4   (0.922) 0.965 0.802 0.986 0.884 0.990 0.971 0.912 0.910 
   1   (0.078) 0.035 0.198 0.014 0.116 0.010 0.029 0.088 0.090 

Locus 54 : 53 
2 alleles
6.8% missing data
   3   (0.583) 0.566 0.466 0.680 0.588 0.827 0.539 0.431 0.714 
   2   (0.417) 0.434 0.534 0.320 0.412 0.173 0.461 0.569 0.286 

Locus 55 : 54 
2 alleles
9.9% missing data
   3   (0.861) 0.918 0.811 0.802 0.809 0.839 0.959 0.830 0.935 
   2   (0.139) 0.082 0.189 0.198 0.191 0.161 0.041 0.170 0.065 

Locus 56 : 55 
2 alleles
0.3% missing data
   4   (0.850) 0.863 0.764 0.703 0.921 0.607 0.873 0.886 0.947 
   2   (0.150) 0.137 0.236 0.297 0.079 0.393 0.127 0.114 0.053 

Locus 57 : 56 
2 alleles
23.5% missing data
   4   (0.588) 0.620 0.399 0.349 0.715 0.587 0.487 0.581 0.409 
   1   (0.412) 0.380 0.601 0.651 0.285 0.413 0.513 0.419 0.591 

Locus 58 : 57 
2 alleles
5.6% missing data
   2   (0.816) 0.745 0.719 0.949 0.719 0.968 0.839 0.963 0.919 
   3   (0.184) 0.255 0.281 0.051 0.281 0.032 0.161 0.037 0.081 

Locus 59 : 58 
2 alleles
9.0% missing data
   1   (0.603) 0.519 0.442 0.646 0.570 0.750 0.746 0.804 0.703 
   4   (0.397) 0.481 0.558 0.354 0.430 0.250 0.254 0.196 0.297 

Locus 60 : 59 
2 alleles
2.5% missing data
   4   (0.852) 0.841 0.804 0.908 0.853 0.979 0.853 0.928 0.844 
   2   (0.148) 0.159 0.196 0.092 0.147 0.021 0.147 0.072 0.156 

Locus 61 : 60 
2 alleles
3.4% missing data
   3   (0.441) 0.366 0.348 0.598 0.397 0.600 0.431 0.645 0.474 
   2   (0.559) 0.634 0.652 0.402 0.603 0.400 0.569 0.355 0.526 

Locus 62 : 61 
2 alleles
5.6% missing data
   4   (0.880) 0.823 0.965 0.863 0.895 0.792 0.971 0.951 0.976 
   3   (0.120) 0.177 0.035 0.137 0.105 0.208 0.029 0.049 0.024 

Locus 63 : 62 
2 alleles
5.9% missing data
   4   (0.899) 0.923 0.877 0.844 0.881 0.992 0.928 0.949 0.866 
   1   (0.101) 0.077 0.123 0.156 0.119 0.008 0.072 0.051 0.134 

Locus 64 : 63 
2 alleles
9.3% missing data
   3   (0.671) 0.666 0.430 0.644 0.651 0.639 0.789 0.745 0.846 
   2   (0.329) 0.334 0.570 0.356 0.349 0.361 0.211 0.255 0.154 

Locus 65 : 64 
2 alleles
6.5% missing data
   4   (0.804) 0.871 0.933 0.864 0.717 0.732 0.729 0.874 0.708 
   1   (0.196) 0.129 0.067 0.136 0.283 0.268 0.271 0.126 0.292 

Locus 66 : 65 
2 alleles
14.2% missing data
   4   (0.722) 0.770 0.838 0.533 0.659 0.625 0.744 0.769 0.781 
   1   (0.278) 0.230 0.162 0.467 0.341 0.375 0.256 0.231 0.219 

Locus 67 : 66 
2 alleles
14.9% missing data
   3   (0.562) 0.611 0.341 0.555 0.541 0.448 0.330 0.668 0.662 
   2   (0.438) 0.389 0.659 0.445 0.459 0.552 0.670 0.332 0.338 

Locus 68 : 67 
2 alleles
5.3% missing data
   3   (0.520) 0.448 0.736 0.554 0.556 0.686 0.530 0.431 0.579 
   2   (0.480) 0.552 0.264 0.446 0.444 0.314 0.470 0.569 0.421 

Locus 69 : 68 
2 alleles
2.8% missing data
   2   (0.547) 0.536 0.550 0.718 0.587 0.389 0.618 0.383 0.729 
   4   (0.453) 0.464 0.450 0.282 0.413 0.611 0.382 0.617 0.271 

Locus 70 : 69 
2 alleles
5.9% missing data
   2   (0.608) 0.562 0.609 0.484 0.572 0.801 0.659 0.672 0.743 
   3   (0.392) 0.438 0.391 0.516 0.428 0.199 0.341 0.328 0.257 

Locus 71 : 70 
2 alleles
7.7% missing data
   4   (0.790) 0.798 0.850 0.564 0.840 0.918 0.928 0.635 0.758 
   1   (0.210) 0.202 0.150 0.436 0.160 0.082 0.072 0.365 0.242 

Locus 72 : 71 
2 alleles
13.9% missing data
   3   (0.836) 0.878 0.949 0.921 0.738 0.962 0.581 0.753 0.906 
   2   (0.164) 0.122 0.051 0.079 0.262 0.038 0.419 0.247 0.094 

Locus 73 : 72 
2 alleles
4.0% missing data
   3   (0.919) 0.952 0.971 0.934 0.918 0.958 0.884 0.914 0.962 
   2   (0.081) 0.048 0.029 0.066 0.082 0.042 0.116 0.086 0.038 

Locus 74 : 73 
2 alleles
3.7% missing data
   3   (0.923) 0.854 0.974 0.986 0.904 0.995 0.982 0.992 0.896 
   2   (0.077) 0.146 0.026 0.014 0.096 0.005 0.018 0.008 0.104 

Locus 75 : 74 
2 alleles
5.6% missing data
   4   (0.858) 0.899 0.948 0.789 0.826 0.754 0.786 0.936 0.883 
   1   (0.142) 0.101 0.052 0.211 0.174 0.246 0.214 0.064 0.117 

Locus 76 : 75 
2 alleles
9.3% missing data
   3   (0.507) 0.440 0.621 0.785 0.429 0.542 0.490 0.728 0.514 
   2   (0.493) 0.560 0.379 0.215 0.571 0.458 0.510 0.272 0.486 

Locus 77 : 76 
2 alleles
18.6% missing data
   4   (0.687) 0.738 0.311 0.804 0.711 0.558 0.700 0.726 0.744 
   2   (0.313) 0.262 0.689 0.196 0.289 0.442 0.300 0.274 0.256 

Locus 78 : 77 
2 alleles
8.0% missing data
   1   (0.907) 0.906 0.903 0.950 0.951 0.939 0.938 0.920 0.957 
   3   (0.093) 0.094 0.097 0.050 0.049 0.061 0.062 0.080 0.043 

Locus 79 : 78 
2 alleles
8.7% missing data
   4   (0.910) 0.924 0.913 0.914 0.926 0.991 0.977 0.835 0.916 
   1   (0.090) 0.076 0.087 0.086 0.074 0.009 0.023 0.165 0.084 

Locus 80 : 79 
2 alleles
11.1% missing data
   3   (0.690) 0.690 0.655 0.389 0.766 0.697 0.883 0.673 0.604 
   2   (0.310) 0.310 0.345 0.611 0.234 0.303 0.117 0.327 0.396 

Locus 81 : 80 
2 alleles
12.1% missing data
   3   (0.920) 0.944 0.967 0.971 0.900 0.992 0.983 0.916 0.778 
   2   (0.080) 0.056 0.033 0.029 0.100 0.008 0.017 0.084 0.222 

Locus 82 : 81 
2 alleles
16.4% missing data
   3   (0.760) 0.713 0.892 0.842 0.787 0.864 0.702 0.823 0.776 
   1   (0.240) 0.287 0.108 0.158 0.213 0.136 0.298 0.177 0.224 

Locus 83 : 82 
2 alleles
4.0% missing data
   1   (0.429) 0.415 0.222 0.194 0.504 0.591 0.612 0.401 0.309 
   4   (0.571) 0.585 0.778 0.806 0.496 0.409 0.388 0.599 0.691 

Locus 84 : 83 
2 alleles
3.1% missing data
   4   (0.945) 0.935 0.977 0.967 0.965 0.996 0.988 0.873 0.988 
   1   (0.055) 0.065 0.023 0.033 0.035 0.004 0.012 0.127 0.012 

Locus 85 : 84 
2 alleles
24.5% missing data
   3   (0.765) 0.741 0.918 0.404 0.736 0.834 0.791 0.847 0.870 
   4   (0.235) 0.259 0.082 0.596 0.264 0.166 0.209 0.153 0.130 

Locus 86 : 85 
2 alleles
2.2% missing data
   3   (0.803) 0.739 0.946 0.874 0.871 0.918 0.700 0.774 0.854 
   1   (0.197) 0.261 0.054 0.126 0.129 0.082 0.300 0.226 0.146 

Locus 87 : 86 
2 alleles
15.8% missing data
   4   (0.513) 0.526 0.274 0.336 0.466 0.506 0.724 0.627 0.566 
   1   (0.487) 0.474 0.726 0.664 0.534 0.494 0.276 0.373 0.434 

Locus 88 : 87 
2 alleles
10.5% missing data
   4   (0.753) 0.755 0.898 0.795 0.622 0.972 0.904 0.622 0.748 
   1   (0.247) 0.245 0.102 0.205 0.378 0.028 0.096 0.378 0.252 

Locus 89 : 88 
2 alleles
17.6% missing data
   1   (0.899) 0.919 0.966 0.843 0.938 0.958 0.826 0.882 0.911 
   4   (0.101) 0.081 0.034 0.157 0.062 0.042 0.174 0.118 0.089 

Locus 90 : 89 
2 alleles
18.6% missing data
   1   (0.847) 0.821 0.843 0.723 0.884 0.957 0.908 0.900 0.889 
   4   (0.153) 0.179 0.157 0.277 0.116 0.043 0.092 0.100 0.111 

Locus 91 : 90 
2 alleles
15.8% missing data
   1   (0.921) 0.931 0.942 0.987 0.966 0.791 0.926 0.929 0.958 
   4   (0.079) 0.069 0.058 0.013 0.034 0.209 0.074 0.071 0.042 

Locus 92 : 91 
2 alleles
8.4% missing data
   2   (0.643) 0.726 0.680 0.783 0.517 0.632 0.525 0.658 0.654 
   3   (0.357) 0.274 0.320 0.217 0.483 0.368 0.475 0.342 0.346 

Locus 93 : 92 
2 alleles
15.2% missing data
   1   (0.677) 0.600 0.766 0.614 0.675 0.575 0.773 0.854 0.824 
   4   (0.323) 0.400 0.234 0.386 0.325 0.425 0.227 0.146 0.176 

Locus 94 : 93 
2 alleles
9.3% missing data
   1   (0.782) 0.769 0.782 0.935 0.730 0.928 0.906 0.725 0.881 
   4   (0.218) 0.231 0.218 0.065 0.270 0.072 0.094 0.275 0.119 

Locus 95 : 94 
2 alleles
7.4% missing data
   4   (0.892) 0.898 0.816 0.969 0.918 0.933 0.718 0.952 0.970 
   1   (0.108) 0.102 0.184 0.031 0.082 0.067 0.282 0.048 0.030 

Locus 96 : 95 
2 alleles
9.3% missing data
