

----------------------------------------------------
STRUCTURE by Pritchard, Stephens and Donnelly (2000)
     and Falush, Stephens and Pritchard (2003)
       Code by Pritchard, Falush and Hubisz
             Version 2.3.4 (Jul 2012)
----------------------------------------------------



Command line arguments:   structure -m data/structure/mainparams.txt -e data/structure/extraparams.txt -K 6 -o data/structure/structure_output_6 
Input File:    data/structure/structure_input.tab

Run parameters:
   323 individuals
   2366 loci
   6 populations assumed
   10000 Burn-in period
   25000 Reps


--------------------------------------------
Overall proportion of membership of the
sample in each of the 6 clusters

Inferred Clusters
  1      2      3      4      5      6    
0.149  0.142  0.170  0.055  0.269  0.215  

--------------------------------------------

Allele-freq. divergence among pops (Net nucleotide distance),
computed using point estimates of P.

      1       2       3       4       5       6      
 1      -    0.0113  0.0220  0.0252  0.0171  0.0099  
 2   0.0113     -    0.0192  0.0212  0.0133  0.0047  
 3   0.0220  0.0192     -    0.0317  0.0229  0.0186  
 4   0.0252  0.0212  0.0317     -    0.0260  0.0200  
 5   0.0171  0.0133  0.0229  0.0260     -    0.0131  
 6   0.0099  0.0047  0.0186  0.0200  0.0131     -    

Average distances (expected heterozygosity) between individuals in same cluster:
cluster  1  : 0.2402 
cluster  2  : 0.2934 
cluster  3  : 0.2663 
cluster  4  : 0.2655 
cluster  5  : 0.2773 
cluster  6  : 0.2913 

--------------------------------------------
Estimated Ln Prob of Data   = -602730.0
Mean value of ln likelihood = -598939.6
Variance of ln likelihood   = 7580.9
Mean value of alpha         = 0.1352

Mean value of Fst_1         = 0.1107
Mean value of Fst_2         = 0.0330
Mean value of Fst_3         = 0.1184
Mean value of Fst_4         = 0.1959
Mean value of Fst_5         = 0.0722
Mean value of Fst_6         = 0.0267


Inferred ancestry of individuals:
     (%Miss) :  Inferred clusters
  1    (2)   :  0.004 0.014 0.574 0.003 0.240 0.164 
  2    (2)   :  0.033 0.028 0.122 0.012 0.748 0.057 
  3    (3)   :  0.004 0.003 0.195 0.097 0.694 0.007 
  4    (0)   :  0.018 0.005 0.594 0.002 0.377 0.005 
  5    (0)   :  0.011 0.059 0.096 0.014 0.787 0.034 
  6    (0)   :  0.010 0.012 0.079 0.003 0.845 0.051 
  7    (0)   :  0.005 0.005 0.381 0.145 0.456 0.008 
  8    (0)   :  0.003 0.053 0.010 0.005 0.902 0.027 
  9    (0)   :  0.027 0.020 0.260 0.006 0.671 0.016 
 10    (8)   :  0.021 0.012 0.594 0.010 0.333 0.031 
 11    (1)   :  0.009 0.025 0.568 0.003 0.385 0.010 
 12    (0)   :  0.006 0.004 0.677 0.001 0.306 0.007 
 13    (0)   :  0.003 0.011 0.064 0.003 0.911 0.009 
 14    (0)   :  0.004 0.054 0.059 0.016 0.827 0.040 
 15    (0)   :  0.003 0.019 0.052 0.215 0.013 0.697 
 16    (0)   :  0.009 0.008 0.008 0.004 0.021 0.949 
 17    (5)   :  0.019 0.252 0.003 0.002 0.005 0.719 
 18    (1)   :  0.004 0.006 0.002 0.005 0.002 0.981 
 19    (3)   :  0.012 0.010 0.009 0.011 0.021 0.936 
 20    (4)   :  0.022 0.021 0.004 0.227 0.004 0.722 
 21    (2)   :  0.014 0.006 0.004 0.211 0.003 0.761 
 22    (1)   :  0.007 0.024 0.014 0.002 0.006 0.947 
 23    (5)   :  0.005 0.022 0.003 0.063 0.007 0.900 
 24    (8)   :  0.142 0.006 0.007 0.244 0.002 0.599 
 25    (1)   :  0.018 0.006 0.044 0.001 0.033 0.899 
 26    (1)   :  0.017 0.110 0.005 0.002 0.008 0.858 
 27    (0)   :  0.018 0.199 0.007 0.002 0.008 0.766 
 28    (0)   :  0.006 0.040 0.003 0.003 0.006 0.942 
 29    (0)   :  0.012 0.299 0.005 0.003 0.003 0.678 
 30    (1)   :  0.044 0.504 0.022 0.002 0.012 0.415 
 31    (7)   :  0.039 0.738 0.013 0.006 0.029 0.175 
 32   (15)   :  0.294 0.140 0.008 0.014 0.009 0.535 
 33    (8)   :  0.084 0.598 0.011 0.003 0.016 0.289 
 34    (0)   :  0.004 0.981 0.005 0.002 0.003 0.006 
 35    (0)   :  0.108 0.491 0.025 0.003 0.043 0.331 
 36    (4)   :  0.008 0.929 0.005 0.048 0.005 0.005 
 37    (6)   :  0.014 0.927 0.008 0.002 0.003 0.045 
 38    (2)   :  0.009 0.949 0.010 0.002 0.013 0.017 
 39    (0)   :  0.010 0.925 0.012 0.017 0.008 0.029 
 40    (5)   :  0.003 0.002 0.791 0.199 0.003 0.002 
 41    (2)   :  0.004 0.003 0.985 0.002 0.003 0.003 
 42    (0)   :  0.005 0.006 0.982 0.002 0.002 0.003 
 43    (8)   :  0.111 0.004 0.863 0.006 0.002 0.014 
 44    (1)   :  0.003 0.004 0.916 0.069 0.003 0.004 
 45   (55)   :  0.671 0.075 0.200 0.004 0.035 0.014 
 46    (2)   :  0.003 0.005 0.950 0.012 0.010 0.019 
 47    (0)   :  0.003 0.002 0.986 0.002 0.003 0.004 
 48    (1)   :  0.010 0.005 0.969 0.009 0.003 0.004 
 49   (14)   :  0.012 0.102 0.869 0.002 0.005 0.010 
 50    (1)   :  0.005 0.009 0.970 0.003 0.005 0.007 
 51    (6)   :  0.023 0.009 0.956 0.004 0.004 0.005 
 52    (1)   :  0.004 0.003 0.584 0.282 0.124 0.003 
 53    (0)   :  0.004 0.047 0.912 0.028 0.005 0.004 
 54    (7)   :  0.008 0.005 0.449 0.316 0.218 0.004 
 55    (6)   :  0.009 0.010 0.549 0.336 0.067 0.028 
 56   (13)   :  0.245 0.068 0.004 0.344 0.014 0.324 
 57    (0)   :  0.028 0.004 0.616 0.002 0.347 0.003 
 58    (0)   :  0.003 0.003 0.841 0.147 0.003 0.003 
 59    (3)   :  0.015 0.012 0.947 0.005 0.005 0.016 
 60    (4)   :  0.283 0.019 0.006 0.009 0.042 0.640 
 61    (5)   :  0.257 0.005 0.005 0.003 0.004 0.726 
 62    (8)   :  0.052 0.011 0.002 0.358 0.005 0.572 
 63    (5)   :  0.219 0.005 0.008 0.314 0.009 0.445 
 64    (0)   :  0.013 0.004 0.009 0.407 0.003 0.564 
 65    (0)   :  0.143 0.029 0.005 0.369 0.007 0.447 
 66    (5)   :  0.040 0.005 0.009 0.178 0.003 0.766 
 67    (7)   :  0.263 0.013 0.006 0.020 0.017 0.680 
 68    (3)   :  0.005 0.209 0.002 0.003 0.662 0.120 
 69    (4)   :  0.007 0.334 0.004 0.067 0.584 0.006 
 70    (1)   :  0.016 0.008 0.143 0.003 0.820 0.010 
 71   (23)   :  0.309 0.015 0.008 0.007 0.616 0.045 
 72    (0)   :  0.010 0.024 0.003 0.022 0.899 0.041 
 73    (2)   :  0.009 0.004 0.004 0.156 0.819 0.008 
 74    (0)   :  0.003 0.354 0.002 0.004 0.625 0.012 
 75    (0)   :  0.002 0.005 0.026 0.009 0.865 0.094 
 76    (0)   :  0.004 0.005 0.134 0.144 0.694 0.019 
 77    (0)   :  0.002 0.217 0.002 0.235 0.529 0.014 
 78    (1)   :  0.018 0.862 0.007 0.002 0.009 0.102 
 79    (0)   :  0.003 0.621 0.005 0.008 0.021 0.341 
 80    (1)   :  0.097 0.760 0.007 0.005 0.008 0.122 
 81    (0)   :  0.005 0.850 0.002 0.070 0.004 0.069 
 82    (3)   :  0.007 0.963 0.014 0.003 0.003 0.012 
 83    (0)   :  0.003 0.864 0.004 0.003 0.010 0.116 
 84    (0)   :  0.004 0.913 0.003 0.023 0.004 0.053 
 85    (0)   :  0.014 0.529 0.002 0.221 0.005 0.228 
 86    (3)   :  0.022 0.955 0.004 0.002 0.003 0.013 
 87    (5)   :  0.078 0.802 0.007 0.008 0.010 0.095 
 88    (6)   :  0.022 0.671 0.024 0.004 0.012 0.266 
 89    (2)   :  0.010 0.847 0.025 0.097 0.007 0.014 
 90    (3)   :  0.009 0.856 0.006 0.002 0.020 0.107 
 91    (5)   :  0.042 0.459 0.024 0.004 0.009 0.461 
 92    (0)   :  0.006 0.958 0.005 0.007 0.004 0.020 
 93    (1)   :  0.119 0.622 0.012 0.199 0.003 0.046 
 94    (2)   :  0.219 0.565 0.010 0.003 0.025 0.179 
 95    (2)   :  0.192 0.541 0.006 0.010 0.046 0.205 
 96    (0)   :  0.010 0.584 0.004 0.354 0.021 0.026 
 97    (0)   :  0.102 0.728 0.004 0.006 0.134 0.025 
 98    (2)   :  0.060 0.623 0.003 0.004 0.012 0.297 
 99    (2)   :  0.139 0.649 0.020 0.004 0.049 0.139 
100   (24)   :  0.397 0.295 0.004 0.251 0.034 0.018 
101    (3)   :  0.049 0.486 0.023 0.409 0.008 0.025 
102   (43)   :  0.252 0.014 0.112 0.004 0.609 0.009 
103    (7)   :  0.161 0.005 0.081 0.003 0.746 0.004 
104    (3)   :  0.023 0.011 0.246 0.004 0.696 0.020 
105    (7)   :  0.004 0.009 0.045 0.331 0.607 0.004 
106    (4)   :  0.003 0.011 0.687 0.034 0.261 0.003 
107    (1)   :  0.003 0.002 0.002 0.303 0.686 0.004 
108    (6)   :  0.094 0.008 0.538 0.002 0.355 0.003 
109    (8)   :  0.036 0.006 0.581 0.005 0.357 0.015 
110    (9)   :  0.052 0.044 0.064 0.002 0.817 0.021 
111   (17)   :  0.053 0.008 0.120 0.006 0.796 0.017 
112   (54)   :  0.293 0.006 0.012 0.016 0.661 0.011 
113    (2)   :  0.029 0.021 0.166 0.002 0.773 0.009 
114    (6)   :  0.009 0.004 0.037 0.003 0.941 0.006 
115    (9)   :  0.003 0.002 0.001 0.289 0.701 0.004 
116    (3)   :  0.026 0.019 0.077 0.002 0.848 0.028 
117    (1)   :  0.012 0.010 0.160 0.003 0.778 0.037 
118    (3)   :  0.077 0.004 0.258 0.002 0.651 0.007 
119   (15)   :  0.013 0.005 0.004 0.127 0.829 0.022 
120   (19)   :  0.114 0.005 0.018 0.003 0.853 0.007 
121    (0)   :  0.007 0.004 0.270 0.002 0.712 0.005 
122    (0)   :  0.002 0.020 0.453 0.002 0.512 0.011 
123    (7)   :  0.156 0.071 0.019 0.011 0.720 0.023 
124    (0)   :  0.001 0.002 0.134 0.277 0.584 0.002 
125    (0)   :  0.014 0.015 0.590 0.003 0.371 0.007 
126    (3)   :  0.056 0.008 0.141 0.005 0.784 0.006 
127    (1)   :  0.042 0.069 0.186 0.004 0.679 0.021 
128    (4)   :  0.129 0.003 0.097 0.002 0.751 0.018 
129   (16)   :  0.166 0.162 0.054 0.226 0.020 0.372 
130   (43)   :  0.482 0.165 0.020 0.009 0.013 0.311 
131   (17)   :  0.340 0.061 0.007 0.023 0.014 0.556 
132   (11)   :  0.035 0.003 0.003 0.321 0.003 0.635 
133   (14)   :  0.081 0.275 0.009 0.131 0.026 0.477 
134    (5)   :  0.176 0.004 0.051 0.007 0.006 0.756 
135    (2)   :  0.021 0.180 0.010 0.003 0.008 0.778 
136   (37)   :  0.066 0.005 0.806 0.109 0.008 0.006 
137   (25)   :  0.234 0.012 0.399 0.215 0.009 0.131 
138   (42)   :  0.531 0.026 0.247 0.006 0.041 0.148 
139   (12)   :  0.220 0.009 0.039 0.012 0.713 0.007 
140    (3)   :  0.050 0.011 0.101 0.002 0.829 0.008 
141    (3)   :  0.037 0.113 0.003 0.002 0.667 0.178 
142   (10)   :  0.065 0.278 0.002 0.016 0.632 0.007 
143    (3)   :  0.005 0.072 0.002 0.278 0.514 0.129 
144    (9)   :  0.048 0.372 0.005 0.004 0.559 0.013 
145   (15)   :  0.027 0.349 0.013 0.003 0.604 0.004 
146   (12)   :  0.260 0.234 0.004 0.002 0.478 0.022 
147   (30)   :  0.211 0.244 0.002 0.001 0.507 0.035 
148   (51)   :  0.560 0.010 0.373 0.004 0.027 0.025 
149    (0)   :  0.006 0.004 0.982 0.001 0.004 0.004 
150    (0)   :  0.010 0.004 0.972 0.003 0.004 0.008 
151    (0)   :  0.001 0.001 0.775 0.220 0.001 0.002 
152    (3)   :  0.019 0.028 0.922 0.004 0.016 0.012 
153    (0)   :  0.002 0.004 0.960 0.003 0.025 0.006 
154    (1)   :  0.005 0.003 0.984 0.001 0.004 0.003 
155    (0)   :  0.177 0.346 0.374 0.003 0.060 0.040 
156    (0)   :  0.083 0.131 0.196 0.003 0.255 0.332 
157   (31)   :  0.548 0.026 0.274 0.005 0.022 0.125 
158   (14)   :  0.436 0.044 0.170 0.008 0.102 0.240 
159   (19)   :  0.463 0.023 0.173 0.256 0.007 0.079 
160   (39)   :  0.710 0.005 0.211 0.007 0.015 0.052 
161    (1)   :  0.395 0.050 0.195 0.002 0.027 0.331 
162    (3)   :  0.277 0.017 0.146 0.004 0.003 0.553 
163    (8)   :  0.378 0.013 0.135 0.367 0.004 0.103 
164   (12)   :  0.555 0.016 0.195 0.007 0.191 0.036 
165   (10)   :  0.383 0.223 0.106 0.002 0.014 0.272 
166   (13)   :  0.618 0.198 0.166 0.003 0.007 0.008 
167   (47)   :  0.809 0.015 0.010 0.143 0.008 0.015 
168   (85)   :  0.806 0.030 0.046 0.072 0.016 0.031 
169   (10)   :  0.507 0.394 0.027 0.002 0.040 0.030 
170   (17)   :  0.483 0.007 0.032 0.003 0.078 0.397 
171    (4)   :  0.013 0.008 0.008 0.368 0.523 0.081 
172    (3)   :  0.007 0.004 0.127 0.076 0.783 0.003 
173    (9)   :  0.046 0.044 0.020 0.002 0.871 0.017 
174    (2)   :  0.022 0.010 0.028 0.002 0.830 0.108 
175    (0)   :  0.005 0.006 0.017 0.219 0.735 0.017 
176    (8)   :  0.126 0.007 0.005 0.003 0.813 0.045 
177    (0)   :  0.006 0.265 0.116 0.015 0.501 0.096 
178    (1)   :  0.076 0.006 0.111 0.034 0.755 0.018 
179    (0)   :  0.005 0.013 0.065 0.002 0.911 0.005 
180    (0)   :  0.003 0.045 0.004 0.374 0.541 0.032 
181    (2)   :  0.010 0.032 0.020 0.060 0.862 0.016 
182    (0)   :  0.007 0.012 0.554 0.006 0.385 0.036 
183    (0)   :  0.006 0.052 0.008 0.020 0.725 0.190 
184    (1)   :  0.003 0.006 0.011 0.247 0.730 0.003 
185   (20)   :  0.228 0.125 0.010 0.021 0.576 0.039 
186    (0)   :  0.014 0.019 0.044 0.009 0.894 0.022 
187    (2)   :  0.003 0.055 0.006 0.346 0.575 0.015 
188    (1)   :  0.021 0.393 0.015 0.007 0.544 0.020 
189   (12)   :  0.120 0.148 0.005 0.004 0.708 0.015 
190    (0)   :  0.003 0.063 0.027 0.002 0.625 0.280 
191    (0)   :  0.004 0.003 0.001 0.003 0.984 0.004 
192    (5)   :  0.104 0.182 0.051 0.003 0.621 0.039 
193   (11)   :  0.008 0.003 0.005 0.277 0.704 0.004 
194   (14)   :  0.021 0.153 0.009 0.008 0.787 0.023 
195    (2)   :  0.013 0.195 0.005 0.002 0.774 0.010 
196    (7)   :  0.015 0.013 0.084 0.002 0.876 0.010 
197    (3)   :  0.018 0.040 0.006 0.334 0.598 0.004 
198    (5)   :  0.006 0.007 0.004 0.002 0.977 0.005 
199    (9)   :  0.077 0.020 0.012 0.010 0.824 0.057 
200    (1)   :  0.011 0.007 0.006 0.004 0.968 0.004 
201    (9)   :  0.009 0.128 0.002 0.286 0.568 0.008 
202    (7)   :  0.139 0.009 0.006 0.004 0.836 0.005 
203    (1)   :  0.032 0.296 0.007 0.003 0.652 0.010 
204    (6)   :  0.102 0.028 0.004 0.013 0.832 0.021 
205    (0)   :  0.011 0.023 0.100 0.002 0.857 0.008 
206    (0)   :  0.010 0.139 0.001 0.136 0.706 0.008 
207    (0)   :  0.009 0.340 0.002 0.001 0.630 0.018 
208    (3)   :  0.008 0.008 0.001 0.002 0.975 0.005 
209   (13)   :  0.124 0.029 0.130 0.007 0.679 0.032 
210    (2)   :  0.012 0.017 0.008 0.049 0.907 0.007 
211    (7)   :  0.015 0.006 0.007 0.002 0.964 0.005 
212    (2)   :  0.013 0.008 0.028 0.013 0.931 0.007 
213    (8)   :  0.077 0.148 0.005 0.004 0.655 0.111 
214   (17)   :  0.340 0.004 0.008 0.006 0.637 0.006 
215    (6)   :  0.297 0.009 0.160 0.002 0.007 0.524 
216    (0)   :  0.232 0.042 0.231 0.003 0.014 0.477 
217    (4)   :  0.005 0.004 0.884 0.100 0.003 0.004 
218    (2)   :  0.007 0.015 0.820 0.005 0.010 0.144 
219   (12)   :  0.044 0.022 0.180 0.005 0.746 0.004 
220   (13)   :  0.123 0.028 0.257 0.050 0.534 0.008 
221   (49)   :  0.641 0.023 0.009 0.149 0.027 0.151 
222   (12)   :  0.189 0.082 0.024 0.002 0.008 0.695 
223    (2)   :  0.072 0.089 0.005 0.014 0.005 0.815 
224    (6)   :  0.219 0.007 0.003 0.001 0.009 0.761 
225   (21)   :  0.174 0.032 0.007 0.004 0.011 0.772 
226    (2)   :  0.036 0.026 0.008 0.002 0.013 0.915 
227    (5)   :  0.204 0.003 0.008 0.002 0.008 0.775 
228   (45)   :  0.500 0.083 0.008 0.005 0.183 0.221 
229   (48)   :  0.445 0.006 0.007 0.127 0.013 0.401 
230    (0)   :  0.013 0.615 0.002 0.005 0.025 0.340 
231    (2)   :  0.004 0.202 0.090 0.003 0.007 0.694 
232    (0)   :  0.105 0.572 0.006 0.028 0.047 0.242 
233    (0)   :  0.112 0.156 0.008 0.005 0.008 0.710 
234    (3)   :  0.110 0.226 0.003 0.003 0.014 0.645 
235    (1)   :  0.129 0.011 0.006 0.144 0.011 0.700 
236   (25)   :  0.208 0.139 0.076 0.003 0.031 0.542 
237    (2)   :  0.010 0.021 0.003 0.002 0.014 0.950 
238   (21)   :  0.393 0.015 0.006 0.003 0.017 0.566 
239   (11)   :  0.052 0.256 0.036 0.016 0.014 0.625 
240    (0)   :  0.009 0.054 0.010 0.006 0.008 0.914 
241   (62)   :  0.763 0.013 0.007 0.169 0.011 0.037 
242    (8)   :  0.201 0.004 0.004 0.003 0.008 0.781 
243    (7)   :  0.050 0.098 0.002 0.004 0.002 0.844 
244    (4)   :  0.006 0.004 0.005 0.219 0.003 0.761 
245   (18)   :  0.196 0.004 0.010 0.002 0.006 0.781 
246   (38)   :  0.354 0.018 0.010 0.002 0.021 0.594 
247    (7)   :  0.112 0.056 0.009 0.116 0.188 0.519 
248   (55)   :  0.530 0.007 0.007 0.227 0.013 0.216 
249    (1)   :  0.165 0.019 0.008 0.002 0.007 0.799 
250    (0)   :  0.137 0.084 0.026 0.006 0.009 0.738 
251    (7)   :  0.232 0.031 0.004 0.005 0.007 0.722 
252    (1)   :  0.280 0.139 0.006 0.005 0.009 0.562 
253    (4)   :  0.036 0.031 0.002 0.004 0.020 0.905 
254    (8)   :  0.059 0.094 0.004 0.002 0.102 0.738 
255   (36)   :  0.625 0.148 0.017 0.006 0.006 0.197 
256    (9)   :  0.165 0.455 0.005 0.005 0.010 0.360 
257   (72)   :  0.817 0.009 0.007 0.005 0.101 0.060 
258    (1)   :  0.173 0.176 0.010 0.006 0.009 0.626 
259    (0)   :  0.185 0.172 0.048 0.002 0.004 0.591 
260    (0)   :  0.023 0.038 0.012 0.071 0.008 0.848 
261    (0)   :  0.013 0.104 0.005 0.003 0.017 0.859 
262    (1)   :  0.040 0.068 0.008 0.002 0.018 0.864 
263    (3)   :  0.081 0.140 0.004 0.015 0.011 0.748 
264   (29)   :  0.364 0.014 0.008 0.184 0.005 0.425 
265    (0)   :  0.137 0.022 0.108 0.002 0.014 0.717 
266    (0)   :  0.019 0.311 0.006 0.002 0.006 0.656 
267    (7)   :  0.068 0.025 0.013 0.003 0.025 0.866 
268   (40)   :  0.444 0.006 0.015 0.004 0.528 0.004 
269   (72)   :  0.642 0.009 0.164 0.004 0.163 0.018 
270    (2)   :  0.026 0.171 0.005 0.024 0.607 0.167 
271   (68)   :  0.747 0.035 0.010 0.002 0.195 0.011 
272   (49)   :  0.584 0.013 0.005 0.004 0.373 0.021 
273   (18)   :  0.071 0.650 0.007 0.002 0.253 0.018 
274    (7)   :  0.007 0.208 0.005 0.007 0.766 0.008 
275   (70)   :  0.509 0.019 0.163 0.164 0.139 0.005 
276    (2)   :  0.007 0.210 0.003 0.003 0.724 0.052 
277   (70)   :  0.536 0.005 0.005 0.005 0.441 0.008 
278    (4)   :  0.017 0.839 0.017 0.004 0.018 0.106 
279    (2)   :  0.228 0.400 0.005 0.008 0.007 0.352 
280    (4)   :  0.007 0.003 0.707 0.128 0.150 0.006 
281    (0)   :  0.003 0.004 0.014 0.002 0.743 0.233 
282    (2)   :  0.006 0.006 0.010 0.007 0.773 0.198 
283    (4)   :  0.005 0.013 0.020 0.123 0.829 0.009 
284   (22)   :  0.043 0.004 0.050 0.187 0.712 0.005 
285    (0)   :  0.152 0.052 0.138 0.015 0.096 0.547 
286   (72)   :  0.657 0.023 0.027 0.007 0.110 0.176 
287    (1)   :  0.160 0.032 0.010 0.171 0.010 0.617 
288    (0)   :  0.019 0.053 0.111 0.007 0.023 0.787 
289    (0)   :  0.002 0.003 0.721 0.196 0.074 0.002 
290    (0)   :  0.003 0.008 0.934 0.033 0.011 0.011 
291    (0)   :  0.003 0.258 0.007 0.004 0.446 0.282 
292    (0)   :  0.005 0.006 0.951 0.004 0.006 0.027 
293    (0)   :  0.002 0.003 0.988 0.001 0.004 0.002 
294    (0)   :  0.018 0.021 0.780 0.004 0.169 0.009 
295    (0)   :  0.008 0.227 0.002 0.002 0.564 0.196 
296    (0)   :  0.362 0.128 0.005 0.070 0.009 0.425 
297   (37)   :  0.759 0.076 0.021 0.005 0.020 0.119 
298   (50)   :  0.948 0.021 0.018 0.002 0.006 0.005 
299    (1)   :  0.546 0.053 0.005 0.002 0.003 0.391 
300    (0)   :  0.449 0.050 0.005 0.002 0.005 0.489 
301   (20)   :  0.501 0.168 0.003 0.097 0.141 0.090 
302   (54)   :  0.787 0.009 0.083 0.102 0.010 0.010 
303    (4)   :  0.652 0.308 0.022 0.002 0.008 0.007 
304   (56)   :  0.877 0.013 0.020 0.004 0.075 0.011 
305   (82)   :  0.938 0.016 0.012 0.004 0.010 0.020 
306    (1)   :  0.737 0.168 0.007 0.005 0.018 0.065 
307   (12)   :  0.735 0.185 0.003 0.002 0.039 0.035 
308   (10)   :  0.678 0.005 0.045 0.003 0.007 0.261 
309   (23)   :  0.708 0.190 0.008 0.069 0.004 0.021 
310   (10)   :  0.512 0.012 0.066 0.030 0.022 0.359 
311    (4)   :  0.587 0.308 0.034 0.002 0.005 0.064 
312    (3)   :  0.500 0.146 0.007 0.003 0.003 0.340 
313   (10)   :  0.524 0.441 0.004 0.017 0.007 0.008 
314    (3)   :  0.632 0.246 0.009 0.003 0.077 0.033 
315    (2)   :  0.036 0.009 0.940 0.003 0.007 0.006 
316   (46)   :  0.031 0.004 0.809 0.152 0.002 0.003 
317    (5)   :  0.084 0.008 0.880 0.002 0.006 0.018 
318   (44)   :  0.041 0.006 0.682 0.216 0.052 0.004 
319    (2)   :  0.010 0.004 0.973 0.002 0.008 0.003 
320    (3)   :  0.013 0.003 0.976 0.001 0.004 0.004 
321    (6)   :  0.109 0.006 0.656 0.004 0.216 0.009 
322    (0)   :  0.011 0.024 0.921 0.004 0.027 0.013 
323    (2)   :  0.016 0.006 0.962 0.002 0.005 0.008 


Estimated Allele Frequencies in each cluster
First column gives estimated ancestral frequencies


Locus 1 : 0 
2 alleles
17.0% missing data
   2   (0.913) 0.963 0.897 0.993 0.982 0.947 0.875 
   4   (0.087) 0.037 0.103 0.007 0.018 0.053 0.125 

Locus 2 : 1 
2 alleles
16.1% missing data
   3   (0.034) 0.009 0.015 0.242 0.020 0.023 0.013 
   1   (0.966) 0.991 0.985 0.758 0.980 0.977 0.987 

Locus 3 : 2 
2 alleles
12.1% missing data
   1   (0.913) 0.979 0.841 0.636 0.964 0.943 0.966 
   4   (0.087) 0.021 0.159 0.364 0.036 0.057 0.034 

Locus 4 : 3 
2 alleles
6.5% missing data
   1   (0.495) 0.491 0.373 0.234 0.532 0.735 0.558 
   2   (0.505) 0.509 0.627 0.766 0.468 0.265 0.442 

Locus 5 : 4 
2 alleles
20.4% missing data
   3   (0.482) 0.467 0.392 0.246 0.453 0.706 0.528 
   1   (0.518) 0.533 0.608 0.754 0.547 0.294 0.472 

Locus 6 : 5 
2 alleles
15.8% missing data
   2   (0.895) 0.903 0.952 0.829 0.966 0.832 0.902 
   3   (0.105) 0.097 0.048 0.171 0.034 0.168 0.098 

Locus 7 : 6 
2 alleles
11.8% missing data
   4   (0.714) 0.657 0.803 0.525 0.772 0.910 0.590 
   1   (0.286) 0.343 0.197 0.475 0.228 0.090 0.410 

Locus 8 : 7 
2 alleles
17.3% missing data
   3   (0.257) 0.411 0.285 0.265 0.153 0.192 0.209 
   2   (0.743) 0.589 0.715 0.735 0.847 0.808 0.791 

Locus 9 : 8 
2 alleles
23.8% missing data
   2   (0.862) 0.847 0.849 0.822 0.971 0.820 0.915 
   4   (0.138) 0.153 0.151 0.178 0.029 0.180 0.085 

Locus 10 : 9 
2 alleles
6.5% missing data
   1   (0.710) 0.687 0.684 0.678 0.667 0.667 0.788 
   4   (0.290) 0.313 0.316 0.322 0.333 0.333 0.212 

Locus 11 : 10 
2 alleles
1.9% missing data
   1   (0.952) 0.920 0.971 0.949 0.993 0.920 0.985 
   3   (0.048) 0.080 0.029 0.051 0.007 0.080 0.015 

Locus 12 : 11 
2 alleles
0.9% missing data
   4   (0.927) 0.971 0.872 0.995 0.964 0.994 0.875 
   1   (0.073) 0.029 0.128 0.005 0.036 0.006 0.125 

Locus 13 : 12 
2 alleles
20.1% missing data
   1   (0.938) 0.985 0.961 0.933 0.946 0.901 0.964 
   3   (0.062) 0.015 0.039 0.067 0.054 0.099 0.036 

Locus 14 : 13 
2 alleles
19.8% missing data
   1   (0.950) 0.988 0.978 0.977 0.991 0.875 0.957 
   4   (0.050) 0.012 0.022 0.023 0.009 0.125 0.043 

Locus 15 : 14 
2 alleles
23.2% missing data
   4   (0.762) 0.739 0.863 0.648 0.559 0.748 0.754 
   1   (0.238) 0.261 0.137 0.352 0.441 0.252 0.246 

Locus 16 : 15 
2 alleles
20.7% missing data
   2   (0.933) 0.966 0.927 0.922 0.988 0.939 0.968 
   4   (0.067) 0.034 0.073 0.078 0.012 0.061 0.032 

Locus 17 : 16 
2 alleles
4.3% missing data
   3   (0.659) 0.764 0.770 0.449 0.551 0.416 0.689 
   1   (0.341) 0.236 0.230 0.551 0.449 0.584 0.311 

Locus 18 : 17 
2 alleles
11.8% missing data
   2   (0.786) 0.855 0.800 0.816 0.676 0.843 0.786 
   3   (0.214) 0.145 0.200 0.184 0.324 0.157 0.214 

Locus 19 : 18 
2 alleles
12.1% missing data
   3   (0.832) 0.727 0.850 0.637 0.920 0.866 0.883 
   2   (0.168) 0.273 0.150 0.363 0.080 0.134 0.117 

Locus 20 : 19 
2 alleles
24.5% missing data
   4   (0.919) 0.963 0.778 0.981 0.958 0.988 0.936 
   1   (0.081) 0.037 0.222 0.019 0.042 0.012 0.064 

Locus 21 : 20 
2 alleles
3.4% missing data
   2   (0.543) 0.399 0.626 0.447 0.472 0.291 0.633 
   3   (0.457) 0.601 0.374 0.553 0.528 0.709 0.367 

Locus 22 : 21 
2 alleles
11.1% missing data
   2   (0.848) 0.922 0.861 0.914 0.271 0.888 0.881 
   4   (0.152) 0.078 0.139 0.086 0.729 0.112 0.119 

Locus 23 : 22 
2 alleles
24.8% missing data
   2   (0.941) 0.969 0.957 0.992 0.479 0.965 0.961 
   4   (0.059) 0.031 0.043 0.008 0.521 0.035 0.039 

Locus 24 : 23 
2 alleles
4.3% missing data
   1   (0.983) 0.998 0.993 0.998 0.179 0.998 0.994 
   3   (0.017) 0.002 0.007 0.002 0.821 0.002 0.006 

Locus 25 : 24 
2 alleles
21.7% missing data
   3   (0.851) 0.876 0.842 0.863 0.905 0.715 0.916 
   2   (0.149) 0.124 0.158 0.137 0.095 0.285 0.084 

Locus 26 : 25 
2 alleles
4.6% missing data
   3   (0.927) 0.916 0.953 0.850 0.905 0.986 0.943 
   2   (0.073) 0.084 0.047 0.150 0.095 0.014 0.057 

Locus 27 : 26 
2 alleles
5.3% missing data
   4   (0.937) 0.989 0.929 0.987 0.985 0.839 0.962 
   1   (0.063) 0.011 0.071 0.013 0.015 0.161 0.038 

Locus 28 : 27 
2 alleles
9.3% missing data
   1   (0.228) 0.108 0.237 0.379 0.413 0.155 0.199 
   3   (0.772) 0.892 0.763 0.621 0.587 0.845 0.801 

Locus 29 : 28 
2 alleles
10.8% missing data
   3   (0.657) 0.798 0.514 0.920 0.622 0.759 0.635 
   2   (0.343) 0.202 0.486 0.080 0.378 0.241 0.365 

Locus 30 : 29 
2 alleles
9.0% missing data
   4   (0.918) 0.804 0.889 0.994 0.961 0.936 0.950 
   2   (0.082) 0.196 0.111 0.006 0.039 0.064 0.050 

Locus 31 : 30 
2 alleles
14.2% missing data
   3   (0.839) 0.951 0.886 0.898 0.835 0.803 0.798 
   2   (0.161) 0.049 0.114 0.102 0.165 0.197 0.202 

Locus 32 : 31 
2 alleles
5.0% missing data
   3   (0.921) 0.978 0.912 0.923 0.831 0.975 0.944 
   2   (0.079) 0.022 0.088 0.077 0.169 0.025 0.056 

Locus 33 : 32 
2 alleles
1.5% missing data
   4   (0.877) 0.914 0.873 0.851 0.966 0.966 0.859 
   1   (0.123) 0.086 0.127 0.149 0.034 0.034 0.141 

Locus 34 : 33 
2 alleles
5.9% missing data
   3   (0.678) 0.791 0.689 0.438 0.592 0.873 0.628 
   2   (0.322) 0.209 0.311 0.562 0.408 0.127 0.372 

Locus 35 : 34 
2 alleles
14.9% missing data
   3   (0.639) 0.639 0.593 0.715 0.653 0.780 0.623 
   2   (0.361) 0.361 0.407 0.285 0.347 0.220 0.377 

Locus 36 : 35 
2 alleles
12.7% missing data
   4   (0.779) 0.840 0.772 0.675 0.844 0.814 0.806 
   1   (0.221) 0.160 0.228 0.325 0.156 0.186 0.194 

Locus 37 : 36 
2 alleles
1.2% missing data
   2   (0.739) 0.875 0.680 0.844 0.793 0.680 0.767 
   3   (0.261) 0.125 0.320 0.156 0.207 0.320 0.233 

Locus 38 : 37 
2 alleles
0.9% missing data
   2   (0.900) 0.965 0.841 0.793 0.984 0.916 0.948 
   4   (0.100) 0.035 0.159 0.207 0.016 0.084 0.052 

Locus 39 : 38 
2 alleles
12.1% missing data
   4   (0.901) 0.979 0.913 0.797 0.963 0.903 0.915 
   3   (0.099) 0.021 0.087 0.203 0.037 0.097 0.085 

Locus 40 : 39 
2 alleles
2.8% missing data
   3   (0.867) 0.959 0.863 0.878 0.934 0.751 0.901 
   2   (0.133) 0.041 0.137 0.122 0.066 0.249 0.099 

Locus 41 : 40 
2 alleles
9.3% missing data
   2   (0.724) 0.913 0.747 0.803 0.560 0.788 0.642 
   4   (0.276) 0.087 0.253 0.197 0.440 0.212 0.358 

Locus 42 : 41 
2 alleles
9.6% missing data
   4   (0.834) 0.942 0.837 0.707 0.797 0.830 0.870 
   1   (0.166) 0.058 0.163 0.293 0.203 0.170 0.130 

Locus 43 : 42 
2 alleles
11.8% missing data
   1   (0.798) 0.841 0.814 0.606 0.866 0.727 0.858 
   4   (0.202) 0.159 0.186 0.394 0.134 0.273 0.142 

Locus 44 : 43 
2 alleles
5.6% missing data
   3   (0.782) 0.896 0.827 0.772 0.896 0.740 0.744 
   4   (0.218) 0.104 0.173 0.228 0.104 0.260 0.256 

Locus 45 : 44 
2 alleles
6.8% missing data
   2   (0.472) 0.470 0.466 0.318 0.351 0.554 0.493 
   3   (0.528) 0.530 0.534 0.682 0.649 0.446 0.507 

Locus 46 : 45 
2 alleles
3.7% missing data
   1   (0.946) 0.964 0.982 0.792 0.979 0.968 0.958 
   4   (0.054) 0.036 0.018 0.208 0.021 0.032 0.042 

Locus 47 : 46 
2 alleles
16.4% missing data
   3   (0.945) 0.977 0.950 0.971 0.989 0.898 0.970 
   4   (0.055) 0.023 0.050 0.029 0.011 0.102 0.030 

Locus 48 : 47 
2 alleles
9.9% missing data
   4   (0.654) 0.662 0.705 0.754 0.786 0.496 0.644 
   1   (0.346) 0.338 0.295 0.246 0.214 0.504 0.356 

Locus 49 : 48 
2 alleles
5.9% missing data
   1   (0.781) 0.925 0.831 0.619 0.891 0.678 0.766 
   3   (0.219) 0.075 0.169 0.381 0.109 0.322 0.234 

Locus 50 : 49 
2 alleles
11.8% missing data
   3   (0.815) 0.884 0.779 0.867 0.950 0.912 0.781 
   2   (0.185) 0.116 0.221 0.133 0.050 0.088 0.219 

Locus 51 : 50 
2 alleles
11.8% missing data
   1   (0.863) 0.896 0.816 0.973 0.896 0.914 0.872 
   4   (0.137) 0.104 0.184 0.027 0.104 0.086 0.128 

Locus 52 : 51 
2 alleles
6.8% missing data
   3   (0.642) 0.791 0.618 0.797 0.500 0.606 0.637 
   2   (0.358) 0.209 0.382 0.203 0.500 0.394 0.363 

Locus 53 : 52 
2 alleles
3.7% missing data
   4   (0.925) 0.902 0.881 0.989 0.970 0.917 0.966 
   1   (0.075) 0.098 0.119 0.011 0.030 0.083 0.034 

Locus 54 : 53 
2 alleles
6.8% missing data
   3   (0.581) 0.716 0.559 0.821 0.524 0.450 0.570 
   2   (0.419) 0.284 0.441 0.179 0.476 0.550 0.430 

Locus 55 : 54 
2 alleles
9.9% missing data
   3   (0.862) 0.930 0.813 0.832 0.959 0.829 0.915 
   2   (0.138) 0.070 0.187 0.168 0.041 0.171 0.085 

Locus 56 : 55 
2 alleles
0.3% missing data
   4   (0.848) 0.946 0.879 0.608 0.880 0.871 0.859 
   2   (0.152) 0.054 0.121 0.392 0.120 0.129 0.141 

Locus 57 : 56 
2 alleles
23.5% missing data
   4   (0.583) 0.392 0.652 0.568 0.516 0.559 0.605 
   1   (0.417) 0.608 0.348 0.432 0.484 0.441 0.395 

Locus 58 : 57 
2 alleles
5.6% missing data
   2   (0.822) 0.921 0.739 0.967 0.836 0.960 0.743 
   3   (0.178) 0.079 0.261 0.033 0.164 0.040 0.257 

Locus 59 : 58 
2 alleles
9.0% missing data
   1   (0.606) 0.704 0.542 0.742 0.744 0.789 0.523 
   4   (0.394) 0.296 0.458 0.258 0.256 0.211 0.477 

Locus 60 : 59 
2 alleles
2.5% missing data
   4   (0.856) 0.852 0.844 0.978 0.856 0.925 0.839 
   2   (0.144) 0.148 0.156 0.022 0.144 0.075 0.161 

Locus 61 : 60 
2 alleles
3.4% missing data
   3   (0.444) 0.485 0.399 0.598 0.448 0.636 0.364 
   2   (0.556) 0.515 0.601 0.402 0.552 0.364 0.636 

Locus 62 : 61 
2 alleles
5.6% missing data
   4   (0.881) 0.975 0.908 0.796 0.971 0.942 0.825 
   3   (0.119) 0.025 0.092 0.204 0.029 0.058 0.175 

Locus 63 : 62 
2 alleles
5.9% missing data
   4   (0.904) 0.859 0.878 0.992 0.933 0.939 0.924 
   1   (0.096) 0.141 0.122 0.008 0.067 0.061 0.076 

Locus 64 : 63 
2 alleles
9.3% missing data
   3   (0.670) 0.847 0.598 0.635 0.779 0.739 0.666 
   2   (0.330) 0.153 0.402 0.365 0.221 0.261 0.334 

Locus 65 : 64 
2 alleles
6.5% missing data
   4   (0.801) 0.719 0.779 0.741 0.716 0.871 0.866 
   1   (0.199) 0.281 0.221 0.259 0.284 0.129 0.134 

Locus 66 : 65 
2 alleles
14.2% missing data
   4   (0.717) 0.774 0.676 0.620 0.739 0.755 0.767 
   1   (0.283) 0.226 0.324 0.380 0.261 0.245 0.233 

Locus 67 : 66 
2 alleles
14.9% missing data
   3   (0.560) 0.671 0.498 0.451 0.333 0.658 0.606 
   2   (0.440) 0.329 0.502 0.549 0.667 0.342 0.394 

Locus 68 : 67 
2 alleles
5.3% missing data
   3   (0.525) 0.571 0.603 0.679 0.545 0.438 0.452 
   2   (0.475) 0.429 0.397 0.321 0.455 0.562 0.548 

Locus 69 : 68 
2 alleles
2.8% missing data
   2   (0.545) 0.732 0.590 0.411 0.601 0.408 0.536 
   4   (0.455) 0.268 0.410 0.589 0.399 0.592 0.464 

Locus 70 : 69 
2 alleles
5.9% missing data
   2   (0.610) 0.744 0.575 0.781 0.673 0.653 0.555 
   3   (0.390) 0.256 0.425 0.219 0.327 0.347 0.445 

Locus 71 : 70 
2 alleles
7.7% missing data
   4   (0.785) 0.744 0.817 0.897 0.929 0.632 0.799 
   1   (0.215) 0.256 0.183 0.103 0.071 0.368 0.201 

Locus 72 : 71 
2 alleles
13.9% missing data
   3   (0.830) 0.905 0.799 0.961 0.572 0.769 0.871 
   2   (0.170) 0.095 0.201 0.039 0.428 0.231 0.129 

Locus 73 : 72 
2 alleles
4.0% missing data
   3   (0.920) 0.962 0.929 0.956 0.887 0.914 0.954 
   2   (0.080) 0.038 0.071 0.044 0.113 0.086 0.046 

Locus 74 : 73 
2 alleles
3.7% missing data
   3   (0.924) 0.897 0.921 0.994 0.982 0.991 0.857 
   2   (0.076) 0.103 0.079 0.006 0.018 0.009 0.143 

Locus 75 : 74 
2 alleles
5.6% missing data
   4   (0.856) 0.872 0.849 0.756 0.784 0.926 0.901 
   1   (0.144) 0.128 0.151 0.244 0.216 0.074 0.099 

Locus 76 : 75 
2 alleles
9.3% missing data
   3   (0.516) 0.531 0.493 0.556 0.482 0.733 0.447 
   2   (0.484) 0.469 0.507 0.444 0.518 0.267 0.553 

Locus 77 : 76 
2 alleles
18.6% missing data
   4   (0.682) 0.753 0.626 0.569 0.703 0.737 0.735 
   2   (0.318) 0.247 0.374 0.431 0.297 0.263 0.265 

Locus 78 : 77 
2 alleles
8.0% missing data
   1   (0.909) 0.957 0.942 0.940 0.942 0.922 0.906 
   3   (0.091) 0.043 0.058 0.060 0.058 0.078 0.094 

Locus 79 : 78 
2 alleles
8.7% missing data
   4   (0.914) 0.914 0.922 0.991 0.978 0.839 0.927 
   1   (0.086) 0.086 0.078 0.009 0.022 0.161 0.073 

Locus 80 : 79 
2 alleles
11.1% missing data
   3   (0.687) 0.583 0.716 0.680 0.886 0.649 0.692 
   2   (0.313) 0.417 0.284 0.320 0.114 0.351 0.308 

Locus 81 : 80 
2 alleles
12.1% missing data
   3   (0.921) 0.784 0.916 0.992 0.982 0.921 0.945 
   2   (0.079) 0.216 0.084 0.008 0.018 0.079 0.055 

Locus 82 : 81 
2 alleles
16.4% missing data
   3   (0.762) 0.780 0.804 0.864 0.698 0.826 0.719 
   1   (0.238) 0.220 0.196 0.136 0.302 0.174 0.281 

Locus 83 : 82 
2 alleles
4.0% missing data
   1   (0.427) 0.295 0.421 0.568 0.624 0.381 0.416 
   4   (0.573) 0.705 0.579 0.432 0.376 0.619 0.584 

Locus 84 : 83 
2 alleles
3.1% missing data
   4   (0.945) 0.988 0.967 0.995 0.988 0.881 0.934 
   1   (0.055) 0.012 0.033 0.005 0.012 0.119 0.066 

Locus 85 : 84 
2 alleles
24.5% missing data
   3   (0.756) 0.854 0.745 0.806 0.808 0.809 0.736 
   4   (0.244) 0.146 0.255 0.194 0.192 0.191 0.264 

Locus 86 : 85 
2 alleles
2.2% missing data
   3   (0.811) 0.852 0.897 0.919 0.691 0.779 0.743 
   1   (0.189) 0.148 0.103 0.081 0.309 0.221 0.257 

Locus 87 : 86 
2 alleles
15.8% missing data
   4   (0.511) 0.555 0.409 0.495 0.728 0.601 0.527 
   1   (0.489) 0.445 0.591 0.505 0.272 0.399 0.473 

Locus 88 : 87 
2 alleles
10.5% missing data
   4   (0.749) 0.764 0.680 0.966 0.898 0.635 0.752 
   1   (0.251) 0.236 0.320 0.034 0.102 0.365 0.248 

Locus 89 : 88 
2 alleles
17.6% missing data
   1   (0.901) 0.911 0.946 0.951 0.833 0.878 0.915 
   4   (0.099) 0.089 0.054 0.049 0.167 0.122 0.085 

Locus 90 : 89 
2 alleles
18.6% missing data
   1   (0.849) 0.887 0.876 0.942 0.906 0.883 0.814 
   4   (0.151) 0.113 0.124 0.058 0.094 0.117 0.186 

Locus 91 : 90 
2 alleles
15.8% missing data
   1   (0.918) 0.959 0.956 0.806 0.928 0.935 0.932 
   4   (0.082) 0.041 0.044 0.194 0.072 0.065 0.068 

Locus 92 : 91 
2 alleles
8.4% missing data
   2   (0.644) 0.665 0.565 0.640 0.507 0.671 0.725 
   3   (0.356) 0.335 0.435 0.360 0.493 0.329 0.275 

Locus 93 : 92 
2 alleles
15.2% missing data
   1   (0.683) 0.829 0.694 0.575 0.787 0.836 0.593 
   4   (0.317) 0.171 0.306 0.425 0.213 0.164 0.407 

Locus 94 : 93 
2 alleles
9.3% missing data
   1   (0.784) 0.885 0.753 0.927 0.907 0.739 0.772 
   4   (0.216) 0.115 0.247 0.073 0.093 0.261 0.228 

Locus 95 : 94 
2 alleles
7.4% missing data
   4   (0.893) 0.971 0.893 0.934 0.722 0.954 0.901 
   1   (0.107) 0.029 0.107 0.066 0.278 0.046 0.099 

Locus 96 : 95 
2 alleles
9.3% missing data
   3   (0.296) 0.254 0.203 0.473 0.242 0.426 0.293 
   2   (0.704) 0.746 0.797 0.527 0.758 0.574 0.707 

Locus 97 : 96 
2 alleles
14.2% missing data
   3   (0.770) 0.791 0.759 0.640 0.764 0.907 0.774 
   2   (0.230) 0.209 0.241 0.360 0.236 0.093 0.226 

Locus 98 : 97 
2 alleles
13.6% missing data
   3   (0.767) 0.928 0.760 0.727 0.706 0.844 0.741 
   2   (0.233) 0.072 0.240 0.273 0.294 0.156 0.259 

Locus 99 : 98 
2 alleles
9.0% missing data
   4   (0.937) 0.974 0.922 0.995 0.961 0.902 0.958 
   1   (0.063) 0.026 0.078 0.005 0.039 0.098 0.042 

Locus 100 : 99 
2 alleles
16.4% missing data
   2   (0.928) 0.971 0.928 0.984 0.984 0.987 0.876 
   3   (0.072) 0.029 0.072 0.016 0.016 0.013 0.124 

Locus 101 : 100 
2 alleles
19.8% missing data
   1   (0.864) 0.886 0.878 0.881 0.959 0.864 0.874 
   4   (0.136) 0.114 0.122 0.119 0.041 0.136 0.126 

Locus 102 : 101 
2 alleles
14.9% missing data
   1   (0.870) 0.945 0.895 0.906 0.791 0.871 0.881 
   4   (0.130) 0.055 0.105 0.094 0.209 0.129 0.119 

Locus 103 : 102 
2 alleles
18.9% missing data
   3   (0.774) 0.905 0.806 0.734 0.879 0.664 0.768 
   2   (0.226) 0.095 0.194 0.266 0.121 0.336 0.232 

Locus 104 : 103 
2 alleles
17.6% missing data
   3   (0.133) 0.046 0.171 0.122 0.033 0.128 0.109 
   2   (0.867) 0.954 0.829 0.878 0.967 0.872 0.891 

Locus 105 : 104 
2 alleles
1.2% missing data
   1   (0.410) 0.418 0.306 0.601 0.527 0.437 0.419 
   4   (0.590) 0.582 0.694 0.399 0.473 0.563 0.581 

Locus 106 : 105 
2 alleles
8.4% missing data
   4   (0.927) 0.941 0.943 0.942 0.899 0.846 0.974 
   1   (0.073) 0.059 0.057 0.058 0.101 0.154 0.026 

Locus 107 : 106 
2 alleles
4.3% missing data
   4   (0.753) 0.887 0.737 0.442 0.868 0.932 0.690 
   1   (0.247) 0.113 0.263 0.558 0.132 0.068 0.310 

Locus 108 : 107 
2 alleles
1.9% missing data
   3   (0.665) 0.633 0.648 0.777 0.866 0.596 0.679 
   2   (0.335) 0.367 0.352 0.223 0.134 0.404 0.321 

Locus 109 : 108 
2 alleles
0.6% missing data
   3   (0.920) 0.983 0.886 0.877 0.976 0.775 0.972 
   2   (0.080) 0.017 0.114 0.123 0.024 0.225 0.028 

Locus 110 : 109 
2 alleles
4.0% missing data
   3   (0.896) 0.975 0.929 0.849 0.883 0.790 0.925 
   1   (0.104) 0.025 0.071 0.151 0.117 0.210 0.075 

Locus 111 : 110 
2 alleles
5.9% missing data
   2   (0.892) 0.976 0.919 0.945 0.400 0.937 0.890 
   4   (0.108) 0.024 0.081 0.055 0.600 0.063 0.110 

Locus 112 : 111 
2 alleles
3.1% missing data
   1   (0.953) 0.993 0.919 0.994 0.350 0.986 0.980 
   3   (0.047) 0.007 0.081 0.006 0.650 0.014 0.020 

Locus 113 : 112 
2 alleles
7.1% missing data
   1   (0.915) 0.983 0.958 0.931 0.975 0.882 0.882 
   3   (0.085) 0.017 0.042 0.069 0.025 0.118 0.118 

Locus 114 : 113 
2 alleles
13.3% missing data
   1   (0.841) 0.887 0.887 0.834 0.885 0.762 0.856 
   4   (0.159) 0.113 0.113 0.166 0.115 0.238 0.144 

Locus 115 : 114 
2 alleles
6.5% missing data
   2   (0.929) 0.975 0.936 0.898 0.912 0.992 0.924 
   3   (0.071) 0.025 0.064 0.102 0.088 0.008 0.076 

Locus 116 : 115 
2 alleles
21.4% missing data
   4   (0.724) 0.875 0.649 0.837 0.822 0.715 0.729 
   1   (0.276) 0.125 0.351 0.163 0.178 0.285 0.271 

Locus 117 : 116 
2 alleles
3.4% missing data
   4   (0.926) 0.896 0.944 0.993 0.922 0.909 0.945 
   1   (0.074) 0.104 0.056 0.007 0.078 0.091 0.055 

Locus 118 : 117 
2 alleles
6.5% missing data
   1   (0.760) 0.839 0.769 0.706 0.693 0.815 0.775 
   4   (0.240) 0.161 0.231 0.294 0.307 0.185 0.225 

Locus 119 : 118 
2 alleles
20.7% missing data
   3   (0.841) 0.948 0.788 0.800 0.953 0.878 0.859 
   2   (0.159) 0.052 0.212 0.200 0.047 0.122 0.141 

Locus 120 : 119 
2 alleles
23.2% missing data
   4   (0.941) 0.973 0.946 0.951 0.983 0.920 0.972 
   1   (0.059) 0.027 0.054 0.049 0.017 0.080 0.028 

Locus 121 : 120 
2 alleles
8.7% missing data
   4   (0.766) 0.872 0.812 0.676 0.739 0.702 0.779 
   1   (0.234) 0.128 0.188 0.324 0.261 0.298 0.221 

Locus 122 : 121 
2 alleles
5.9% missing data
   4   (0.841) 0.956 0.883 0.935 0.838 0.863 0.764 
   1   (0.159) 0.044 0.117 0.065 0.162 0.137 0.236 

Locus 123 : 122 
2 alleles
22.9% missing data
   4   (0.919) 0.896 0.951 0.938 0.818 0.958 0.943 
   1   (0.081) 0.104 0.049 0.062 0.182 0.042 0.057 

Locus 124 : 123 
2 alleles
2.8% missing data
   4   (0.942) 0.983 0.968 0.912 0.944 0.822 0.976 
   3   (0.058) 0.017 0.032 0.088 0.056 0.178 0.024 

Locus 125 : 124 
2 alleles
14.6% missing data
   4   (0.794) 0.858 0.815 0.616 0.853 0.686 0.851 
   1   (0.206) 0.142 0.185 0.384 0.147 0.314 0.149 

Locus 126 : 125 
2 alleles
5.0% missing data
   4   (0.018) 0.003 0.005 0.266 0.003 0.007 0.004 
   2   (0.982) 0.997 0.995 0.734 0.997 0.993 0.996 

Locus 127 : 126 
2 alleles
6.8% missing data
   2   (0.935) 0.990 0.945 0.988 0.950 0.902 0.940 
   3   (0.065) 0.010 0.055 0.012 0.050 0.098 0.060 

Locus 128 : 127 
2 alleles
11.1% missing data
   1   (0.859) 0.937 0.882 0.988 0.963 0.754 0.784 
   2   (0.141) 0.063 0.118 0.012 0.037 0.246 0.216 

Locus 129 : 128 
2 alleles
8.7% missing data
   3   (0.831) 0.766 0.882 0.787 0.919 0.891 0.816 
   2   (0.169) 0.234 0.118 0.213 0.081 0.109 0.184 

Locus 130 : 129 
2 alleles
23.2% missing data
   2   (0.842) 0.942 0.805 0.880 0.951 0.809 0.861 
   3   (0.158) 0.058 0.195 0.120 0.049 0.191 0.139 

Locus 131 : 130 
2 alleles
23.5% missing data
   3   (0.795) 0.888 0.792 0.896 0.835 0.795 0.782 
   2   (0.205) 0.112 0.208 0.104 0.165 0.205 0.218 

Locus 132 : 131 
2 alleles
12.4% missing data
   4   (0.861) 0.767 0.856 0.945 0.976 0.959 0.822 
   1   (0.139) 0.233 0.144 0.055 0.024 0.041 0.178 

Locus 133 : 132 
2 alleles
10.2% missing data
   4   (0.805) 0.808 0.851 0.831 0.884 0.818 0.792 
   1   (0.195) 0.192 0.149 0.169 0.116 0.182 0.208 

Locus 134 : 133 
2 alleles
18.0% missing data
   2   (0.957) 0.992 0.979 0.996 0.213 0.989 0.955 
   4   (0.043) 0.008 0.021 0.004 0.787 0.011 0.045 

Locus 135 : 134 
2 alleles
9.6% missing data
   3   (0.570) 0.687 0.468 0.833 0.602 0.761 0.487 
   4   (0.430) 0.313 0.532 0.167 0.398 0.239 0.513 

Locus 136 : 135 
2 alleles
3.1% missing data
   4   (0.737) 0.828 0.653 0.849 0.799 0.758 0.768 
   1   (0.263) 0.172 0.347 0.151 0.201 0.242 0.232 

Locus 137 : 136 
2 alleles
21.7% missing data
   3   (0.859) 0.911 0.922 0.870 0.936 0.742 0.845 
   2   (0.141) 0.089 0.078 0.130 0.064 0.258 0.155 

Locus 138 : 137 
2 alleles
12.7% missing data
   2   (0.956) 0.991 0.943 0.996 0.327 0.967 0.985 
   4   (0.044) 0.009 0.057 0.004 0.673 0.033 0.015 

Locus 139 : 138 
2 alleles
11.5% missing data
   4   (0.874) 0.934 0.846 0.910 0.850 0.922 0.908 
   1   (0.126) 0.066 0.154 0.090 0.150 0.078 0.092 

Locus 140 : 139 
2 alleles
