

----------------------------------------------------
STRUCTURE by Pritchard, Stephens and Donnelly (2000)
     and Falush, Stephens and Pritchard (2003)
       Code by Pritchard, Falush and Hubisz
             Version 2.3.4 (Jul 2012)
----------------------------------------------------



Command line arguments:   structure -m data/structure/mainparams.txt -e data/structure/extraparams.txt -K 7 -o data/structure/structure_output_7 
Input File:    data/structure/structure_input.tab

Run parameters:
   323 individuals
   2366 loci
   7 populations assumed
   10000 Burn-in period
   25000 Reps


--------------------------------------------
Overall proportion of membership of the
sample in each of the 7 clusters

Inferred Clusters
  1      2      3      4      5      6      7    
0.056  0.050  0.147  0.211  0.141  0.318  0.077  

--------------------------------------------

Allele-freq. divergence among pops (Net nucleotide distance),
computed using point estimates of P.

      1       2       3       4       5       6       7      
 1      -    0.0387  0.0266  0.0275  0.0328  0.0205  0.0320  
 2   0.0387     -    0.0320  0.0319  0.0375  0.0271  0.0350  
 3   0.0266  0.0320     -    0.0208  0.0257  0.0126  0.0255  
 4   0.0275  0.0319  0.0208     -    0.0277  0.0152  0.0204  
 5   0.0328  0.0375  0.0257  0.0277     -    0.0214  0.0268  
 6   0.0205  0.0271  0.0126  0.0152  0.0214     -    0.0204  
 7   0.0320  0.0350  0.0255  0.0204  0.0268  0.0204     -    

Average distances (expected heterozygosity) between individuals in same cluster:
cluster  1  : 0.2672 
cluster  2  : 0.2595 
cluster  3  : 0.2307 
cluster  4  : 0.2736 
cluster  5  : 0.2618 
cluster  6  : 0.2935 
cluster  7  : 0.2601 

--------------------------------------------
Estimated Ln Prob of Data   = -601956.7
Mean value of ln likelihood = -597572.2
Variance of ln likelihood   = 8769.0
Mean value of alpha         = 0.1492

Mean value of Fst_1         = 0.1909
Mean value of Fst_2         = 0.2767
Mean value of Fst_3         = 0.1415
Mean value of Fst_4         = 0.0862
Mean value of Fst_5         = 0.1336
Mean value of Fst_6         = 0.0327
Mean value of Fst_7         = 0.1668


Inferred ancestry of individuals:
     (%Miss) :  Inferred clusters
  1    (2)   :  0.004 0.003 0.004 0.008 0.400 0.142 0.440 
  2    (2)   :  0.005 0.123 0.023 0.503 0.040 0.028 0.278 
  3    (3)   :  0.106 0.003 0.004 0.430 0.085 0.005 0.367 
  4    (0)   :  0.001 0.003 0.023 0.077 0.413 0.005 0.477 
  5    (0)   :  0.009 0.102 0.010 0.576 0.032 0.034 0.237 
  6    (0)   :  0.002 0.003 0.013 0.550 0.006 0.032 0.393 
  7    (0)   :  0.141 0.075 0.004 0.113 0.214 0.005 0.450 
  8    (0)   :  0.003 0.142 0.002 0.652 0.004 0.011 0.185 
  9    (0)   :  0.005 0.006 0.012 0.370 0.120 0.016 0.471 
 10    (8)   :  0.043 0.013 0.011 0.015 0.437 0.023 0.458 
 11    (1)   :  0.004 0.004 0.011 0.060 0.396 0.029 0.496 
 12    (0)   :  0.001 0.114 0.003 0.003 0.424 0.003 0.451 
 13    (0)   :  0.003 0.004 0.004 0.719 0.032 0.009 0.229 
 14    (0)   :  0.003 0.222 0.004 0.504 0.003 0.014 0.250 
 15    (0)   :  0.235 0.003 0.005 0.009 0.039 0.681 0.028 
 16    (0)   :  0.003 0.002 0.013 0.018 0.005 0.908 0.052 
 17    (5)   :  0.002 0.002 0.059 0.013 0.004 0.912 0.007 
 18    (1)   :  0.012 0.011 0.006 0.002 0.003 0.963 0.003 
 19    (3)   :  0.034 0.004 0.042 0.028 0.012 0.843 0.038 
 20    (4)   :  0.235 0.004 0.015 0.003 0.004 0.736 0.004 
 21    (2)   :  0.226 0.002 0.074 0.004 0.002 0.688 0.003 
 22    (1)   :  0.002 0.002 0.021 0.008 0.011 0.933 0.023 
 23    (5)   :  0.055 0.137 0.006 0.003 0.002 0.783 0.014 
 24    (8)   :  0.264 0.002 0.162 0.005 0.005 0.555 0.007 
 25    (1)   :  0.003 0.004 0.043 0.029 0.063 0.821 0.037 
 26    (1)   :  0.002 0.011 0.029 0.013 0.007 0.934 0.004 
 27    (0)   :  0.002 0.003 0.035 0.008 0.012 0.912 0.029 
 28    (0)   :  0.006 0.035 0.020 0.004 0.004 0.925 0.007 
 29    (0)   :  0.004 0.069 0.030 0.004 0.003 0.883 0.006 
 30    (1)   :  0.002 0.003 0.066 0.029 0.064 0.829 0.007 
 31    (7)   :  0.009 0.146 0.026 0.047 0.011 0.755 0.005 
 32   (15)   :  0.023 0.004 0.283 0.006 0.004 0.641 0.039 
 33    (8)   :  0.002 0.020 0.047 0.028 0.026 0.867 0.009 
 34    (0)   :  0.004 0.025 0.005 0.005 0.009 0.944 0.006 
 35    (0)   :  0.002 0.003 0.082 0.105 0.041 0.760 0.008 
 36    (4)   :  0.054 0.058 0.009 0.018 0.010 0.843 0.008 
 37    (6)   :  0.003 0.092 0.013 0.005 0.012 0.873 0.002 
 38    (2)   :  0.002 0.003 0.007 0.047 0.011 0.920 0.009 
 39    (0)   :  0.008 0.202 0.007 0.005 0.010 0.762 0.005 
 40    (5)   :  0.207 0.003 0.003 0.003 0.778 0.002 0.004 
 41    (2)   :  0.004 0.005 0.008 0.012 0.953 0.006 0.013 
 42    (0)   :  0.003 0.003 0.004 0.004 0.976 0.006 0.004 
 43    (8)   :  0.006 0.004 0.160 0.003 0.771 0.007 0.048 
 44    (1)   :  0.086 0.001 0.003 0.004 0.887 0.006 0.011 
 45   (55)   :  0.004 0.022 0.612 0.023 0.167 0.107 0.064 
 46    (2)   :  0.028 0.002 0.005 0.019 0.906 0.013 0.027 
 47    (0)   :  0.003 0.002 0.006 0.003 0.946 0.007 0.033 
 48    (1)   :  0.009 0.069 0.011 0.002 0.900 0.005 0.004 
 49   (14)   :  0.002 0.110 0.025 0.008 0.815 0.018 0.023 
 50    (1)   :  0.004 0.004 0.010 0.007 0.917 0.022 0.035 
 51    (6)   :  0.004 0.011 0.053 0.005 0.895 0.010 0.022 
 52    (1)   :  0.256 0.003 0.003 0.003 0.406 0.002 0.328 
 53    (0)   :  0.002 0.178 0.003 0.002 0.802 0.006 0.007 
 54    (7)   :  0.322 0.005 0.009 0.055 0.343 0.006 0.260 
 55    (6)   :  0.316 0.002 0.004 0.004 0.397 0.006 0.272 
 56   (13)   :  0.328 0.008 0.238 0.014 0.008 0.397 0.008 
 57    (0)   :  0.003 0.216 0.011 0.006 0.360 0.004 0.401 
 58    (0)   :  0.161 0.004 0.002 0.003 0.821 0.005 0.004 
 59    (3)   :  0.006 0.003 0.040 0.007 0.911 0.020 0.012 
 60    (4)   :  0.026 0.004 0.316 0.047 0.004 0.591 0.012 
 61    (5)   :  0.004 0.005 0.316 0.006 0.012 0.654 0.003 
 62    (8)   :  0.378 0.002 0.138 0.009 0.003 0.467 0.004 
 63    (5)   :  0.320 0.004 0.224 0.022 0.006 0.416 0.008 
 64    (0)   :  0.429 0.001 0.030 0.004 0.019 0.511 0.006 
 65    (0)   :  0.372 0.005 0.126 0.007 0.006 0.481 0.004 
 66    (5)   :  0.202 0.003 0.169 0.004 0.006 0.614 0.002 
 67    (7)   :  0.063 0.006 0.294 0.021 0.011 0.600 0.006 
 68    (3)   :  0.002 0.002 0.007 0.668 0.002 0.314 0.005 
 69    (4)   :  0.056 0.145 0.013 0.572 0.004 0.208 0.003 
 70    (1)   :  0.003 0.098 0.017 0.594 0.051 0.017 0.221 
 71   (23)   :  0.008 0.082 0.293 0.490 0.006 0.032 0.088 
 72    (0)   :  0.018 0.006 0.013 0.769 0.002 0.040 0.152 
 73    (2)   :  0.155 0.082 0.006 0.637 0.004 0.004 0.113 
 74    (0)   :  0.006 0.132 0.003 0.566 0.002 0.286 0.004 
 75    (0)   :  0.014 0.003 0.002 0.721 0.013 0.038 0.208 
 76    (0)   :  0.128 0.221 0.004 0.453 0.032 0.006 0.156 
 77    (0)   :  0.240 0.005 0.002 0.557 0.003 0.190 0.004 
 78    (1)   :  0.002 0.006 0.011 0.017 0.007 0.950 0.006 
 79    (0)   :  0.024 0.002 0.005 0.039 0.004 0.895 0.031 
 80    (1)   :  0.006 0.003 0.091 0.028 0.021 0.845 0.005 
 81    (0)   :  0.081 0.005 0.005 0.007 0.003 0.892 0.006 
 82    (3)   :  0.002 0.013 0.009 0.005 0.052 0.913 0.007 
 83    (0)   :  0.003 0.003 0.003 0.025 0.005 0.951 0.009 
 84    (0)   :  0.009 0.175 0.003 0.004 0.003 0.804 0.003 
 85    (0)   :  0.213 0.001 0.014 0.015 0.003 0.751 0.002 
 86    (3)   :  0.003 0.015 0.023 0.017 0.007 0.932 0.004 
 87    (5)   :  0.009 0.033 0.067 0.012 0.010 0.861 0.007 
 88    (6)   :  0.005 0.004 0.039 0.070 0.019 0.848 0.016 
 89    (2)   :  0.092 0.136 0.006 0.015 0.021 0.723 0.007 
 90    (3)   :  0.003 0.107 0.011 0.012 0.004 0.857 0.007 
 91    (5)   :  0.004 0.002 0.057 0.019 0.032 0.879 0.007 
 92    (0)   :  0.003 0.238 0.003 0.005 0.005 0.744 0.001 
 93    (1)   :  0.201 0.018 0.044 0.004 0.010 0.706 0.016 
 94    (2)   :  0.002 0.170 0.151 0.015 0.003 0.651 0.008 
 95    (2)   :  0.004 0.003 0.127 0.111 0.007 0.717 0.030 
 96    (0)   :  0.344 0.008 0.008 0.049 0.005 0.573 0.013 
 97    (0)   :  0.004 0.268 0.044 0.075 0.003 0.602 0.003 
 98    (2)   :  0.003 0.038 0.058 0.037 0.006 0.851 0.007 
 99    (2)   :  0.003 0.012 0.082 0.123 0.020 0.749 0.011 
100   (24)   :  0.227 0.157 0.305 0.032 0.004 0.262 0.012 
101    (3)   :  0.389 0.007 0.022 0.010 0.015 0.542 0.015 
102   (43)   :  0.004 0.007 0.242 0.400 0.067 0.014 0.265 
103    (7)   :  0.005 0.146 0.133 0.548 0.017 0.008 0.143 
104    (3)   :  0.003 0.002 0.019 0.439 0.127 0.011 0.399 
105    (7)   :  0.313 0.002 0.003 0.412 0.011 0.006 0.254 
106    (4)   :  0.015 0.179 0.002 0.006 0.510 0.003 0.284 
107    (1)   :  0.311 0.002 0.006 0.657 0.003 0.004 0.016 
108    (6)   :  0.002 0.203 0.069 0.054 0.400 0.006 0.266 
109    (8)   :  0.006 0.004 0.049 0.015 0.383 0.010 0.532 
110    (9)   :  0.004 0.005 0.026 0.577 0.011 0.033 0.342 
111   (17)   :  0.005 0.200 0.034 0.484 0.012 0.004 0.261 
112   (54)   :  0.013 0.014 0.287 0.489 0.008 0.008 0.181 
113    (2)   :  0.002 0.043 0.024 0.538 0.071 0.014 0.308 
114    (6)   :  0.002 0.001 0.008 0.683 0.008 0.004 0.294 
115    (9)   :  0.299 0.003 0.002 0.600 0.002 0.003 0.091 
116    (3)   :  0.002 0.109 0.007 0.482 0.004 0.015 0.381 
117    (1)   :  0.002 0.003 0.022 0.481 0.027 0.044 0.421 
118    (3)   :  0.002 0.012 0.077 0.481 0.194 0.006 0.227 
119   (15)   :  0.134 0.002 0.027 0.654 0.002 0.016 0.164 
120   (19)   :  0.004 0.004 0.073 0.581 0.006 0.010 0.322 
121    (0)   :  0.002 0.194 0.010 0.348 0.102 0.004 0.340 
122    (0)   :  0.003 0.004 0.003 0.224 0.317 0.010 0.438 
123    (7)   :  0.010 0.073 0.191 0.646 0.013 0.022 0.046 
124    (0)   :  0.283 0.005 0.002 0.363 0.016 0.004 0.327 
125    (0)   :  0.002 0.238 0.005 0.005 0.339 0.003 0.408 
126    (3)   :  0.004 0.177 0.054 0.513 0.051 0.010 0.191 
127    (1)   :  0.004 0.017 0.040 0.445 0.059 0.075 0.360 
128    (4)   :  0.002 0.004 0.126 0.438 0.008 0.008 0.413 
129   (16)   :  0.223 0.004 0.092 0.005 0.024 0.516 0.135 
130   (43)   :  0.007 0.004 0.439 0.009 0.016 0.508 0.017 
131   (17)   :  0.029 0.012 0.355 0.012 0.006 0.570 0.017 
132   (11)   :  0.348 0.002 0.167 0.009 0.003 0.467 0.004 
133   (14)   :  0.134 0.148 0.073 0.005 0.005 0.616 0.019 
134    (5)   :  0.009 0.002 0.282 0.006 0.061 0.628 0.012 
135    (2)   :  0.003 0.003 0.081 0.015 0.016 0.879 0.003 
136   (37)   :  0.109 0.077 0.076 0.004 0.725 0.005 0.004 
137   (25)   :  0.236 0.009 0.252 0.004 0.341 0.087 0.072 
138   (42)   :  0.008 0.005 0.520 0.023 0.191 0.112 0.142 
139   (12)   :  0.006 0.184 0.174 0.472 0.014 0.009 0.139 
140    (3)   :  0.002 0.195 0.030 0.617 0.026 0.009 0.120 
141    (3)   :  0.002 0.002 0.076 0.644 0.007 0.257 0.013 
142   (10)   :  0.015 0.148 0.106 0.597 0.002 0.125 0.006 
143    (3)   :  0.260 0.002 0.006 0.558 0.003 0.169 0.002 
144    (9)   :  0.004 0.113 0.041 0.514 0.007 0.309 0.013 
145   (15)   :  0.003 0.164 0.040 0.576 0.014 0.194 0.008 
146   (12)   :  0.002 0.002 0.260 0.495 0.005 0.224 0.012 
147   (30)   :  0.002 0.003 0.181 0.506 0.002 0.302 0.004 
148   (51)   :  0.004 0.004 0.564 0.009 0.289 0.018 0.112 
149    (0)   :  0.001 0.083 0.007 0.003 0.900 0.003 0.004 
150    (0)   :  0.005 0.003 0.016 0.005 0.956 0.011 0.004 
151    (0)   :  0.229 0.001 0.002 0.001 0.763 0.001 0.002 
152    (3)   :  0.003 0.125 0.011 0.005 0.847 0.006 0.003 
153    (0)   :  0.004 0.003 0.003 0.042 0.936 0.004 0.007 
154    (1)   :  0.001 0.091 0.005 0.003 0.887 0.004 0.009 
155    (0)   :  0.005 0.239 0.092 0.002 0.226 0.270 0.166 
156    (0)   :  0.003 0.174 0.115 0.126 0.118 0.397 0.068 
157   (31)   :  0.002 0.005 0.484 0.020 0.199 0.110 0.179 
158   (14)   :  0.010 0.201 0.414 0.011 0.070 0.250 0.044 
159   (19)   :  0.255 0.031 0.408 0.005 0.112 0.140 0.050 
160   (39)   :  0.005 0.005 0.706 0.035 0.192 0.045 0.012 
161    (1)   :  0.004 0.173 0.351 0.007 0.082 0.334 0.049 
162    (3)   :  0.009 0.001 0.309 0.004 0.121 0.534 0.022 
163    (8)   :  0.386 0.003 0.384 0.010 0.109 0.105 0.002 
164   (12)   :  0.008 0.209 0.532 0.069 0.151 0.018 0.013 
165   (10)   :  0.002 0.011 0.347 0.010 0.069 0.475 0.087 
166   (13)   :  0.003 0.048 0.543 0.007 0.135 0.256 0.009 
167   (47)   :  0.149 0.037 0.760 0.008 0.018 0.021 0.007 
168   (85)   :  0.060 0.016 0.715 0.009 0.028 0.066 0.106 
169   (10)   :  0.003 0.118 0.432 0.031 0.009 0.398 0.009 
170   (17)   :  0.005 0.003 0.499 0.073 0.024 0.329 0.066 
171    (4)   :  0.388 0.002 0.019 0.439 0.006 0.040 0.105 
172    (3)   :  0.059 0.270 0.003 0.467 0.012 0.002 0.186 
173    (9)   :  0.003 0.198 0.024 0.735 0.012 0.019 0.010 
174    (2)   :  0.004 0.004 0.042 0.767 0.022 0.098 0.063 
175    (0)   :  0.227 0.003 0.004 0.538 0.005 0.012 0.211 
176    (8)   :  0.004 0.030 0.143 0.700 0.006 0.017 0.101 
177    (0)   :  0.022 0.210 0.004 0.413 0.067 0.267 0.017 
178    (1)   :  0.019 0.140 0.112 0.539 0.026 0.004 0.159 
179    (0)   :  0.002 0.197 0.006 0.757 0.019 0.005 0.013 
180    (0)   :  0.375 0.020 0.004 0.505 0.009 0.065 0.024 
181    (2)   :  0.030 0.321 0.005 0.630 0.003 0.004 0.006 
182    (0)   :  0.004 0.098 0.005 0.017 0.353 0.022 0.501 
183    (0)   :  0.016 0.004 0.006 0.719 0.011 0.236 0.007 
184    (1)   :  0.252 0.070 0.003 0.647 0.006 0.003 0.018 
185   (20)   :  0.025 0.135 0.228 0.528 0.013 0.064 0.008 
186    (0)   :  0.007 0.003 0.015 0.837 0.081 0.021 0.036 
187    (2)   :  0.346 0.003 0.004 0.600 0.008 0.034 0.004 
188    (1)   :  0.005 0.160 0.014 0.494 0.009 0.314 0.004 
189   (12)   :  0.005 0.108 0.084 0.611 0.005 0.158 0.029 
190    (0)   :  0.003 0.003 0.006 0.624 0.043 0.312 0.009 
191    (0)   :  0.003 0.002 0.005 0.932 0.002 0.004 0.051 
192    (5)   :  0.002 0.022 0.122 0.586 0.037 0.214 0.017 
193   (11)   :  0.292 0.003 0.007 0.621 0.004 0.003 0.069 
194   (14)   :  0.007 0.011 0.025 0.767 0.027 0.153 0.010 
195    (2)   :  0.004 0.101 0.015 0.704 0.006 0.138 0.031 
196    (7)   :  0.004 0.018 0.013 0.741 0.056 0.008 0.160 
197    (3)   :  0.344 0.012 0.023 0.567 0.013 0.015 0.027 
198    (5)   :  0.003 0.196 0.005 0.770 0.004 0.005 0.019 
199    (9)   :  0.012 0.010 0.100 0.730 0.009 0.053 0.085 
200    (1)   :  0.003 0.009 0.006 0.818 0.008 0.005 0.150 
201    (9)   :  0.299 0.005 0.028 0.628 0.003 0.035 0.003 
202    (7)   :  0.004 0.042 0.103 0.695 0.005 0.006 0.145 
203    (1)   :  0.003 0.037 0.031 0.638 0.016 0.234 0.042 
204    (6)   :  0.011 0.109 0.090 0.748 0.004 0.019 0.018 
205    (0)   :  0.002 0.043 0.008 0.770 0.092 0.022 0.063 
206    (0)   :  0.133 0.116 0.008 0.671 0.003 0.060 0.009 
207    (0)   :  0.002 0.108 0.005 0.620 0.003 0.257 0.005 
208    (3)   :  0.003 0.019 0.011 0.891 0.002 0.006 0.069 
209   (13)   :  0.007 0.003 0.151 0.637 0.116 0.039 0.047 
210    (2)   :  0.004 0.310 0.009 0.653 0.003 0.004 0.016 
211    (7)   :  0.002 0.020 0.014 0.820 0.006 0.006 0.132 
212    (2)   :  0.012 0.015 0.006 0.736 0.012 0.006 0.214 
213    (8)   :  0.006 0.002 0.060 0.653 0.009 0.258 0.012 
214   (17)   :  0.006 0.003 0.301 0.456 0.005 0.007 0.222 
215    (6)   :  0.004 0.002 0.319 0.012 0.158 0.489 0.016 
216    (0)   :  0.004 0.010 0.223 0.006 0.215 0.531 0.011 
217    (4)   :  0.116 0.009 0.003 0.004 0.855 0.008 0.004 
218    (2)   :  0.013 0.018 0.013 0.006 0.749 0.130 0.072 
219   (12)   :  0.003 0.003 0.055 0.635 0.150 0.006 0.148 
220   (13)   :  0.014 0.195 0.142 0.294 0.149 0.008 0.198 
221   (49)   :  0.149 0.009 0.605 0.024 0.008 0.200 0.006 
222   (12)   :  0.002 0.003 0.243 0.007 0.018 0.722 0.004 
223    (2)   :  0.016 0.004 0.127 0.003 0.003 0.842 0.005 
224    (6)   :  0.001 0.002 0.269 0.022 0.003 0.699 0.004 
225   (21)   :  0.005 0.003 0.203 0.009 0.007 0.756 0.017 
226    (2)   :  0.003 0.022 0.092 0.017 0.017 0.826 0.023 
227    (5)   :  0.004 0.002 0.261 0.004 0.005 0.614 0.110 
228   (45)   :  0.005 0.042 0.498 0.158 0.015 0.277 0.005 
229   (48)   :  0.129 0.003 0.475 0.009 0.016 0.356 0.012 
230    (0)   :  0.005 0.021 0.023 0.026 0.003 0.900 0.022 
231    (2)   :  0.004 0.003 0.006 0.010 0.077 0.856 0.044 
232    (0)   :  0.032 0.128 0.033 0.029 0.008 0.725 0.045 
233    (0)   :  0.006 0.002 0.111 0.016 0.011 0.842 0.012 
234    (3)   :  0.002 0.004 0.161 0.016 0.003 0.809 0.005 
235    (1)   :  0.143 0.036 0.182 0.009 0.004 0.619 0.006 
236   (25)   :  0.004 0.015 0.209 0.020 0.033 0.649 0.069 
237    (2)   :  0.004 0.004 0.040 0.016 0.004 0.923 0.009 
238   (21)   :  0.003 0.010 0.389 0.024 0.006 0.563 0.005 
239   (11)   :  0.012 0.206 0.078 0.004 0.022 0.667 0.010 
240    (0)   :  0.007 0.074 0.005 0.007 0.010 0.891 0.007 
241   (62)   :  0.167 0.007 0.740 0.015 0.007 0.057 0.007 
242    (8)   :  0.006 0.007 0.284 0.018 0.005 0.676 0.004 
243    (7)   :  0.006 0.002 0.102 0.008 0.002 0.878 0.002 
244    (4)   :  0.256 0.003 0.009 0.003 0.004 0.721 0.005 
245   (18)   :  0.004 0.050 0.197 0.005 0.005 0.677 0.062 
246   (38)   :  0.003 0.002 0.392 0.035 0.017 0.534 0.015 
247    (7)   :  0.118 0.108 0.115 0.039 0.006 0.507 0.106 
248   (55)   :  0.248 0.004 0.560 0.013 0.007 0.149 0.018 
249    (1)   :  0.002 0.003 0.198 0.016 0.010 0.761 0.009 
250    (0)   :  0.012 0.003 0.172 0.026 0.039 0.741 0.008 
251    (7)   :  0.005 0.003 0.273 0.012 0.005 0.698 0.003 
252    (1)   :  0.007 0.002 0.275 0.007 0.007 0.691 0.011 
253    (4)   :  0.011 0.003 0.113 0.027 0.003 0.837 0.007 
254    (8)   :  0.002 0.051 0.113 0.064 0.006 0.753 0.011 
255   (36)   :  0.004 0.003 0.557 0.005 0.018 0.410 0.004 
256    (9)   :  0.005 0.189 0.151 0.007 0.003 0.641 0.005 
257   (72)   :  0.004 0.023 0.827 0.043 0.006 0.037 0.059 
258    (1)   :  0.004 0.017 0.206 0.017 0.017 0.733 0.008 
259    (0)   :  0.002 0.001 0.189 0.003 0.074 0.727 0.003 
260    (0)   :  0.084 0.029 0.023 0.006 0.022 0.820 0.016 
261    (0)   :  0.002 0.076 0.022 0.013 0.004 0.879 0.003 
262    (1)   :  0.002 0.003 0.045 0.018 0.017 0.881 0.033 
263    (3)   :  0.003 0.162 0.142 0.009 0.003 0.677 0.004 
264   (29)   :  0.184 0.003 0.379 0.004 0.008 0.418 0.004 
265    (0)   :  0.004 0.012 0.172 0.012 0.115 0.678 0.008 
266    (0)   :  0.002 0.131 0.046 0.004 0.003 0.810 0.003 
267    (7)   :  0.002 0.006 0.131 0.015 0.011 0.797 0.038 
268   (40)   :  0.004 0.004 0.446 0.512 0.014 0.007 0.013 
269   (72)   :  0.005 0.010 0.611 0.057 0.100 0.017 0.201 
270    (2)   :  0.020 0.054 0.038 0.576 0.006 0.302 0.004 
271   (68)   :  0.003 0.015 0.689 0.208 0.009 0.026 0.051 
272   (49)   :  0.005 0.003 0.580 0.357 0.006 0.032 0.016 
273   (18)   :  0.001 0.009 0.064 0.276 0.010 0.620 0.019 
274    (7)   :  0.006 0.206 0.025 0.694 0.003 0.046 0.020 
275   (70)   :  0.163 0.008 0.468 0.192 0.151 0.008 0.009 
276    (2)   :  0.006 0.007 0.006 0.679 0.003 0.266 0.032 
277   (70)   :  0.005 0.005 0.558 0.411 0.005 0.007 0.008 
278    (4)   :  0.005 0.006 0.017 0.038 0.031 0.886 0.017 
279    (2)   :  0.011 0.002 0.200 0.009 0.006 0.764 0.009 
280    (4)   :  0.126 0.003 0.010 0.004 0.528 0.003 0.325 
281    (0)   :  0.005 0.033 0.002 0.564 0.010 0.156 0.229 
282    (2)   :  0.049 0.003 0.014 0.688 0.011 0.075 0.160 
283    (4)   :  0.078 0.170 0.010 0.679 0.016 0.006 0.041 
284   (22)   :  0.194 0.006 0.077 0.636 0.046 0.003 0.038 
285    (0)   :  0.023 0.079 0.175 0.089 0.111 0.517 0.007 
286   (72)   :  0.011 0.009 0.682 0.083 0.019 0.120 0.075 
287    (1)   :  0.175 0.110 0.156 0.005 0.007 0.544 0.004 
288    (0)   :  0.017 0.011 0.069 0.029 0.115 0.747 0.011 
289    (0)   :  0.166 0.072 0.002 0.004 0.546 0.001 0.209 
290    (0)   :  0.019 0.134 0.002 0.004 0.826 0.003 0.011 
291    (0)   :  0.004 0.005 0.005 0.476 0.007 0.498 0.006 
292    (0)   :  0.004 0.003 0.006 0.025 0.924 0.033 0.005 
293    (0)   :  0.001 0.101 0.003 0.004 0.887 0.002 0.003 
294    (0)   :  0.002 0.006 0.011 0.005 0.628 0.006 0.341 
295    (0)   :  0.002 0.001 0.011 0.576 0.003 0.401 0.006 
296    (0)   :  0.079 0.029 0.304 0.007 0.004 0.563 0.014 
297   (37)   :  0.005 0.004 0.670 0.022 0.031 0.263 0.004 
298   (50)   :  0.003 0.022 0.902 0.008 0.025 0.036 0.005 
299    (1)   :  0.002 0.060 0.467 0.002 0.002 0.455 0.011 
300    (0)   :  0.003 0.003 0.417 0.010 0.004 0.556 0.007 
301   (20)   :  0.061 0.140 0.422 0.122 0.004 0.248 0.004 
302   (54)   :  0.099 0.009 0.735 0.020 0.104 0.013 0.021 
303    (4)   :  0.002 0.007 0.548 0.016 0.023 0.376 0.027 
304   (56)   :  0.005 0.007 0.823 0.090 0.030 0.034 0.011 
305   (82)   :  0.007 0.006 0.905 0.019 0.023 0.034 0.007 
306    (1)   :  0.004 0.105 0.628 0.004 0.005 0.238 0.016 
307   (12)   :  0.002 0.006 0.635 0.045 0.003 0.302 0.007 
308   (10)   :  0.006 0.003 0.602 0.008 0.042 0.325 0.014 
309   (23)   :  0.063 0.160 0.597 0.003 0.006 0.165 0.007 
310   (10)   :  0.034 0.004 0.489 0.028 0.049 0.390 0.007 
311    (4)   :  0.002 0.109 0.475 0.004 0.018 0.374 0.018 
312    (3)   :  0.002 0.009 0.430 0.006 0.008 0.537 0.007 
313   (10)   :  0.004 0.230 0.455 0.003 0.003 0.303 0.002 
314    (3)   :  0.003 0.006 0.547 0.114 0.014 0.296 0.021 
315    (2)   :  0.002 0.003 0.104 0.008 0.872 0.005 0.005 
316   (46)   :  0.159 0.003 0.069 0.002 0.759 0.004 0.004 
317    (5)   :  0.002 0.003 0.107 0.022 0.839 0.022 0.006 
318   (44)   :  0.217 0.004 0.029 0.077 0.662 0.005 0.005 
319    (2)   :  0.002 0.121 0.007 0.003 0.861 0.002 0.004 
320    (3)   :  0.002 0.115 0.012 0.002 0.861 0.003 0.006 
321    (6)   :  0.004 0.009 0.095 0.009 0.471 0.005 0.407 
322    (0)   :  0.003 0.090 0.011 0.004 0.797 0.017 0.077 
323    (2)   :  0.002 0.114 0.003 0.004 0.864 0.005 0.008 


Estimated Allele Frequencies in each cluster
First column gives estimated ancestral frequencies


Locus 1 : 0 
2 alleles
17.0% missing data
   2   (0.928) 0.984 0.986 0.973 0.936 0.994 0.871 0.980 
   4   (0.072) 0.016 0.014 0.027 0.064 0.006 0.129 0.020 

Locus 2 : 1 
2 alleles
16.1% missing data
   3   (0.043) 0.014 0.020 0.008 0.010 0.194 0.011 0.257 
   1   (0.957) 0.986 0.980 0.992 0.990 0.806 0.989 0.743 

Locus 3 : 2 
2 alleles
12.1% missing data
   1   (0.895) 0.956 0.943 0.979 0.922 0.584 0.921 0.930 
   4   (0.105) 0.044 0.057 0.021 0.078 0.416 0.079 0.070 

Locus 4 : 3 
2 alleles
6.5% missing data
   1   (0.506) 0.575 0.463 0.543 0.766 0.231 0.463 0.473 
   2   (0.494) 0.425 0.537 0.457 0.234 0.769 0.537 0.527 

Locus 5 : 4 
2 alleles
20.4% missing data
   3   (0.491) 0.479 0.486 0.530 0.754 0.252 0.455 0.370 
   1   (0.509) 0.521 0.514 0.470 0.246 0.748 0.545 0.630 

Locus 6 : 5 
2 alleles
15.8% missing data
   2   (0.869) 0.954 0.855 0.882 0.869 0.839 0.932 0.726 
   3   (0.131) 0.046 0.145 0.118 0.131 0.161 0.068 0.274 

Locus 7 : 6 
2 alleles
11.8% missing data
   4   (0.716) 0.772 0.716 0.665 0.918 0.498 0.661 0.842 
   1   (0.284) 0.228 0.284 0.335 0.082 0.502 0.339 0.158 

Locus 8 : 7 
2 alleles
17.3% missing data
   3   (0.256) 0.159 0.435 0.394 0.186 0.264 0.234 0.148 
   2   (0.744) 0.841 0.565 0.606 0.814 0.736 0.766 0.852 

Locus 9 : 8 
2 alleles
23.8% missing data
   2   (0.873) 0.971 0.159 0.922 0.915 0.884 0.916 0.885 
   4   (0.127) 0.029 0.841 0.078 0.085 0.116 0.084 0.115 

Locus 10 : 9 
2 alleles
6.5% missing data
   1   (0.691) 0.655 0.785 0.684 0.686 0.695 0.750 0.541 
   4   (0.309) 0.345 0.215 0.316 0.314 0.305 0.250 0.459 

Locus 11 : 10 
2 alleles
1.9% missing data
   1   (0.940) 0.991 0.924 0.921 0.910 0.942 0.984 0.980 
   3   (0.060) 0.009 0.076 0.079 0.090 0.058 0.016 0.020 

Locus 12 : 11 
2 alleles
0.9% missing data
   4   (0.950) 0.972 0.993 0.974 0.995 0.996 0.855 0.995 
   1   (0.050) 0.028 0.007 0.026 0.005 0.004 0.145 0.005 

Locus 13 : 12 
2 alleles
20.1% missing data
   1   (0.945) 0.947 0.435 0.992 0.968 0.967 0.982 0.966 
   3   (0.055) 0.053 0.565 0.008 0.032 0.033 0.018 0.034 

Locus 14 : 13 
2 alleles
19.8% missing data
   1   (0.936) 0.988 0.979 0.986 0.899 0.981 0.968 0.809 
   4   (0.064) 0.012 0.021 0.014 0.101 0.019 0.032 0.191 

Locus 15 : 14 
2 alleles
23.2% missing data
   4   (0.732) 0.516 0.774 0.720 0.860 0.724 0.811 0.290 
   1   (0.268) 0.484 0.226 0.280 0.140 0.276 0.189 0.710 

Locus 16 : 15 
2 alleles
20.7% missing data
   2   (0.973) 0.996 0.293 0.990 0.995 0.994 0.992 0.991 
   4   (0.027) 0.004 0.707 0.010 0.005 0.006 0.008 0.009 

Locus 17 : 16 
2 alleles
4.3% missing data
   3   (0.611) 0.519 0.770 0.723 0.414 0.444 0.737 0.390 
   1   (0.389) 0.481 0.230 0.277 0.586 0.556 0.263 0.610 

Locus 18 : 17 
2 alleles
11.8% missing data
   2   (0.781) 0.692 0.809 0.850 0.847 0.816 0.790 0.823 
   3   (0.219) 0.308 0.191 0.150 0.153 0.184 0.210 0.177 

Locus 19 : 18 
2 alleles
12.1% missing data
   3   (0.829) 0.932 0.948 0.713 0.827 0.584 0.877 0.929 
   2   (0.171) 0.068 0.052 0.287 0.173 0.416 0.123 0.071 

Locus 20 : 19 
2 alleles
24.5% missing data
   4   (0.933) 0.970 0.986 0.982 0.987 0.978 0.846 0.986 
   1   (0.067) 0.030 0.014 0.018 0.013 0.022 0.154 0.014 

Locus 21 : 20 
2 alleles
3.4% missing data
   2   (0.494) 0.460 0.464 0.393 0.327 0.482 0.652 0.179 
   3   (0.506) 0.540 0.536 0.607 0.673 0.518 0.348 0.821 

Locus 22 : 21 
2 alleles
11.1% missing data
   2   (0.849) 0.278 0.581 0.938 0.907 0.923 0.888 0.949 
   4   (0.151) 0.722 0.419 0.062 0.093 0.077 0.112 0.051 

Locus 23 : 22 
2 alleles
24.8% missing data
   2   (0.935) 0.482 0.957 0.972 0.965 0.991 0.963 0.967 
   4   (0.065) 0.518 0.043 0.028 0.035 0.009 0.037 0.033 

Locus 24 : 23 
2 alleles
4.3% missing data
   1   (0.979) 0.184 0.998 0.998 0.998 0.998 0.995 0.997 
   3   (0.021) 0.816 0.002 0.002 0.002 0.002 0.005 0.003 

Locus 25 : 24 
2 alleles
21.7% missing data
   3   (0.831) 0.901 0.840 0.887 0.687 0.856 0.892 0.833 
   2   (0.169) 0.099 0.160 0.113 0.313 0.144 0.108 0.167 

Locus 26 : 25 
2 alleles
4.6% missing data
   3   (0.920) 0.914 0.976 0.893 0.985 0.843 0.952 0.945 
   2   (0.080) 0.086 0.024 0.107 0.015 0.157 0.048 0.055 

Locus 27 : 26 
2 alleles
5.3% missing data
   4   (0.943) 0.989 0.986 0.993 0.784 0.989 0.954 0.988 
   1   (0.057) 0.011 0.014 0.007 0.216 0.011 0.046 0.012 

Locus 28 : 27 
2 alleles
9.3% missing data
   1   (0.236) 0.388 0.200 0.089 0.169 0.405 0.220 0.176 
   3   (0.764) 0.612 0.800 0.911 0.831 0.595 0.780 0.824 

Locus 29 : 28 
2 alleles
10.8% missing data
   3   (0.705) 0.640 0.509 0.845 0.744 0.939 0.572 0.896 
   2   (0.295) 0.360 0.491 0.155 0.256 0.061 0.428 0.104 

Locus 30 : 29 
2 alleles
9.0% missing data
   4   (0.922) 0.972 0.972 0.816 0.909 0.994 0.923 0.989 
   2   (0.078) 0.028 0.028 0.184 0.091 0.006 0.077 0.011 

Locus 31 : 30 
2 alleles
14.2% missing data
   3   (0.831) 0.828 0.950 0.943 0.776 0.886 0.826 0.894 
   2   (0.169) 0.172 0.050 0.057 0.224 0.114 0.174 0.106 

Locus 32 : 31 
2 alleles
5.0% missing data
   3   (0.925) 0.861 0.960 0.981 0.985 0.986 0.925 0.811 
   2   (0.075) 0.139 0.040 0.019 0.015 0.014 0.075 0.189 

Locus 33 : 32 
2 alleles
1.5% missing data
   4   (0.888) 0.969 0.963 0.921 0.957 0.823 0.855 0.980 
   1   (0.112) 0.031 0.037 0.079 0.043 0.177 0.145 0.020 

Locus 34 : 33 
2 alleles
5.9% missing data
   3   (0.686) 0.573 0.506 0.809 0.907 0.435 0.648 0.752 
   2   (0.314) 0.427 0.494 0.191 0.093 0.565 0.352 0.248 

Locus 35 : 34 
2 alleles
14.9% missing data
   3   (0.655) 0.666 0.562 0.659 0.820 0.739 0.605 0.639 
   2   (0.345) 0.334 0.438 0.341 0.180 0.261 0.395 0.361 

Locus 36 : 35 
2 alleles
12.7% missing data
   4   (0.772) 0.834 0.826 0.862 0.803 0.653 0.788 0.811 
   1   (0.228) 0.166 0.174 0.138 0.197 0.347 0.212 0.189 

Locus 37 : 36 
2 alleles
1.2% missing data
   2   (0.736) 0.798 0.807 0.894 0.689 0.870 0.722 0.617 
   3   (0.264) 0.202 0.193 0.106 0.311 0.130 0.278 0.383 

Locus 38 : 37 
2 alleles
0.9% missing data
   2   (0.917) 0.988 0.229 0.978 0.974 0.837 0.948 0.957 
   4   (0.083) 0.012 0.771 0.022 0.026 0.163 0.052 0.043 

Locus 39 : 38 
2 alleles
12.1% missing data
   4   (0.890) 0.958 0.927 0.978 0.902 0.784 0.915 0.879 
   3   (0.110) 0.042 0.073 0.022 0.098 0.216 0.085 0.121 

Locus 40 : 39 
2 alleles
2.8% missing data
   3   (0.860) 0.932 0.950 0.967 0.707 0.864 0.886 0.881 
   2   (0.140) 0.068 0.050 0.033 0.293 0.136 0.114 0.119 

Locus 41 : 40 
2 alleles
9.3% missing data
   2   (0.730) 0.536 0.911 0.917 0.787 0.797 0.671 0.740 
   4   (0.270) 0.464 0.089 0.083 0.213 0.203 0.329 0.260 

Locus 42 : 41 
2 alleles
9.6% missing data
   4   (0.826) 0.796 0.930 0.950 0.803 0.672 0.855 0.875 
   1   (0.174) 0.204 0.070 0.050 0.197 0.328 0.145 0.125 

Locus 43 : 42 
2 alleles
11.8% missing data
   1   (0.777) 0.861 0.926 0.847 0.705 0.577 0.841 0.712 
   4   (0.223) 0.139 0.074 0.153 0.295 0.423 0.159 0.288 

Locus 44 : 43 
2 alleles
5.6% missing data
   3   (0.771) 0.872 0.939 0.886 0.771 0.788 0.774 0.564 
   4   (0.229) 0.128 0.061 0.114 0.229 0.212 0.226 0.436 

Locus 45 : 44 
2 alleles
6.8% missing data
   2   (0.473) 0.368 0.330 0.468 0.531 0.289 0.488 0.664 
   3   (0.527) 0.632 0.670 0.532 0.469 0.711 0.512 0.336 

Locus 46 : 45 
2 alleles
3.7% missing data
   1   (0.931) 0.964 0.978 0.957 0.970 0.772 0.973 0.925 
   4   (0.069) 0.036 0.022 0.043 0.030 0.228 0.027 0.075 

Locus 47 : 46 
2 alleles
16.4% missing data
   3   (0.945) 0.985 0.971 0.982 0.967 0.994 0.967 0.666 
   4   (0.055) 0.015 0.029 0.018 0.033 0.006 0.033 0.334 

Locus 48 : 47 
2 alleles
9.9% missing data
   4   (0.637) 0.772 0.756 0.671 0.510 0.773 0.663 0.445 
   1   (0.363) 0.228 0.244 0.329 0.490 0.227 0.337 0.555 

Locus 49 : 48 
2 alleles
5.9% missing data
   1   (0.760) 0.872 0.826 0.916 0.644 0.583 0.796 0.784 
   3   (0.240) 0.128 0.174 0.084 0.356 0.417 0.204 0.216 

Locus 50 : 49 
2 alleles
11.8% missing data
   3   (0.829) 0.954 0.781 0.896 0.925 0.870 0.770 0.884 
   2   (0.171) 0.046 0.219 0.104 0.075 0.130 0.230 0.116 

Locus 51 : 50 
2 alleles
11.8% missing data
   1   (0.870) 0.897 0.931 0.893 0.925 0.979 0.843 0.878 
   4   (0.130) 0.103 0.069 0.107 0.075 0.021 0.157 0.122 

Locus 52 : 51 
2 alleles
6.8% missing data
   3   (0.649) 0.515 0.797 0.799 0.552 0.785 0.625 0.736 
   2   (0.351) 0.485 0.203 0.201 0.448 0.215 0.375 0.264 

Locus 53 : 52 
2 alleles
3.7% missing data
   4   (0.913) 0.974 0.977 0.922 0.927 0.990 0.924 0.871 
   1   (0.087) 0.026 0.023 0.078 0.073 0.010 0.076 0.129 

Locus 54 : 53 
2 alleles
6.8% missing data
   3   (0.585) 0.561 0.662 0.714 0.427 0.833 0.562 0.544 
   2   (0.415) 0.439 0.338 0.286 0.573 0.167 0.438 0.456 

Locus 55 : 54 
2 alleles
9.9% missing data
   3   (0.848) 0.957 0.785 0.949 0.851 0.857 0.872 0.745 
   2   (0.152) 0.043 0.215 0.051 0.149 0.143 0.128 0.255 

Locus 56 : 55 
2 alleles
0.3% missing data
   4   (0.827) 0.839 0.727 0.946 0.895 0.609 0.873 0.788 
   2   (0.173) 0.161 0.273 0.054 0.105 0.391 0.127 0.212 

Locus 57 : 56 
2 alleles
23.5% missing data
   4   (0.576) 0.481 0.305 0.357 0.549 0.557 0.656 0.769 
   1   (0.424) 0.519 0.695 0.643 0.451 0.443 0.344 0.231 

Locus 58 : 57 
2 alleles
5.6% missing data
   2   (0.857) 0.846 0.958 0.934 0.958 0.968 0.709 0.963 
   3   (0.143) 0.154 0.042 0.066 0.042 0.032 0.291 0.037 

Locus 59 : 58 
2 alleles
9.0% missing data
   1   (0.646) 0.749 0.653 0.717 0.775 0.730 0.509 0.858 
   4   (0.354) 0.251 0.347 0.283 0.225 0.270 0.491 0.142 

Locus 60 : 59 
2 alleles
2.5% missing data
   4   (0.871) 0.881 0.919 0.844 0.902 0.977 0.837 0.981 
   2   (0.129) 0.119 0.081 0.156 0.098 0.023 0.163 0.019 

Locus 61 : 60 
2 alleles
3.4% missing data
   3   (0.478) 0.451 0.603 0.464 0.641 0.606 0.361 0.593 
   2   (0.522) 0.549 0.397 0.536 0.359 0.394 0.639 0.407 

Locus 62 : 61 
2 alleles
5.6% missing data
   4   (0.878) 0.967 0.889 0.978 0.959 0.787 0.852 0.866 
   3   (0.122) 0.033 0.111 0.022 0.041 0.213 0.148 0.134 

Locus 63 : 62 
2 alleles
5.9% missing data
   4   (0.909) 0.937 0.842 0.870 0.938 0.992 0.905 0.981 
   1   (0.091) 0.063 0.158 0.130 0.062 0.008 0.095 0.019 

Locus 64 : 63 
2 alleles
9.3% missing data
   3   (0.689) 0.780 0.676 0.870 0.701 0.603 0.629 0.856 
   2   (0.311) 0.220 0.324 0.130 0.299 0.397 0.371 0.144 

Locus 65 : 64 
2 alleles
6.5% missing data
   4   (0.785) 0.723 0.827 0.719 0.885 0.749 0.832 0.754 
   1   (0.215) 0.277 0.173 0.281 0.115 0.251 0.168 0.246 

Locus 66 : 65 
2 alleles
14.2% missing data
   4   (0.710) 0.734 0.516 0.794 0.767 0.628 0.737 0.739 
   1   (0.290) 0.266 0.484 0.206 0.233 0.372 0.263 0.261 

Locus 67 : 66 
2 alleles
14.9% missing data
   3   (0.554) 0.354 0.527 0.724 0.707 0.476 0.547 0.392 
   2   (0.446) 0.646 0.473 0.276 0.293 0.524 0.453 0.608 

Locus 68 : 67 
2 alleles
5.3% missing data
   3   (0.522) 0.528 0.600 0.526 0.444 0.695 0.513 0.485 
   2   (0.478) 0.472 0.400 0.474 0.556 0.305 0.487 0.515 

Locus 69 : 68 
2 alleles
2.8% missing data
   2   (0.527) 0.593 0.687 0.727 0.377 0.377 0.558 0.472 
   4   (0.473) 0.407 0.313 0.273 0.623 0.623 0.442 0.528 

Locus 70 : 69 
2 alleles
5.9% missing data
   2   (0.626) 0.679 0.511 0.774 0.680 0.815 0.548 0.629 
   3   (0.374) 0.321 0.489 0.226 0.320 0.185 0.452 0.371 

Locus 71 : 70 
2 alleles
7.7% missing data
   4   (0.776) 0.921 0.571 0.755 0.624 0.914 0.822 0.771 
   1   (0.224) 0.079 0.429 0.245 0.376 0.086 0.178 0.229 

Locus 72 : 71 
2 alleles
13.9% missing data
   3   (0.820) 0.604 0.876 0.921 0.753 0.960 0.835 0.838 
   2   (0.180) 0.396 0.124 0.079 0.247 0.040 0.165 0.162 

Locus 73 : 72 
2 alleles
4.0% missing data
   3   (0.913) 0.892 0.934 0.966 0.898 0.953 0.947 0.966 
   2   (0.087) 0.108 0.066 0.034 0.102 0.047 0.053 0.034 

Locus 74 : 73 
2 alleles
3.7% missing data
   3   (0.940) 0.987 0.990 0.905 0.992 0.996 0.865 0.987 
   2   (0.060) 0.013 0.010 0.095 0.008 0.004 0.135 0.013 

Locus 75 : 74 
2 alleles
5.6% missing data
   4   (0.846) 0.780 0.746 0.881 0.933 0.752 0.890 0.898 
   1   (0.154) 0.220 0.254 0.119 0.067 0.248 0.110 0.102 

Locus 76 : 75 
2 alleles
9.3% missing data
   3   (0.547) 0.510 0.799 0.498 0.704 0.523 0.444 0.749 
   2   (0.453) 0.490 0.201 0.502 0.296 0.477 0.556 0.251 

Locus 77 : 76 
2 alleles
18.6% missing data
   4   (0.684) 0.707 0.778 0.776 0.699 0.528 0.684 0.794 
   2   (0.316) 0.293 0.222 0.224 0.301 0.472 0.316 0.206 

Locus 78 : 77 
2 alleles
8.0% missing data
   1   (0.898) 0.923 0.954 0.945 0.923 0.939 0.922 0.923 
   3   (0.102) 0.077 0.046 0.055 0.077 0.061 0.078 0.077 

Locus 79 : 78 
2 alleles
8.7% missing data
   4   (0.905) 0.976 0.884 0.928 0.833 0.990 0.926 0.904 
   1   (0.095) 0.024 0.116 0.072 0.167 0.010 0.074 0.096 

Locus 80 : 79 
2 alleles
11.1% missing data
   3   (0.678) 0.874 0.415 0.586 0.693 0.702 0.714 0.624 
   2   (0.322) 0.126 0.585 0.414 0.307 0.298 0.286 0.376 

Locus 81 : 80 
2 alleles
12.1% missing data
   3   (0.917) 0.981 0.970 0.779 0.944 0.992 0.934 0.858 
   2   (0.083) 0.019 0.030 0.221 0.056 0.008 0.066 0.142 

Locus 82 : 81 
2 alleles
16.4% missing data
   3   (0.775) 0.714 0.854 0.765 0.785 0.847 0.753 0.949 
   1   (0.225) 0.286 0.146 0.235 0.215 0.153 0.247 0.051 

Locus 83 : 82 
2 alleles
4.0% missing data
   1   (0.437) 0.629 0.205 0.296 0.383 0.582 0.430 0.498 
   4   (0.563) 0.371 0.795 0.704 0.617 0.418 0.570 0.502 

Locus 84 : 83 
2 alleles
3.1% missing data
   4   (0.935) 0.985 0.968 0.987 0.868 0.993 0.945 0.947 
   1   (0.065) 0.015 0.032 0.013 0.132 0.007 0.055 0.053 

Locus 85 : 84 
2 alleles
24.5% missing data
   3   (0.764) 0.792 0.438 0.890 0.851 0.840 0.745 0.789 
   4   (0.236) 0.208 0.562 0.110 0.149 0.160 0.255 0.211 

Locus 86 : 85 
2 alleles
2.2% missing data
   3   (0.790) 0.672 0.890 0.823 0.784 0.921 0.805 0.802 
   1   (0.210) 0.328 0.110 0.177 0.216 0.079 0.195 0.198 

Locus 87 : 86 
2 alleles
15.8% missing data
   4   (0.536) 0.735 0.313 0.605 0.583 0.474 0.475 0.733 
   1   (0.464) 0.265 0.687 0.395 0.417 0.526 0.525 0.267 

Locus 88 : 87 
2 alleles
10.5% missing data
   4   (0.783) 0.920 0.806 0.777 0.540 0.971 0.721 0.949 
   1   (0.217) 0.080 0.194 0.223 0.460 0.029 0.279 0.051 

Locus 89 : 88 
2 alleles
17.6% missing data
   1   (0.888) 0.831 0.823 0.910 0.868 0.953 0.935 0.957 
   4   (0.112) 0.169 0.177 0.090 0.132 0.047 0.065 0.043 

Locus 90 : 89 
2 alleles
18.6% missing data
   1   (0.850) 0.897 0.751 0.898 0.899 0.957 0.840 0.886 
   4   (0.150) 0.103 0.249 0.102 0.101 0.043 0.160 0.114 

Locus 91 : 90 
2 alleles
15.8% missing data
   1   (0.911) 0.920 0.985 0.957 0.915 0.761 0.948 0.978 
   4   (0.089) 0.080 0.015 0.043 0.085 0.239 0.052 0.022 

Locus 92 : 91 
2 alleles
8.4% missing data
   2   (0.637) 0.536 0.725 0.689 0.650 0.628 0.651 0.683 
   3   (0.363) 0.464 0.275 0.311 0.350 0.372 0.349 0.317 

Locus 93 : 92 
2 alleles
15.2% missing data
   1   (0.694) 0.754 0.692 0.845 0.852 0.572 0.623 0.731 
   4   (0.306) 0.246 0.308 0.155 0.148 0.428 0.377 0.269 

Locus 94 : 93 
2 alleles
9.3% missing data
   1   (0.795) 0.914 0.937 0.908 0.739 0.942 0.747 0.703 
   4   (0.205) 0.086 0.063 0.092 0.261 0.058 0.253 0.297 

Locus 95 : 94 
2 alleles
7.4% missing data
   4   (0.893) 0.739 0.967 0.977 0.948 0.925 0.892 0.955 
   1   (0.107) 0.261 0.033 0.023 0.052 0.075 0.108 0.045 

Locus 96 : 95 
2 alleles
9.3% missing data
   3   (0.329) 0.266 0.233 0.271 0.434 0.498 0.247 0.422 
   2   (0.671) 0.734 0.767 0.729 0.566 0.502 0.753 0.578 

Locus 97 : 96 
2 alleles
14.2% missing data
   3   (0.773) 0.786 0.581 0.834 0.945 0.679 0.763 0.694 
   2   (0.227) 0.214 0.419 0.166 0.055 0.321 0.237 0.306 

Locus 98 : 97 
2 alleles
13.6% missing data
   3   (0.776) 0.734 0.800 0.935 0.828 0.693 0.741 0.902 
   2   (0.224) 0.266 0.200 0.065 0.172 0.307 0.259 0.098 

Locus 99 : 98 
2 alleles
9.0% missing data
   4   (0.934) 0.960 0.903 0.978 0.884 0.994 0.948 0.984 
   1   (0.066) 0.040 0.097 0.022 0.116 0.006 0.052 0.016 

Locus 100 : 99 
2 alleles
16.4% missing data
   2   (0.938) 0.986 0.978 0.964 0.983 0.984 0.889 0.992 
   3   (0.062) 0.014 0.022 0.036 0.017 0.016 0.111 0.008 

Locus 101 : 100 
2 alleles
19.8% missing data
   1   (0.863) 0.957 0.915 0.883 0.835 0.865 0.876 0.957 
   4   (0.137) 0.043 0.085 0.117 0.165 0.135 0.124 0.043 

Locus 102 : 101 
2 alleles
14.9% missing data
   1   (0.859) 0.777 0.902 0.949 0.892 0.931 0.885 0.782 
   4   (0.141) 0.223 0.098 0.051 0.108 0.069 0.115 0.218 

Locus 103 : 102 
2 alleles
18.9% missing data
   3   (0.774) 0.878 0.842 0.925 0.597 0.686 0.778 0.908 
   2   (0.226) 0.122 0.158 0.075 0.403 0.314 0.222 0.092 

Locus 104 : 103 
2 alleles
17.6% missing data
   3   (0.135) 0.032 0.310 0.035 0.106 0.101 0.132 0.134 
   2   (0.865) 0.968 0.690 0.965 0.894 0.899 0.868 0.866 

Locus 105 : 104 
2 alleles
1.2% missing data
   1   (0.432) 0.549 0.180 0.420 0.465 0.644 0.375 0.453 
   4   (0.568) 0.451 0.820 0.580 0.535 0.356 0.625 0.547 

Locus 106 : 105 
2 alleles
8.4% missing data
   4   (0.909) 0.924 0.911 0.942 0.870 0.962 0.968 0.750 
   1   (0.091) 0.076 0.089 0.058 0.130 0.038 0.032 0.250 

Locus 107 : 106 
2 alleles
4.3% missing data
   4   (0.762) 0.859 0.859 0.896 0.935 0.407 0.691 0.804 
   1   (0.238) 0.141 0.141 0.104 0.065 0.593 0.309 0.196 

Locus 108 : 107 
2 alleles
1.9% missing data
   3   (0.665) 0.864 0.557 0.645 0.589 0.788 0.669 0.686 
   2   (0.335) 0.136 0.443 0.355 0.411 0.212 0.331 0.314 

Locus 109 : 108 
2 alleles
0.6% missing data
   3   (0.903) 0.975 0.944 0.986 0.724 0.851 0.943 0.940 
   2   (0.097) 0.025 0.056 0.014 0.276 0.149 0.057 0.060 

Locus 110 : 109 
2 alleles
4.0% missing data
   3   (0.875) 0.878 0.930 0.975 0.774 0.838 0.931 0.835 
   1   (0.125) 0.122 0.070 0.025 0.226 0.162 0.069 0.165 

Locus 111 : 110 
2 alleles
5.9% missing data
   2   (0.888) 0.418 0.974 0.979 0.918 0.933 0.900 0.963 
   4   (0.112) 0.582 0.026 0.021 0.082 0.067 0.100 0.037 

Locus 112 : 111 
2 alleles
3.1% missing data
   1   (0.969) 0.429 0.546 0.997 0.996 0.997 0.993 0.996 
   3   (0.031) 0.571 0.454 0.003 0.004 0.003 0.007 0.004 

Locus 113 : 112 
2 alleles
7.1% missing data
   1   (0.897) 0.964 0.955 0.975 0.918 0.944 0.911 0.766 
   3   (0.103) 0.036 0.045 0.025 0.082 0.056 0.089 0.234 

Locus 114 : 113 
2 alleles
13.3% missing data
   1   (0.826) 0.869 0.781 0.907 0.734 0.822 0.872 0.904 
   4   (0.174) 0.131 0.219 0.093 0.266 0.178 0.128 0.096 

Locus 115 : 114 
2 alleles
6.5% missing data
   2   (0.931) 0.892 0.990 0.977 0.990 0.881 0.926 0.985 
   3   (0.069) 0.108 0.010 0.023 0.010 0.119 0.074 0.015 

Locus 116 : 115 
2 alleles
21.4% missing data
   4   (0.736) 0.834 0.767 0.904 0.701 0.839 0.683 0.761 
