

----------------------------------------------------
STRUCTURE by Pritchard, Stephens and Donnelly (2000)
     and Falush, Stephens and Pritchard (2003)
       Code by Pritchard, Falush and Hubisz
             Version 2.3.4 (Jul 2012)
----------------------------------------------------



Command line arguments:   structure -m data/structure/mainparams.txt -e data/structure/extraparams.txt -K 5 -o data/structure/structure_output_5 
Input File:    data/structure/structure_input.tab

Run parameters:
   323 individuals
   2366 loci
   5 populations assumed
   10000 Burn-in period
   25000 Reps


--------------------------------------------
Overall proportion of membership of the
sample in each of the 5 clusters

Inferred Clusters
  1      2      3      4      5    
0.170  0.183  0.280  0.058  0.309  

--------------------------------------------

Allele-freq. divergence among pops (Net nucleotide distance),
computed using point estimates of P.

      1       2       3       4       5      
 1      -    0.0209  0.0221  0.0308  0.0182  
 2   0.0209     -    0.0157  0.0236  0.0090  
 3   0.0221  0.0157     -    0.0247  0.0121  
 4   0.0308  0.0236  0.0247     -    0.0191  
 5   0.0182  0.0090  0.0121  0.0191     -    

Average distances (expected heterozygosity) between individuals in same cluster:
cluster  1  : 0.2666 
cluster  2  : 0.2462 
cluster  3  : 0.2781 
cluster  4  : 0.2699 
cluster  5  : 0.2957 

--------------------------------------------
Estimated Ln Prob of Data   = -603645.0
Mean value of ln likelihood = -600406.8
Variance of ln likelihood   = 6476.5
Mean value of alpha         = 0.1472

Mean value of Fst_1         = 0.1151
Mean value of Fst_2         = 0.0957
Mean value of Fst_3         = 0.0662
Mean value of Fst_4         = 0.1825
Mean value of Fst_5         = 0.0233


Inferred ancestry of individuals:
     (%Miss) :  Inferred clusters
  1    (2)   :  0.582 0.010 0.266 0.005 0.137 
  2    (2)   :  0.122 0.034 0.765 0.012 0.067 
  3    (3)   :  0.180 0.006 0.704 0.105 0.005 
  4    (0)   :  0.596 0.011 0.386 0.003 0.004 
  5    (0)   :  0.096 0.026 0.800 0.014 0.064 
  6    (0)   :  0.086 0.011 0.863 0.002 0.037 
  7    (0)   :  0.375 0.005 0.462 0.148 0.010 
  8    (0)   :  0.007 0.003 0.943 0.006 0.041 
  9    (0)   :  0.263 0.023 0.693 0.005 0.016 
 10    (8)   :  0.592 0.020 0.335 0.034 0.020 
 11    (1)   :  0.571 0.012 0.391 0.003 0.023 
 12    (0)   :  0.683 0.007 0.303 0.001 0.005 
 13    (0)   :  0.047 0.003 0.932 0.003 0.015 
 14    (0)   :  0.039 0.008 0.844 0.019 0.091 
 15    (0)   :  0.059 0.007 0.008 0.242 0.684 
 16    (0)   :  0.004 0.071 0.027 0.003 0.895 
 17    (5)   :  0.003 0.132 0.016 0.003 0.845 
 18    (1)   :  0.003 0.025 0.003 0.013 0.956 
 19    (3)   :  0.007 0.137 0.026 0.041 0.789 
 20    (4)   :  0.004 0.040 0.004 0.246 0.706 
 21    (2)   :  0.005 0.121 0.002 0.236 0.636 
 22    (1)   :  0.013 0.048 0.006 0.003 0.931 
 23    (5)   :  0.003 0.029 0.005 0.081 0.882 
 24    (8)   :  0.006 0.278 0.005 0.271 0.439 
 25    (1)   :  0.067 0.122 0.024 0.002 0.784 
 26    (1)   :  0.007 0.087 0.008 0.003 0.895 
 27    (0)   :  0.008 0.122 0.011 0.002 0.857 
 28    (0)   :  0.004 0.058 0.005 0.007 0.926 
 29    (0)   :  0.003 0.075 0.005 0.003 0.914 
 30    (1)   :  0.041 0.104 0.020 0.003 0.832 
 31    (7)   :  0.019 0.046 0.056 0.009 0.870 
 32   (15)   :  0.010 0.389 0.008 0.016 0.577 
 33    (8)   :  0.011 0.086 0.024 0.002 0.878 
 34    (0)   :  0.011 0.003 0.004 0.004 0.978 
 35    (0)   :  0.023 0.157 0.061 0.002 0.757 
 36    (4)   :  0.017 0.011 0.011 0.051 0.910 
 37    (6)   :  0.010 0.023 0.006 0.003 0.959 
 38    (2)   :  0.009 0.007 0.019 0.001 0.964 
 39    (0)   :  0.016 0.007 0.014 0.012 0.950 
 40    (5)   :  0.793 0.002 0.003 0.198 0.003 
 41    (2)   :  0.982 0.007 0.007 0.003 0.002 
 42    (0)   :  0.987 0.004 0.002 0.002 0.005 
 43    (8)   :  0.840 0.150 0.003 0.005 0.002 
 44    (1)   :  0.919 0.002 0.004 0.070 0.005 
 45   (55)   :  0.225 0.684 0.034 0.005 0.052 
 46    (2)   :  0.954 0.004 0.009 0.024 0.010 
 47    (0)   :  0.985 0.003 0.005 0.003 0.004 
 48    (1)   :  0.963 0.009 0.002 0.017 0.008 
 49   (14)   :  0.903 0.019 0.022 0.003 0.053 
 50    (1)   :  0.973 0.008 0.005 0.003 0.011 
 51    (6)   :  0.953 0.033 0.006 0.002 0.006 
 52    (1)   :  0.588 0.004 0.122 0.283 0.002 
 53    (0)   :  0.934 0.004 0.006 0.041 0.015 
 54    (7)   :  0.451 0.008 0.222 0.314 0.004 
 55    (6)   :  0.553 0.013 0.080 0.342 0.012 
 56   (13)   :  0.013 0.304 0.011 0.331 0.341 
 57    (0)   :  0.619 0.018 0.357 0.003 0.004 
 58    (0)   :  0.845 0.003 0.002 0.147 0.004 
 59    (3)   :  0.962 0.014 0.009 0.006 0.009 
 60    (4)   :  0.006 0.420 0.041 0.026 0.507 
 61    (5)   :  0.006 0.444 0.007 0.003 0.539 
 62    (8)   :  0.003 0.239 0.009 0.388 0.361 
 63    (5)   :  0.008 0.337 0.013 0.331 0.312 
 64    (0)   :  0.021 0.093 0.006 0.438 0.441 
 65    (0)   :  0.004 0.219 0.008 0.378 0.391 
 66    (5)   :  0.004 0.255 0.003 0.216 0.522 
 67    (7)   :  0.008 0.388 0.019 0.072 0.513 
 68    (3)   :  0.002 0.008 0.668 0.004 0.317 
 69    (4)   :  0.004 0.007 0.615 0.083 0.291 
 70    (1)   :  0.133 0.016 0.830 0.004 0.017 
 71   (23)   :  0.009 0.322 0.621 0.006 0.041 
 72    (0)   :  0.004 0.010 0.931 0.020 0.035 
 73    (2)   :  0.006 0.010 0.822 0.157 0.004 
 74    (0)   :  0.002 0.003 0.650 0.006 0.339 
 75    (0)   :  0.027 0.003 0.894 0.012 0.064 
 76    (0)   :  0.122 0.007 0.704 0.154 0.014 
 77    (0)   :  0.003 0.002 0.553 0.248 0.195 
 78    (1)   :  0.005 0.026 0.009 0.002 0.959 
 79    (0)   :  0.004 0.004 0.025 0.020 0.947 
 80    (1)   :  0.010 0.131 0.016 0.005 0.838 
 81    (0)   :  0.003 0.004 0.004 0.076 0.912 
 82    (3)   :  0.027 0.007 0.004 0.003 0.960 
 83    (0)   :  0.003 0.003 0.013 0.003 0.978 
 84    (0)   :  0.005 0.005 0.003 0.026 0.960 
 85    (0)   :  0.002 0.006 0.005 0.220 0.767 
 86    (3)   :  0.005 0.042 0.011 0.002 0.940 
 87    (5)   :  0.009 0.122 0.009 0.004 0.856 
 88    (6)   :  0.014 0.067 0.029 0.005 0.885 
 89    (2)   :  0.043 0.009 0.026 0.099 0.822 
 90    (3)   :  0.007 0.007 0.029 0.003 0.954 
 91    (5)   :  0.024 0.097 0.017 0.004 0.858 
 92    (0)   :  0.011 0.009 0.010 0.011 0.960 
 93    (1)   :  0.023 0.117 0.005 0.196 0.659 
 94    (2)   :  0.006 0.262 0.045 0.003 0.683 
 95    (2)   :  0.011 0.191 0.091 0.006 0.701 
 96    (0)   :  0.008 0.015 0.057 0.347 0.573 
 97    (0)   :  0.005 0.106 0.192 0.004 0.692 
 98    (2)   :  0.006 0.080 0.038 0.004 0.873 
 99    (2)   :  0.023 0.154 0.090 0.004 0.729 
100   (24)   :  0.006 0.411 0.108 0.228 0.247 
101    (3)   :  0.019 0.045 0.011 0.392 0.534 
102   (43)   :  0.135 0.202 0.648 0.004 0.011 
103    (7)   :  0.063 0.169 0.758 0.004 0.006 
104    (3)   :  0.245 0.022 0.712 0.004 0.017 
105    (7)   :  0.046 0.002 0.609 0.335 0.007 
106    (4)   :  0.690 0.005 0.266 0.034 0.005 
107    (1)   :  0.003 0.003 0.686 0.304 0.004 
108    (6)   :  0.542 0.095 0.354 0.002 0.006 
109    (8)   :  0.585 0.054 0.346 0.005 0.009 
110    (9)   :  0.065 0.055 0.842 0.003 0.035 
111   (17)   :  0.102 0.070 0.813 0.007 0.007 
112   (54)   :  0.013 0.276 0.684 0.016 0.010 
113    (2)   :  0.166 0.024 0.794 0.003 0.014 
114    (6)   :  0.036 0.007 0.950 0.003 0.004 
115    (9)   :  0.001 0.003 0.697 0.296 0.003 
116    (3)   :  0.063 0.031 0.867 0.002 0.037 
117    (1)   :  0.161 0.026 0.790 0.003 0.021 
118    (3)   :  0.247 0.091 0.652 0.002 0.008 
119   (15)   :  0.003 0.026 0.828 0.130 0.013 
120   (19)   :  0.025 0.078 0.887 0.004 0.007 
121    (0)   :  0.269 0.008 0.717 0.002 0.004 
122    (0)   :  0.453 0.003 0.523 0.005 0.016 
123    (7)   :  0.022 0.205 0.737 0.006 0.030 
124    (0)   :  0.131 0.002 0.579 0.286 0.002 
125    (0)   :  0.591 0.018 0.375 0.004 0.012 
126    (3)   :  0.129 0.063 0.794 0.004 0.010 
127    (1)   :  0.183 0.039 0.702 0.004 0.072 
128    (4)   :  0.105 0.125 0.760 0.003 0.006 
129   (16)   :  0.043 0.188 0.024 0.220 0.525 
130   (43)   :  0.016 0.506 0.018 0.006 0.453 
131   (17)   :  0.007 0.440 0.017 0.026 0.510 
132   (11)   :  0.004 0.320 0.005 0.377 0.294 
133   (14)   :  0.015 0.159 0.022 0.149 0.655 
134    (5)   :  0.053 0.420 0.005 0.019 0.503 
135    (2)   :  0.012 0.146 0.008 0.002 0.830 
136   (37)   :  0.806 0.074 0.007 0.108 0.005 
137   (25)   :  0.409 0.298 0.011 0.233 0.048 
138   (42)   :  0.245 0.618 0.065 0.005 0.068 
139   (12)   :  0.029 0.216 0.740 0.009 0.005 
140    (3)   :  0.093 0.037 0.844 0.003 0.023 
141    (3)   :  0.004 0.061 0.677 0.002 0.256 
142   (10)   :  0.003 0.075 0.701 0.020 0.201 
143    (3)   :  0.002 0.006 0.508 0.280 0.204 
144    (9)   :  0.005 0.043 0.604 0.004 0.346 
145   (15)   :  0.016 0.038 0.690 0.003 0.253 
146   (12)   :  0.004 0.278 0.513 0.002 0.203 
147   (30)   :  0.002 0.195 0.518 0.002 0.283 
148   (51)   :  0.371 0.580 0.032 0.004 0.013 
149    (0)   :  0.987 0.006 0.003 0.001 0.004 
150    (0)   :  0.977 0.010 0.005 0.003 0.005 
151    (0)   :  0.774 0.001 0.001 0.221 0.002 
152    (3)   :  0.933 0.038 0.014 0.006 0.009 
153    (0)   :  0.972 0.004 0.014 0.003 0.008 
154    (1)   :  0.980 0.009 0.007 0.001 0.003 
155    (0)   :  0.373 0.186 0.053 0.004 0.384 
156    (0)   :  0.189 0.144 0.258 0.003 0.406 
157   (31)   :  0.257 0.601 0.069 0.004 0.069 
158   (14)   :  0.162 0.536 0.124 0.016 0.162 
159   (19)   :  0.175 0.523 0.015 0.260 0.027 
160   (39)   :  0.199 0.763 0.019 0.006 0.012 
161    (1)   :  0.201 0.466 0.037 0.002 0.295 
162    (3)   :  0.136 0.421 0.004 0.006 0.433 
163    (8)   :  0.133 0.466 0.004 0.382 0.013 
164   (12)   :  0.187 0.597 0.190 0.006 0.019 
165   (10)   :  0.104 0.419 0.021 0.003 0.453 
166   (13)   :  0.175 0.662 0.013 0.003 0.147 
167   (47)   :  0.013 0.832 0.008 0.134 0.012 
168   (85)   :  0.041 0.836 0.021 0.062 0.040 
169   (10)   :  0.031 0.524 0.063 0.003 0.379 
170   (17)   :  0.038 0.625 0.134 0.007 0.195 
171    (4)   :  0.009 0.022 0.546 0.403 0.020 
172    (3)   :  0.125 0.006 0.790 0.075 0.004 
173    (9)   :  0.020 0.062 0.899 0.002 0.018 
174    (2)   :  0.017 0.031 0.867 0.004 0.082 
175    (0)   :  0.013 0.006 0.744 0.230 0.007 
176    (8)   :  0.003 0.144 0.835 0.003 0.015 
177    (0)   :  0.113 0.018 0.519 0.013 0.338 
178    (1)   :  0.087 0.103 0.777 0.028 0.004 
179    (0)   :  0.055 0.005 0.931 0.001 0.009 
180    (0)   :  0.004 0.006 0.568 0.390 0.032 
181    (2)   :  0.025 0.009 0.872 0.051 0.042 
182    (0)   :  0.562 0.005 0.376 0.004 0.053 
183    (0)   :  0.007 0.008 0.729 0.016 0.241 
184    (1)   :  0.010 0.003 0.738 0.247 0.003 
185   (20)   :  0.016 0.256 0.628 0.016 0.084 
186    (0)   :  0.045 0.012 0.904 0.008 0.031 
187    (2)   :  0.005 0.004 0.595 0.356 0.040 
188    (1)   :  0.014 0.012 0.576 0.006 0.392 
189   (12)   :  0.005 0.185 0.744 0.008 0.058 
190    (0)   :  0.032 0.005 0.634 0.003 0.326 
191    (0)   :  0.002 0.003 0.989 0.003 0.003 
192    (5)   :  0.040 0.142 0.643 0.003 0.173 
193   (11)   :  0.003 0.008 0.704 0.282 0.004 
194   (14)   :  0.018 0.018 0.819 0.015 0.131 
195    (2)   :  0.007 0.013 0.814 0.002 0.164 
196    (7)   :  0.083 0.011 0.894 0.001 0.010 
197    (3)   :  0.006 0.018 0.628 0.339 0.009 
198    (5)   :  0.004 0.008 0.982 0.002 0.004 
199    (9)   :  0.011 0.117 0.839 0.007 0.027 
200    (1)   :  0.007 0.009 0.975 0.004 0.005 
201    (9)   :  0.002 0.020 0.630 0.302 0.046 
202    (7)   :  0.006 0.097 0.884 0.003 0.009 
203    (1)   :  0.009 0.021 0.707 0.003 0.259 
204    (6)   :  0.004 0.105 0.841 0.017 0.033 
205    (0)   :  0.096 0.009 0.879 0.003 0.014 
206    (0)   :  0.002 0.003 0.754 0.135 0.105 
207    (0)   :  0.002 0.007 0.686 0.002 0.303 
208    (3)   :  0.001 0.008 0.982 0.003 0.005 
209   (13)   :  0.106 0.183 0.685 0.005 0.021 
210    (2)   :  0.009 0.024 0.917 0.043 0.008 
211    (7)   :  0.006 0.013 0.975 0.001 0.004 
212    (2)   :  0.020 0.015 0.940 0.015 0.010 
213    (8)   :  0.008 0.073 0.677 0.005 0.237 
214   (17)   :  0.008 0.325 0.656 0.007 0.005 
215    (6)   :  0.156 0.400 0.010 0.005 0.428 
216    (0)   :  0.223 0.311 0.004 0.005 0.457 
217    (4)   :  0.886 0.002 0.003 0.104 0.006 
218    (2)   :  0.840 0.022 0.009 0.014 0.114 
219   (12)   :  0.182 0.030 0.766 0.006 0.017 
220   (13)   :  0.255 0.126 0.549 0.056 0.014 
221   (49)   :  0.008 0.710 0.029 0.162 0.091 
222   (12)   :  0.022 0.304 0.005 0.001 0.668 
223    (2)   :  0.004 0.175 0.004 0.019 0.799 
224    (6)   :  0.004 0.375 0.012 0.003 0.605 
225   (21)   :  0.008 0.279 0.010 0.004 0.699 
226    (2)   :  0.011 0.180 0.027 0.002 0.779 
227    (5)   :  0.007 0.367 0.013 0.004 0.609 
228   (45)   :  0.007 0.561 0.185 0.004 0.243 
229   (48)   :  0.021 0.552 0.019 0.131 0.278 
230    (0)   :  0.004 0.058 0.029 0.004 0.906 
231    (2)   :  0.092 0.012 0.006 0.005 0.885 
232    (0)   :  0.009 0.082 0.090 0.019 0.800 
233    (0)   :  0.011 0.186 0.012 0.004 0.786 
234    (3)   :  0.002 0.212 0.014 0.002 0.769 
235    (1)   :  0.004 0.266 0.011 0.145 0.573 
236   (25)   :  0.048 0.287 0.044 0.003 0.618 
237    (2)   :  0.004 0.093 0.014 0.003 0.887 
238   (21)   :  0.006 0.446 0.024 0.002 0.522 
239   (11)   :  0.035 0.139 0.016 0.019 0.791 
240    (0)   :  0.012 0.043 0.009 0.007 0.929 
241   (62)   :  0.006 0.807 0.010 0.154 0.022 
242    (8)   :  0.006 0.399 0.010 0.007 0.579 
243    (7)   :  0.002 0.175 0.003 0.008 0.812 
244    (4)   :  0.003 0.060 0.004 0.267 0.666 
245   (18)   :  0.014 0.347 0.011 0.004 0.624 
246   (38)   :  0.008 0.454 0.024 0.004 0.511 
247    (7)   :  0.008 0.160 0.183 0.128 0.522 
248   (55)   :  0.014 0.666 0.025 0.258 0.037 
249    (1)   :  0.011 0.279 0.005 0.002 0.703 
250    (0)   :  0.027 0.224 0.014 0.005 0.729 
251    (7)   :  0.003 0.346 0.008 0.004 0.639 
252    (1)   :  0.004 0.367 0.014 0.007 0.609 
253    (4)   :  0.002 0.171 0.014 0.006 0.806 
254    (8)   :  0.003 0.206 0.064 0.003 0.724 
255   (36)   :  0.023 0.655 0.005 0.007 0.310 
256    (9)   :  0.011 0.203 0.008 0.005 0.772 
257   (72)   :  0.007 0.909 0.063 0.004 0.016 
258    (1)   :  0.016 0.278 0.009 0.004 0.693 
259    (0)   :  0.063 0.251 0.003 0.003 0.681 
260    (0)   :  0.020 0.087 0.006 0.084 0.804 
261    (0)   :  0.005 0.099 0.012 0.002 0.882 
262    (1)   :  0.007 0.136 0.015 0.003 0.839 
263    (3)   :  0.005 0.198 0.011 0.008 0.778 
264   (29)   :  0.009 0.480 0.010 0.188 0.313 
265    (0)   :  0.088 0.257 0.007 0.002 0.646 
266    (0)   :  0.007 0.101 0.007 0.002 0.882 
267    (7)   :  0.009 0.225 0.009 0.002 0.755 
268   (40)   :  0.024 0.421 0.543 0.004 0.008 
269   (72)   :  0.138 0.644 0.204 0.004 0.010 
270    (2)   :  0.005 0.033 0.623 0.024 0.315 
271   (68)   :  0.007 0.730 0.235 0.003 0.026 
272   (49)   :  0.008 0.591 0.386 0.004 0.011 
273   (18)   :  0.008 0.074 0.294 0.001 0.622 
274    (7)   :  0.007 0.008 0.834 0.016 0.135 
275   (70)   :  0.155 0.485 0.198 0.150 0.012 
276    (2)   :  0.003 0.005 0.735 0.010 0.247 
277   (70)   :  0.007 0.520 0.461 0.005 0.007 
278    (4)   :  0.023 0.023 0.025 0.003 0.926 
279    (2)   :  0.004 0.271 0.013 0.006 0.706 
280    (4)   :  0.704 0.011 0.144 0.136 0.005 
281    (0)   :  0.013 0.002 0.780 0.007 0.197 
282    (2)   :  0.012 0.013 0.827 0.037 0.111 
283    (4)   :  0.021 0.009 0.839 0.119 0.012 
284   (22)   :  0.052 0.044 0.713 0.189 0.003 
285    (0)   :  0.129 0.267 0.083 0.020 0.502 
286   (72)   :  0.026 0.746 0.147 0.009 0.072 
287    (1)   :  0.009 0.274 0.005 0.186 0.526 
288    (0)   :  0.107 0.139 0.024 0.015 0.714 
289    (0)   :  0.729 0.002 0.060 0.206 0.002 
290    (0)   :  0.937 0.003 0.013 0.036 0.010 
291    (0)   :  0.006 0.005 0.466 0.005 0.518 
292    (0)   :  0.962 0.008 0.013 0.004 0.013 
293    (0)   :  0.991 0.002 0.004 0.001 0.002 
294    (0)   :  0.790 0.025 0.168 0.004 0.013 
295    (0)   :  0.002 0.018 0.576 0.002 0.403 
296    (0)   :  0.007 0.402 0.013 0.077 0.502 
297   (37)   :  0.025 0.803 0.014 0.006 0.152 
298   (50)   :  0.023 0.961 0.008 0.003 0.006 
299    (1)   :  0.005 0.587 0.006 0.002 0.400 
300    (0)   :  0.004 0.548 0.007 0.002 0.440 
301   (20)   :  0.005 0.507 0.196 0.083 0.209 
302   (54)   :  0.113 0.771 0.018 0.089 0.009 
303    (4)   :  0.020 0.678 0.034 0.002 0.265 
304   (56)   :  0.026 0.872 0.084 0.004 0.014 
305   (82)   :  0.020 0.939 0.015 0.005 0.021 
306    (1)   :  0.008 0.797 0.017 0.006 0.172 
307   (12)   :  0.003 0.767 0.040 0.002 0.188 
308   (10)   :  0.049 0.748 0.010 0.007 0.186 
309   (23)   :  0.010 0.770 0.010 0.069 0.142 
310   (10)   :  0.049 0.596 0.064 0.036 0.254 
311    (4)   :  0.021 0.636 0.006 0.002 0.335 
312    (3)   :  0.007 0.553 0.005 0.004 0.431 
313   (10)   :  0.008 0.558 0.008 0.020 0.406 
314    (3)   :  0.009 0.654 0.110 0.003 0.224 
315    (2)   :  0.943 0.036 0.010 0.003 0.008 
316   (46)   :  0.817 0.026 0.003 0.151 0.003 
317    (5)   :  0.889 0.083 0.007 0.003 0.017 
318   (44)   :  0.699 0.025 0.050 0.220 0.007 
319    (2)   :  0.982 0.008 0.006 0.001 0.002 
320    (3)   :  0.975 0.016 0.004 0.002 0.004 
321    (6)   :  0.650 0.135 0.208 0.002 0.005 
322    (0)   :  0.929 0.019 0.016 0.004 0.033 
323    (2)   :  0.969 0.009 0.009 0.004 0.010 


Estimated Allele Frequencies in each cluster
First column gives estimated ancestral frequencies


Locus 1 : 0 
2 alleles
17.0% missing data
   2   (0.919) 0.994 0.956 0.947 0.983 0.877 
   4   (0.081) 0.006 0.044 0.053 0.017 0.123 

Locus 2 : 1 
2 alleles
16.1% missing data
   3   (0.037) 0.242 0.008 0.025 0.018 0.012 
   1   (0.963) 0.758 0.992 0.975 0.982 0.988 

Locus 3 : 2 
2 alleles
12.1% missing data
   1   (0.901) 0.634 0.979 0.935 0.959 0.911 
   4   (0.099) 0.366 0.021 0.065 0.041 0.089 

Locus 4 : 3 
2 alleles
6.5% missing data
   1   (0.502) 0.235 0.525 0.719 0.572 0.465 
   2   (0.498) 0.765 0.475 0.281 0.428 0.535 

Locus 5 : 4 
2 alleles
20.4% missing data
   3   (0.489) 0.247 0.504 0.691 0.483 0.459 
   1   (0.511) 0.753 0.496 0.309 0.517 0.541 

Locus 6 : 5 
2 alleles
15.8% missing data
   2   (0.885) 0.829 0.892 0.835 0.959 0.929 
   3   (0.115) 0.171 0.108 0.165 0.041 0.071 

Locus 7 : 6 
2 alleles
11.8% missing data
   4   (0.712) 0.529 0.622 0.908 0.759 0.686 
   1   (0.288) 0.471 0.378 0.092 0.241 0.314 

Locus 8 : 7 
2 alleles
17.3% missing data
   3   (0.255) 0.262 0.382 0.196 0.147 0.234 
   2   (0.745) 0.738 0.618 0.804 0.853 0.766 

Locus 9 : 8 
2 alleles
23.8% missing data
   2   (0.858) 0.823 0.864 0.815 0.969 0.891 
   4   (0.142) 0.177 0.136 0.185 0.031 0.109 

Locus 10 : 9 
2 alleles
6.5% missing data
   1   (0.704) 0.680 0.707 0.662 0.665 0.749 
   4   (0.296) 0.320 0.293 0.338 0.335 0.251 

Locus 11 : 10 
2 alleles
1.9% missing data
   1   (0.947) 0.948 0.936 0.918 0.992 0.982 
   3   (0.053) 0.052 0.064 0.082 0.008 0.018 

Locus 12 : 11 
2 alleles
0.9% missing data
   4   (0.939) 0.996 0.958 0.995 0.964 0.864 
   1   (0.061) 0.004 0.042 0.005 0.036 0.136 

Locus 13 : 12 
2 alleles
20.1% missing data
   1   (0.935) 0.933 0.986 0.903 0.946 0.963 
   3   (0.065) 0.067 0.014 0.097 0.054 0.037 

Locus 14 : 13 
2 alleles
19.8% missing data
   1   (0.944) 0.977 0.983 0.878 0.990 0.966 
   4   (0.056) 0.023 0.017 0.122 0.010 0.034 

Locus 15 : 14 
2 alleles
23.2% missing data
   4   (0.747) 0.646 0.727 0.752 0.555 0.811 
   1   (0.253) 0.354 0.273 0.248 0.445 0.189 

Locus 16 : 15 
2 alleles
20.7% missing data
   2   (0.928) 0.920 0.967 0.938 0.987 0.951 
   4   (0.072) 0.080 0.033 0.062 0.013 0.049 

Locus 17 : 16 
2 alleles
4.3% missing data
   3   (0.642) 0.454 0.711 0.430 0.531 0.745 
   1   (0.358) 0.546 0.289 0.570 0.469 0.255 

Locus 18 : 17 
2 alleles
11.8% missing data
   2   (0.786) 0.816 0.842 0.841 0.687 0.792 
   3   (0.214) 0.184 0.158 0.159 0.313 0.208 

Locus 19 : 18 
2 alleles
12.1% missing data
   3   (0.828) 0.638 0.758 0.862 0.919 0.875 
   2   (0.172) 0.362 0.242 0.138 0.081 0.125 

Locus 20 : 19 
2 alleles
24.5% missing data
   4   (0.923) 0.979 0.973 0.987 0.966 0.849 
   1   (0.077) 0.021 0.027 0.013 0.034 0.151 

Locus 21 : 20 
2 alleles
3.4% missing data
   2   (0.528) 0.446 0.415 0.294 0.490 0.654 
   3   (0.472) 0.554 0.585 0.706 0.510 0.346 

Locus 22 : 21 
2 alleles
11.1% missing data
   2   (0.846) 0.914 0.916 0.887 0.286 0.875 
   4   (0.154) 0.086 0.084 0.113 0.714 0.125 

Locus 23 : 22 
2 alleles
24.8% missing data
   2   (0.940) 0.992 0.970 0.964 0.491 0.963 
   4   (0.060) 0.008 0.030 0.036 0.509 0.037 

Locus 24 : 23 
2 alleles
4.3% missing data
   1   (0.982) 0.998 0.998 0.998 0.198 0.995 
   3   (0.018) 0.002 0.002 0.002 0.802 0.005 

Locus 25 : 24 
2 alleles
21.7% missing data
   3   (0.843) 0.863 0.890 0.718 0.907 0.884 
   2   (0.157) 0.137 0.110 0.282 0.093 0.116 

Locus 26 : 25 
2 alleles
4.6% missing data
   3   (0.928) 0.853 0.902 0.985 0.908 0.956 
   2   (0.072) 0.147 0.098 0.015 0.092 0.044 

Locus 27 : 26 
2 alleles
5.3% missing data
   4   (0.938) 0.987 0.991 0.840 0.986 0.947 
   1   (0.062) 0.013 0.009 0.160 0.014 0.053 

Locus 28 : 27 
2 alleles
9.3% missing data
   1   (0.231) 0.380 0.103 0.159 0.390 0.226 
   3   (0.769) 0.620 0.897 0.841 0.610 0.774 

Locus 29 : 28 
2 alleles
10.8% missing data
   3   (0.676) 0.921 0.787 0.754 0.618 0.568 
   2   (0.324) 0.079 0.213 0.246 0.382 0.432 

Locus 30 : 29 
2 alleles
9.0% missing data
   4   (0.917) 0.994 0.841 0.933 0.966 0.922 
   2   (0.083) 0.006 0.159 0.067 0.034 0.078 

Locus 31 : 30 
2 alleles
14.2% missing data
   3   (0.829) 0.897 0.923 0.808 0.817 0.832 
   2   (0.171) 0.103 0.077 0.192 0.183 0.168 

Locus 32 : 31 
2 alleles
5.0% missing data
   3   (0.920) 0.924 0.977 0.973 0.835 0.927 
   2   (0.080) 0.076 0.023 0.027 0.165 0.073 

Locus 33 : 32 
2 alleles
1.5% missing data
   4   (0.881) 0.850 0.905 0.965 0.964 0.863 
   1   (0.119) 0.150 0.095 0.035 0.036 0.137 

Locus 34 : 33 
2 alleles
5.9% missing data
   3   (0.683) 0.441 0.750 0.871 0.578 0.658 
   2   (0.317) 0.559 0.250 0.129 0.422 0.342 

Locus 35 : 34 
2 alleles
14.9% missing data
   3   (0.648) 0.714 0.647 0.773 0.660 0.604 
   2   (0.352) 0.286 0.353 0.227 0.340 0.396 

Locus 36 : 35 
2 alleles
12.7% missing data
   4   (0.778) 0.676 0.840 0.811 0.842 0.790 
   1   (0.222) 0.324 0.160 0.189 0.158 0.210 

Locus 37 : 36 
2 alleles
1.2% missing data
   2   (0.741) 0.845 0.875 0.682 0.794 0.717 
   3   (0.259) 0.155 0.125 0.318 0.206 0.283 

Locus 38 : 37 
2 alleles
0.9% missing data
   2   (0.894) 0.797 0.965 0.910 0.982 0.900 
   4   (0.106) 0.203 0.035 0.090 0.018 0.100 

Locus 39 : 38 
2 alleles
12.1% missing data
   4   (0.900) 0.796 0.977 0.903 0.963 0.911 
   3   (0.100) 0.204 0.023 0.097 0.037 0.089 

Locus 40 : 39 
2 alleles
2.8% missing data
   3   (0.863) 0.879 0.957 0.753 0.926 0.884 
   2   (0.137) 0.121 0.043 0.247 0.074 0.116 

Locus 41 : 40 
2 alleles
9.3% missing data
   2   (0.724) 0.803 0.891 0.794 0.518 0.672 
   4   (0.276) 0.197 0.109 0.206 0.482 0.328 

Locus 42 : 41 
2 alleles
9.6% missing data
   4   (0.830) 0.709 0.939 0.831 0.790 0.852 
   1   (0.170) 0.291 0.061 0.169 0.210 0.148 

Locus 43 : 42 
2 alleles
11.8% missing data
   1   (0.790) 0.609 0.848 0.727 0.856 0.841 
   4   (0.210) 0.391 0.152 0.273 0.144 0.159 

Locus 44 : 43 
2 alleles
5.6% missing data
   3   (0.775) 0.773 0.863 0.745 0.872 0.781 
   4   (0.225) 0.227 0.137 0.255 0.128 0.219 

Locus 45 : 44 
2 alleles
6.8% missing data
   2   (0.472) 0.320 0.474 0.549 0.361 0.483 
   3   (0.528) 0.680 0.526 0.451 0.639 0.517 

Locus 46 : 45 
2 alleles
3.7% missing data
   1   (0.941) 0.793 0.952 0.967 0.972 0.976 
   4   (0.059) 0.207 0.048 0.033 0.028 0.024 

Locus 47 : 46 
2 alleles
16.4% missing data
   3   (0.943) 0.971 0.979 0.898 0.989 0.962 
   4   (0.057) 0.029 0.021 0.102 0.011 0.038 

Locus 48 : 47 
2 alleles
9.9% missing data
   4   (0.646) 0.751 0.670 0.506 0.767 0.665 
   1   (0.354) 0.249 0.330 0.494 0.233 0.335 

Locus 49 : 48 
2 alleles
5.9% missing data
   1   (0.768) 0.622 0.891 0.685 0.862 0.795 
   3   (0.232) 0.378 0.109 0.315 0.138 0.205 

Locus 50 : 49 
2 alleles
11.8% missing data
   3   (0.821) 0.867 0.879 0.911 0.947 0.767 
   2   (0.179) 0.133 0.121 0.089 0.053 0.233 

Locus 51 : 50 
2 alleles
11.8% missing data
   1   (0.869) 0.973 0.886 0.912 0.893 0.850 
   4   (0.131) 0.027 0.114 0.088 0.107 0.150 

Locus 52 : 51 
2 alleles
6.8% missing data
   3   (0.645) 0.794 0.766 0.607 0.505 0.628 
   2   (0.355) 0.206 0.234 0.393 0.495 0.372 

Locus 53 : 52 
2 alleles
3.7% missing data
   4   (0.918) 0.988 0.917 0.915 0.971 0.928 
   1   (0.082) 0.012 0.083 0.085 0.029 0.072 

Locus 54 : 53 
2 alleles
6.8% missing data
   3   (0.582) 0.819 0.698 0.453 0.547 0.556 
   2   (0.418) 0.181 0.302 0.547 0.453 0.444 

Locus 55 : 54 
2 alleles
9.9% missing data
   3   (0.857) 0.832 0.938 0.827 0.958 0.865 
   2   (0.143) 0.168 0.062 0.173 0.042 0.135 

Locus 56 : 55 
2 alleles
0.3% missing data
   4   (0.842) 0.610 0.928 0.873 0.850 0.872 
   2   (0.158) 0.390 0.072 0.127 0.150 0.128 

Locus 57 : 56 
2 alleles
23.5% missing data
   4   (0.579) 0.568 0.408 0.558 0.527 0.642 
   1   (0.421) 0.432 0.592 0.442 0.473 0.358 

Locus 58 : 57 
2 alleles
5.6% missing data
   2   (0.838) 0.968 0.904 0.957 0.819 0.727 
   3   (0.162) 0.032 0.096 0.043 0.181 0.273 

Locus 59 : 58 
2 alleles
9.0% missing data
   1   (0.621) 0.742 0.683 0.788 0.734 0.515 
   4   (0.379) 0.258 0.317 0.212 0.266 0.485 

Locus 60 : 59 
2 alleles
2.5% missing data
   4   (0.863) 0.977 0.843 0.923 0.849 0.846 
   2   (0.137) 0.023 0.157 0.077 0.151 0.154 

Locus 61 : 60 
2 alleles
3.4% missing data
   3   (0.461) 0.601 0.458 0.634 0.437 0.375 
   2   (0.539) 0.399 0.542 0.366 0.563 0.625 

Locus 62 : 61 
2 alleles
5.6% missing data
   4   (0.879) 0.796 0.965 0.941 0.964 0.850 
   3   (0.121) 0.204 0.035 0.059 0.036 0.150 

Locus 63 : 62 
2 alleles
5.9% missing data
   4   (0.908) 0.992 0.869 0.938 0.941 0.903 
   1   (0.092) 0.008 0.131 0.062 0.059 0.097 

Locus 64 : 63 
2 alleles
9.3% missing data
   3   (0.677) 0.633 0.842 0.736 0.762 0.623 
   2   (0.323) 0.367 0.158 0.264 0.238 0.377 

Locus 65 : 64 
2 alleles
6.5% missing data
   4   (0.795) 0.739 0.740 0.864 0.742 0.832 
   1   (0.205) 0.261 0.260 0.136 0.258 0.168 

Locus 66 : 65 
2 alleles
14.2% missing data
   4   (0.716) 0.618 0.784 0.747 0.754 0.726 
   1   (0.284) 0.382 0.216 0.253 0.246 0.274 

Locus 67 : 66 
2 alleles
14.9% missing data
   3   (0.558) 0.450 0.689 0.652 0.357 0.543 
   2   (0.442) 0.550 0.311 0.348 0.643 0.457 

Locus 68 : 67 
2 alleles
5.3% missing data
   3   (0.526) 0.681 0.507 0.449 0.534 0.532 
   2   (0.474) 0.319 0.493 0.551 0.466 0.468 

Locus 69 : 68 
2 alleles
2.8% missing data
   2   (0.536) 0.411 0.696 0.415 0.583 0.560 
   4   (0.464) 0.589 0.304 0.585 0.417 0.440 

Locus 70 : 69 
2 alleles
5.9% missing data
   2   (0.618) 0.783 0.721 0.656 0.657 0.551 
   3   (0.382) 0.217 0.279 0.344 0.343 0.449 

Locus 71 : 70 
2 alleles
7.7% missing data
   4   (0.781) 0.895 0.746 0.640 0.920 0.812 
   1   (0.219) 0.105 0.254 0.360 0.080 0.188 

Locus 72 : 71 
2 alleles
13.9% missing data
   3   (0.826) 0.959 0.912 0.772 0.594 0.832 
   2   (0.174) 0.041 0.088 0.228 0.406 0.168 

Locus 73 : 72 
2 alleles
4.0% missing data
   3   (0.916) 0.954 0.960 0.912 0.899 0.945 
   2   (0.084) 0.046 0.040 0.088 0.101 0.055 

Locus 74 : 73 
2 alleles
3.7% missing data
   3   (0.932) 0.995 0.899 0.991 0.985 0.877 
   2   (0.068) 0.005 0.101 0.009 0.015 0.123 

Locus 75 : 74 
2 alleles
5.6% missing data
   4   (0.854) 0.756 0.871 0.921 0.802 0.882 
   1   (0.146) 0.244 0.129 0.079 0.198 0.118 

Locus 76 : 75 
2 alleles
9.3% missing data
   3   (0.528) 0.559 0.498 0.730 0.479 0.466 
   2   (0.472) 0.441 0.502 0.270 0.521 0.534 

Locus 77 : 76 
2 alleles
18.6% missing data
   4   (0.681) 0.569 0.761 0.734 0.708 0.680 
   2   (0.319) 0.431 0.239 0.266 0.292 0.320 

Locus 78 : 77 
2 alleles
8.0% missing data
   1   (0.905) 0.941 0.942 0.923 0.927 0.924 
   3   (0.095) 0.059 0.058 0.077 0.073 0.076 

Locus 79 : 78 
2 alleles
8.7% missing data
   4   (0.913) 0.990 0.921 0.842 0.976 0.925 
   1   (0.087) 0.010 0.079 0.158 0.024 0.075 

Locus 80 : 79 
2 alleles
11.1% missing data
   3   (0.686) 0.680 0.595 0.651 0.879 0.709 
   2   (0.314) 0.320 0.405 0.349 0.121 0.291 

Locus 81 : 80 
2 alleles
12.1% missing data
   3   (0.920) 0.991 0.815 0.920 0.982 0.934 
   2   (0.080) 0.009 0.185 0.080 0.018 0.066 

Locus 82 : 81 
2 alleles
16.4% missing data
   3   (0.763) 0.863 0.756 0.829 0.696 0.759 
   1   (0.237) 0.137 0.244 0.171 0.304 0.241 

Locus 83 : 82 
2 alleles
4.0% missing data
   1   (0.430) 0.568 0.318 0.382 0.630 0.416 
   4   (0.570) 0.432 0.682 0.618 0.370 0.584 

Locus 84 : 83 
2 alleles
3.1% missing data
   4   (0.943) 0.995 0.984 0.884 0.987 0.945 
   1   (0.057) 0.005 0.016 0.116 0.013 0.055 

Locus 85 : 84 
2 alleles
24.5% missing data
   3   (0.758) 0.806 0.857 0.810 0.800 0.726 
   4   (0.242) 0.194 0.143 0.190 0.200 0.274 

Locus 86 : 85 
2 alleles
2.2% missing data
   3   (0.798) 0.918 0.804 0.789 0.680 0.819 
   1   (0.202) 0.082 0.196 0.211 0.320 0.181 

Locus 87 : 86 
2 alleles
15.8% missing data
   4   (0.522) 0.498 0.571 0.592 0.725 0.466 
   1   (0.478) 0.502 0.429 0.408 0.275 0.534 

Locus 88 : 87 
2 alleles
10.5% missing data
   4   (0.755) 0.965 0.783 0.633 0.900 0.712 
   1   (0.245) 0.035 0.217 0.367 0.100 0.288 

Locus 89 : 88 
2 alleles
17.6% missing data
   1   (0.894) 0.949 0.911 0.879 0.837 0.930 
   4   (0.106) 0.051 0.089 0.121 0.163 0.070 

Locus 90 : 89 
2 alleles
18.6% missing data
   1   (0.851) 0.943 0.866 0.884 0.895 0.847 
   4   (0.149) 0.057 0.134 0.116 0.105 0.153 

Locus 91 : 90 
2 alleles
15.8% missing data
   1   (0.910) 0.807 0.951 0.936 0.915 0.945 
   4   (0.090) 0.193 0.049 0.064 0.085 0.055 

Locus 92 : 91 
2 alleles
8.4% missing data
   2   (0.641) 0.638 0.690 0.662 0.535 0.652 
   3   (0.359) 0.362 0.310 0.338 0.465 0.348 

Locus 93 : 92 
2 alleles
15.2% missing data
   1   (0.689) 0.576 0.799 0.835 0.765 0.629 
   4   (0.311) 0.424 0.201 0.165 0.235 0.371 

Locus 94 : 93 
2 alleles
9.3% missing data
   1   (0.790) 0.928 0.879 0.741 0.904 0.754 
   4   (0.210) 0.072 0.121 0.259 0.096 0.246 

Locus 95 : 94 
2 alleles
7.4% missing data
   4   (0.894) 0.932 0.971 0.952 0.748 0.890 
   1   (0.106) 0.068 0.029 0.048 0.252 0.110 

Locus 96 : 95 
2 alleles
9.3% missing data
   3   (0.311) 0.472 0.258 0.419 0.260 0.253 
   2   (0.689) 0.528 0.742 0.581 0.740 0.747 

Locus 97 : 96 
2 alleles
14.2% missing data
   3   (0.772) 0.642 0.801 0.901 0.785 0.759 
   2   (0.228) 0.358 0.199 0.099 0.215 0.241 

Locus 98 : 97 
2 alleles
13.6% missing data
   3   (0.770) 0.728 0.908 0.843 0.718 0.740 
   2   (0.230) 0.272 0.092 0.157 0.282 0.260 

Locus 99 : 98 
2 alleles
9.0% missing data
   4   (0.937) 0.995 0.976 0.902 0.965 0.941 
   1   (0.063) 0.005 0.024 0.098 0.035 0.059 

Locus 100 : 99 
2 alleles
16.4% missing data
   2   (0.932) 0.985 0.958 0.986 0.984 0.893 
   3   (0.068) 0.015 0.042 0.014 0.016 0.107 

Locus 101 : 100 
2 alleles
19.8% missing data
   1   (0.862) 0.881 0.881 0.865 0.955 0.877 
   4   (0.138) 0.119 0.119 0.135 0.045 0.123 

Locus 102 : 101 
2 alleles
14.9% missing data
   1   (0.867) 0.906 0.942 0.873 0.788 0.883 
   4   (0.133) 0.094 0.058 0.127 0.212 0.117 

Locus 103 : 102 
2 alleles
18.9% missing data
   3   (0.766) 0.735 0.903 0.669 0.860 0.774 
   2   (0.234) 0.265 0.097 0.331 0.140 0.226 

Locus 104 : 103 
2 alleles
17.6% missing data
   3   (0.132) 0.122 0.046 0.126 0.034 0.144 
   2   (0.868) 0.878 0.954 0.874 0.966 0.856 

Locus 105 : 104 
2 alleles
1.2% missing data
   1   (0.424) 0.602 0.409 0.433 0.548 0.369 
   4   (0.576) 0.398 0.591 0.567 0.452 0.631 

Locus 106 : 105 
2 alleles
8.4% missing data
   4   (0.919) 0.940 0.947 0.849 0.905 0.963 
   1   (0.081) 0.060 0.053 0.151 0.095 0.037 

Locus 107 : 106 
2 alleles
4.3% missing data
   4   (0.759) 0.443 0.870 0.928 0.857 0.697 
   1   (0.241) 0.557 0.130 0.072 0.143 0.303 

Locus 108 : 107 
2 alleles
1.9% missing data
   3   (0.668) 0.776 0.644 0.598 0.868 0.664 
   2   (0.332) 0.224 0.356 0.402 0.132 0.336 

Locus 109 : 108 
2 alleles
0.6% missing data
   3   (0.908) 0.874 0.984 0.775 0.974 0.935 
   2   (0.092) 0.126 0.016 0.225 0.026 0.065 

Locus 110 : 109 
2 alleles
4.0% missing data
   3   (0.889) 0.848 0.971 0.794 0.876 0.927 
   1   (0.111) 0.152 0.029 0.206 0.124 0.073 

Locus 111 : 110 
2 alleles
5.9% missing data
   2   (0.889) 0.944 0.970 0.938 0.403 0.900 
   4   (0.111) 0.056 0.030 0.062 0.597 0.100 

Locus 112 : 111 
2 alleles
3.1% missing data
   1   (0.948) 0.994 0.992 0.983 0.371 0.953 
   3   (0.052) 0.006 0.008 0.017 0.629 0.047 

Locus 113 : 112 
2 alleles
7.1% missing data
   1   (0.902) 0.928 0.967 0.886 0.961 0.912 
   3   (0.098) 0.072 0.033 0.114 0.039 0.088 

Locus 114 : 113 
2 alleles
13.3% missing data
   1   (0.832) 0.833 0.892 0.768 0.872 0.867 
   4   (0.168) 0.167 0.108 0.232 0.128 0.133 

Locus 115 : 114 
2 alleles
6.5% missing data
   2   (0.930) 0.899 0.967 0.991 0.891 0.930 
   3   (0.070) 0.101 0.033 0.009 0.109 0.070 

Locus 116 : 115 
2 alleles
21.4% missing data
   4   (0.731) 0.835 0.876 0.716 0.828 0.677 
   1   (0.269) 0.165 0.124 0.284 0.172 0.323 

Locus 117 : 116 
2 alleles
3.4% missing data
   4   (0.925) 0.993 0.905 0.909 0.931 0.946 
   1   (0.075) 0.007 0.095 0.091 0.069 0.054 

Locus 118 : 117 
2 alleles
6.5% missing data
   1   (0.760) 0.704 0.835 0.814 0.709 0.768 
   4   (0.240) 0.296 0.165 0.186 0.291 0.232 

Locus 119 : 118 
2 alleles
20.7% missing data
   3   (0.846) 0.801 0.952 0.876 0.955 0.816 
   2   (0.154) 0.199 0.048 0.124 0.045 0.184 

Locus 120 : 119 
2 alleles
23.2% missing data
   4   (0.939) 0.951 0.975 0.919 0.981 0.963 
   1   (0.061) 0.049 0.025 0.081 0.019 0.037 

Locus 121 : 120 
2 alleles
8.7% missing data
   4   (0.759) 0.679 0.843 0.707 0.726 0.799 
   1   (0.241) 0.321 0.157 0.293 0.274 0.201 

Locus 122 : 121 
2 alleles
5.9% missing data
   4   (0.834) 0.933 0.928 0.870 0.786 0.810 
   1   (0.166) 0.067 0.072 0.130 0.214 0.190 

Locus 123 : 122 
2 alleles
22.9% missing data
   4   (0.917) 0.938 0.895 0.957 0.825 0.953 
   1   (0.083) 0.062 0.105 0.043 0.175 0.047 

Locus 124 : 123 
2 alleles
2.8% missing data
   4   (0.937) 0.914 0.982 0.824 0.939 0.977 
   3   (0.063) 0.086 0.018 0.176 0.061 0.023 

Locus 125 : 124 
2 alleles
14.6% missing data
   4   (0.785) 0.618 0.869 0.684 0.851 0.835 
   1   (0.215) 0.382 0.131 0.316 0.149 0.165 

Locus 126 : 125 
2 alleles
5.0% missing data
   4   (0.020) 0.266 0.003 0.007 0.003 0.004 
   2   (0.980) 0.734 0.997 0.993 0.997 0.996 

Locus 127 : 126 
2 alleles
6.8% missing data
   2   (0.936) 0.989 0.989 0.903 0.952 0.938 
   3   (0.064) 0.011 0.011 0.097 0.048 0.062 

Locus 128 : 127 
2 alleles
11.1% missing data
   1   (0.859) 0.988 0.927 0.760 0.961 0.812 
   2   (0.141) 0.012 0.073 0.240 0.039 0.188 

Locus 129 : 128 
2 alleles
8.7% missing data
   3   (0.829) 0.787 0.764 0.889 0.913 0.852 
   2   (0.171) 0.213 0.236 0.111 0.087 0.148 

Locus 130 : 129 
2 alleles
23.2% missing data
   2   (0.842) 0.878 0.943 0.809 0.949 0.828 
   3   (0.158) 0.122 0.057 0.191 0.051 0.172 

Locus 131 : 130 
2 alleles
23.5% missing data
   3   (0.797) 0.896 0.880 0.795 0.835 0.780 
   2   (0.203) 0.104 0.120 0.205 0.165 0.220 

Locus 132 : 131 
2 alleles
12.4% missing data
   4   (0.867) 0.944 0.784 0.956 0.975 0.833 
   1   (0.133) 0.056 0.216 0.044 0.025 0.167 

Locus 133 : 132 
2 alleles
10.2% missing data
   4   (0.805) 0.831 0.790 0.822 0.869 0.824 
   1   (0.195) 0.169 0.210 0.178 0.131 0.176 

Locus 134 : 133 
2 alleles
18.0% missing data
   2   (0.956) 0.995 0.990 0.987 0.229 0.968 
   4   (0.044) 0.005 0.010 0.013 0.771 0.032 

Locus 135 : 134 
2 alleles
9.6% missing data
   3   (0.590) 0.831 0.674 0.756 0.598 0.460 
   4   (0.410) 0.169 0.326 0.244 0.402 0.540 

Locus 136 : 135 
2 alleles
3.1% missing data
   4   (0.740) 0.847 0.826 0.753 0.804 0.713 
   1   (0.260) 0.153 0.174 0.247 0.196 0.287 

Locus 137 : 136 
2 alleles
21.7% missing data
   3   (0.847) 0.869 0.870 0.750 0.918 0.888 
   2   (0.153) 0.131 0.130 0.250 0.082 0.112 

Locus 138 : 137 
2 alleles
12.7% missing data
   2   (0.949) 0.995 0.990 0.963 0.353 0.967 
   4   (0.051) 0.005 0.010 0.037 0.647 0.033 

Locus 139 : 138 
2 alleles
11.5% missing data
   4   (0.875) 0.910 0.934 0.916 0.869 0.880 
   1   (0.125) 0.090 0.066 0.084 0.131 0.120 

Locus 140 : 139 
2 alleles
9.3% missing data
   3   (0.790) 0.900 0.909 0.753 0.879 0.753 
   2   (0.210) 0.100 0.091 0.247 0.121 0.247 

Locus 141 : 140 
2 alleles
11.5% missing data
   2   (0.910) 0.929 0.915 0.965 0.897 0.930 
   3   (0.090) 0.071 0.085 0.035 0.103 0.070 

Locus 142 : 141 
2 alleles
4.6% missing data
   2   (0.863) 0.932 0.908 0.857 0.866 0.880 
   3   (0.137) 0.068 0.092 0.143 0.134 0.120 

Locus 143 : 142 
2 alleles
3.4% missing data
   4   (0.952) 0.797 0.990 0.991 0.992 0.954 
   1   (0.048) 0.203 0.010 0.009 0.008 0.046 

Locus 144 : 143 
2 alleles
8.7% missing data
   4   (0.909) 0.982 0.931 0.902 0.941 0.919 
   1   (0.091) 0.018 0.069 0.098 0.059 0.081 

Locus 145 : 144 
2 alleles
5.0% missing data
   4   (0.768) 0.687 0.782 0.920 0.867 0.720 
   2   (0.232) 0.313 0.218 0.080 0.133 0.280 

Locus 146 : 145 
2 alleles
1.9% missing data
   4   (0.903) 0.617 0.980 0.960 0.958 0.903 
   2   (0.097) 0.383 0.020 0.040 0.042 0.097 

Locus 147 : 146 
2 alleles
5.0% missing data
   1   (0.815) 0.681 0.824 0.916 0.870 0.819 
   4   (0.185) 0.319 0.176 0.084 0.130 0.181 

Locus 148 : 147 
2 alleles
18.6% missing data
   3   (0.731) 0.390 0.668 0.832 0.811 0.775 
   2   (0.269) 0.610 0.332 0.168 0.189 0.225 

Locus 149 : 148 
2 alleles
9.6% missing data
   3   (0.696) 0.697 0.702 0.650 0.795 0.722 
   2   (0.304) 0.303 0.298 0.350 0.205 0.278 

Locus 150 : 149 
2 alleles
12.1% missing data
   1   (0.924) 0.929 0.969 0.959 0.961 0.936 
   2   (0.076) 0.071 0.031 0.041 0.039 0.064 

Locus 151 : 150 
2 alleles
13.9% missing data
   4   (0.770) 0.604 0.849 0.719 0.740 0.825 
   1   (0.230) 0.396 0.151 0.281 0.260 0.175 

Locus 152 : 151 
2 alleles
14.9% missing data
   4   (0.643) 0.606 0.826 0.708 0.603 0.596 
   3   (0.357) 0.394 0.174 0.292 0.397 0.404 

Locus 153 : 152 
2 alleles
2.8% missing data
   3   (0.847) 0.982 0.844 0.858 0.917 0.812 
   2   (0.153) 0.018 0.156 0.142 0.083 0.188 

Locus 154 : 153 
2 alleles
13.9% missing data
   3   (0.904) 0.962 0.914 0.939 0.917 0.920 
   1   (0.096) 0.038 0.086 0.061 0.083 0.080 

Locus 155 : 154 
2 alleles
17.6% missing data
   1   (0.936) 0.892 0.983 0.966 0.982 0.947 
   3   (0.064) 0.108 0.017 0.034 0.018 0.053 

Locus 156 : 155 
2 alleles
9.0% missing data
   4   (0.760) 0.795 0.716 0.753 0.884 0.778 
   1   (0.240) 0.205 0.284 0.247 0.116 0.222 

Locus 157 : 156 
2 alleles
10.2% missing data
   4   (0.918) 0.820 0.971 0.968 0.880 0.938 
   1   (0.082) 0.180 0.029 0.032 0.120 0.062 

Locus 158 : 157 
2 alleles
13.9% missing data
   1   (0.984) 0.998 0.998 0.998 0.335 0.996 
   3   (0.016) 0.002 0.002 0.002 0.665 0.004 

Locus 159 : 158 
2 alleles
8.4% missing data
   3   (0.668) 0.799 0.576 0.727 0.576 0.672 
   2   (0.332) 0.201 0.424 0.273 0.424 0.328 

Locus 160 : 159 
2 alleles
1.2% missing data
   1   (0.651) 0.741 0.827 0.778 0.381 0.582 
   3   (0.349) 0.259 0.173 0.222 0.619 0.418 

Locus 161 : 160 
2 alleles
21.4% missing data
   1   (0.840) 0.879 0.839 0.884 0.941 0.839 
   4   (0.160) 0.121 0.161 0.116 0.059 0.161 

Locus 162 : 161 
2 alleles
8.4% missing data
   3   (0.909) 0.980 0.921 0.942 0.899 0.918 
   1   (0.091) 0.020 0.079 0.058 0.101 0.082 

Locus 163 : 162 
2 alleles
1.2% missing data
   3   (0.919) 0.873 0.905 0.986 0.960 0.926 
   1   (0.081) 0.127 0.095 0.014 0.040 0.074 

Locus 164 : 163 
2 alleles
7.4% missing data
   4   (0.847) 0.827 0.905 0.822 0.931 0.868 
   3   (0.153) 0.173 0.095 0.178 0.069 0.132 

Locus 165 : 164 
2 alleles
18.3% missing data
   2   (0.877) 0.900 0.909 0.876 0.905 0.902 
   4   (0.123) 0.100 0.091 0.124 0.095 0.098 

Locus 166 : 165 
2 alleles
19.5% missing data
   2   (0.860) 0.925 0.903 0.880 0.768 0.880 
   1   (0.140) 0.075 0.097 0.120 0.232 0.120 

Locus 167 : 166 
2 alleles
9.6% missing data
