

----------------------------------------------------
STRUCTURE by Pritchard, Stephens and Donnelly (2000)
     and Falush, Stephens and Pritchard (2003)
       Code by Pritchard, Falush and Hubisz
             Version 2.3.4 (Jul 2012)
----------------------------------------------------



Command line arguments:   structure -m data/structure/mainparams.txt -e data/structure/extraparams.txt -K 5 -o data/structure/structure_output_5 
Input File:    data/structure/structure_input.tab

Run parameters:
   323 individuals
   2366 loci
   5 populations assumed
   10000 Burn-in period
   25000 Reps


--------------------------------------------
Overall proportion of membership of the
sample in each of the 5 clusters

Inferred Clusters
  1      2      3      4      5    
0.318  0.057  0.175  0.171  0.278  

--------------------------------------------

Allele-freq. divergence among pops (Net nucleotide distance),
computed using point estimates of P.

      1       2       3       4       5      
 1      -    0.0199  0.0095  0.0182  0.0123  
 2   0.0199     -    0.0245  0.0312  0.0252  
 3   0.0095  0.0245     -    0.0211  0.0161  
 4   0.0182  0.0312  0.0211     -    0.0220  
 5   0.0123  0.0252  0.0161  0.0220     -    

Average distances (expected heterozygosity) between individuals in same cluster:
cluster  1  : 0.2954 
cluster  2  : 0.2680 
cluster  3  : 0.2442 
cluster  4  : 0.2668 
cluster  5  : 0.2781 

--------------------------------------------
Estimated Ln Prob of Data   = -603665.6
Mean value of ln likelihood = -600403.3
Variance of ln likelihood   = 6524.6
Mean value of alpha         = 0.1510

Mean value of Fst_1         = 0.0247
Mean value of Fst_2         = 0.1910
Mean value of Fst_3         = 0.1000
Mean value of Fst_4         = 0.1141
Mean value of Fst_5         = 0.0661


Inferred ancestry of individuals:
     (%Miss) :  Inferred clusters
  1    (2)   :  0.176 0.004 0.007 0.574 0.239 
  2    (2)   :  0.069 0.011 0.034 0.128 0.758 
  3    (3)   :  0.005 0.102 0.004 0.187 0.702 
  4    (0)   :  0.007 0.002 0.011 0.596 0.384 
  5    (0)   :  0.059 0.024 0.019 0.092 0.806 
  6    (0)   :  0.061 0.004 0.012 0.071 0.853 
  7    (0)   :  0.012 0.143 0.009 0.379 0.457 
  8    (0)   :  0.046 0.003 0.004 0.019 0.928 
  9    (0)   :  0.018 0.004 0.024 0.265 0.689 
 10    (8)   :  0.019 0.030 0.015 0.596 0.340 
 11    (1)   :  0.022 0.003 0.011 0.572 0.392 
 12    (0)   :  0.005 0.001 0.009 0.682 0.302 
 13    (0)   :  0.019 0.004 0.003 0.052 0.922 
 14    (0)   :  0.095 0.017 0.006 0.047 0.836 
 15    (0)   :  0.689 0.231 0.008 0.062 0.010 
 16    (0)   :  0.900 0.004 0.061 0.006 0.029 
 17    (5)   :  0.902 0.002 0.078 0.005 0.012 
 18    (1)   :  0.965 0.014 0.014 0.005 0.002 
 19    (3)   :  0.833 0.054 0.085 0.008 0.021 
 20    (4)   :  0.731 0.237 0.024 0.004 0.004 
 21    (2)   :  0.648 0.232 0.112 0.005 0.003 
 22    (1)   :  0.932 0.003 0.039 0.018 0.008 
 23    (5)   :  0.893 0.086 0.009 0.004 0.008 
 24    (8)   :  0.485 0.270 0.236 0.006 0.003 
 25    (1)   :  0.823 0.003 0.091 0.060 0.024 
 26    (1)   :  0.929 0.003 0.052 0.007 0.010 
 27    (0)   :  0.904 0.003 0.071 0.013 0.010 
 28    (0)   :  0.953 0.005 0.030 0.005 0.006 
 29    (0)   :  0.938 0.005 0.045 0.007 0.005 
 30    (1)   :  0.863 0.003 0.077 0.041 0.016 
 31    (7)   :  0.869 0.010 0.033 0.016 0.072 
 32   (15)   :  0.584 0.017 0.384 0.007 0.008 
 33    (8)   :  0.882 0.002 0.080 0.018 0.018 
 34    (0)   :  0.977 0.004 0.005 0.010 0.004 
 35    (0)   :  0.780 0.003 0.114 0.039 0.065 
 36    (4)   :  0.894 0.053 0.014 0.022 0.017 
 37    (6)   :  0.961 0.002 0.022 0.010 0.005 
 38    (2)   :  0.964 0.001 0.005 0.013 0.017 
 39    (0)   :  0.940 0.019 0.010 0.017 0.015 
 40    (5)   :  0.002 0.195 0.003 0.797 0.003 
 41    (2)   :  0.006 0.003 0.004 0.983 0.005 
 42    (0)   :  0.004 0.003 0.003 0.988 0.002 
 43    (8)   :  0.007 0.004 0.134 0.852 0.003 
 44    (1)   :  0.004 0.070 0.003 0.920 0.004 
 45   (55)   :  0.043 0.006 0.687 0.220 0.044 
 46    (2)   :  0.007 0.019 0.003 0.959 0.011 
 47    (0)   :  0.005 0.002 0.003 0.987 0.003 
 48    (1)   :  0.006 0.012 0.007 0.974 0.002 
 49   (14)   :  0.040 0.003 0.026 0.912 0.019 
 50    (1)   :  0.009 0.004 0.006 0.974 0.007 
 51    (6)   :  0.008 0.002 0.028 0.958 0.004 
 52    (1)   :  0.003 0.280 0.006 0.587 0.124 
 53    (0)   :  0.018 0.034 0.005 0.937 0.006 
 54    (7)   :  0.006 0.313 0.008 0.452 0.221 
 55    (6)   :  0.012 0.346 0.015 0.559 0.067 
 56   (13)   :  0.362 0.320 0.301 0.008 0.008 
 57    (0)   :  0.005 0.002 0.023 0.615 0.355 
 58    (0)   :  0.005 0.142 0.004 0.847 0.002 
 59    (3)   :  0.012 0.006 0.015 0.959 0.007 
 60    (4)   :  0.531 0.034 0.395 0.006 0.034 
 61    (5)   :  0.569 0.005 0.414 0.006 0.006 
 62    (8)   :  0.404 0.378 0.205 0.003 0.010 
 63    (5)   :  0.328 0.330 0.325 0.010 0.007 
 64    (0)   :  0.475 0.432 0.066 0.022 0.004 
 65    (0)   :  0.408 0.372 0.210 0.003 0.007 
 66    (5)   :  0.564 0.203 0.226 0.004 0.003 
 67    (7)   :  0.513 0.079 0.366 0.010 0.031 
 68    (3)   :  0.325 0.004 0.008 0.003 0.660 
 69    (4)   :  0.300 0.076 0.009 0.003 0.612 
 70    (1)   :  0.021 0.004 0.023 0.132 0.821 
 71   (23)   :  0.037 0.011 0.331 0.007 0.615 
 72    (0)   :  0.029 0.016 0.019 0.004 0.932 
 73    (2)   :  0.006 0.158 0.006 0.005 0.824 
 74    (0)   :  0.331 0.006 0.004 0.001 0.658 
 75    (0)   :  0.067 0.013 0.002 0.028 0.890 
 76    (0)   :  0.012 0.145 0.007 0.131 0.706 
 77    (0)   :  0.198 0.241 0.002 0.003 0.556 
 78    (1)   :  0.971 0.001 0.009 0.006 0.013 
 79    (0)   :  0.945 0.014 0.005 0.005 0.031 
 80    (1)   :  0.855 0.006 0.109 0.010 0.019 
 81    (0)   :  0.916 0.071 0.006 0.004 0.004 
 82    (3)   :  0.946 0.002 0.006 0.042 0.004 
 83    (0)   :  0.977 0.003 0.003 0.005 0.012 
 84    (0)   :  0.967 0.016 0.005 0.007 0.005 
 85    (0)   :  0.770 0.215 0.009 0.002 0.004 
 86    (3)   :  0.947 0.003 0.036 0.004 0.011 
 87    (5)   :  0.861 0.005 0.111 0.012 0.012 
 88    (6)   :  0.870 0.009 0.072 0.016 0.032 
 89    (2)   :  0.837 0.095 0.006 0.037 0.024 
 90    (3)   :  0.959 0.002 0.005 0.006 0.027 
 91    (5)   :  0.871 0.007 0.072 0.035 0.015 
 92    (0)   :  0.963 0.008 0.007 0.015 0.008 
 93    (1)   :  0.687 0.190 0.098 0.019 0.007 
 94    (2)   :  0.719 0.002 0.229 0.004 0.045 
 95    (2)   :  0.678 0.008 0.187 0.010 0.117 
 96    (0)   :  0.600 0.341 0.006 0.006 0.047 
 97    (0)   :  0.713 0.004 0.078 0.005 0.200 
 98    (2)   :  0.866 0.004 0.093 0.007 0.030 
 99    (2)   :  0.755 0.004 0.137 0.025 0.080 
100   (24)   :  0.308 0.228 0.403 0.009 0.052 
101    (3)   :  0.547 0.383 0.040 0.024 0.006 
102   (43)   :  0.013 0.004 0.216 0.142 0.625 
103    (7)   :  0.007 0.003 0.178 0.065 0.747 
104    (3)   :  0.012 0.004 0.039 0.242 0.703 
105    (7)   :  0.009 0.326 0.003 0.055 0.607 
106    (4)   :  0.005 0.037 0.004 0.689 0.265 
107    (1)   :  0.004 0.302 0.005 0.003 0.685 
108    (6)   :  0.007 0.002 0.109 0.535 0.347 
109    (8)   :  0.010 0.004 0.056 0.583 0.347 
110    (9)   :  0.022 0.003 0.059 0.078 0.838 
111   (17)   :  0.006 0.006 0.067 0.115 0.805 
112   (54)   :  0.008 0.020 0.280 0.010 0.682 
113    (2)   :  0.024 0.003 0.031 0.161 0.781 
114    (6)   :  0.005 0.002 0.009 0.025 0.959 
115    (9)   :  0.003 0.298 0.002 0.002 0.694 
116    (3)   :  0.034 0.003 0.026 0.068 0.869 
117    (1)   :  0.029 0.002 0.025 0.157 0.787 
118    (3)   :  0.007 0.003 0.072 0.256 0.662 
119   (15)   :  0.020 0.134 0.019 0.003 0.824 
120   (19)   :  0.007 0.003 0.105 0.022 0.862 
121    (0)   :  0.003 0.001 0.011 0.266 0.719 
122    (0)   :  0.024 0.006 0.004 0.450 0.515 
123    (7)   :  0.034 0.011 0.194 0.023 0.738 
124    (0)   :  0.004 0.282 0.002 0.122 0.590 
125    (0)   :  0.014 0.003 0.015 0.593 0.376 
126    (3)   :  0.007 0.005 0.058 0.134 0.795 
127    (1)   :  0.063 0.003 0.047 0.180 0.707 
128    (4)   :  0.009 0.003 0.136 0.096 0.757 
129   (16)   :  0.557 0.225 0.153 0.048 0.017 
130   (43)   :  0.470 0.006 0.496 0.016 0.013 
131   (17)   :  0.544 0.021 0.414 0.005 0.016 
132   (11)   :  0.368 0.356 0.264 0.004 0.008 
133   (14)   :  0.669 0.143 0.146 0.009 0.032 
134    (5)   :  0.548 0.012 0.378 0.058 0.004 
135    (2)   :  0.836 0.002 0.135 0.017 0.010 
136   (37)   :  0.006 0.117 0.052 0.816 0.008 
137   (25)   :  0.078 0.228 0.278 0.407 0.009 
138   (42)   :  0.084 0.006 0.605 0.257 0.049 
139   (12)   :  0.007 0.013 0.214 0.044 0.722 
140    (3)   :  0.018 0.002 0.044 0.090 0.846 
141    (3)   :  0.279 0.002 0.036 0.003 0.680 
142   (10)   :  0.213 0.020 0.067 0.003 0.698 
143    (3)   :  0.213 0.274 0.006 0.002 0.505 
144    (9)   :  0.361 0.003 0.034 0.005 0.597 
145   (15)   :  0.255 0.002 0.048 0.011 0.684 
146   (12)   :  0.218 0.002 0.265 0.005 0.510 
147   (30)   :  0.301 0.002 0.158 0.002 0.536 
148   (51)   :  0.013 0.004 0.598 0.364 0.020 
149    (0)   :  0.002 0.001 0.005 0.989 0.003 
150    (0)   :  0.004 0.003 0.011 0.979 0.004 
151    (0)   :  0.002 0.218 0.002 0.777 0.001 
152    (3)   :  0.018 0.006 0.033 0.929 0.014 
153    (0)   :  0.005 0.003 0.003 0.968 0.022 
154    (1)   :  0.003 0.001 0.005 0.984 0.006 
155    (0)   :  0.398 0.006 0.148 0.380 0.067 
156    (0)   :  0.410 0.002 0.142 0.191 0.256 
157   (31)   :  0.038 0.005 0.609 0.267 0.080 
158   (14)   :  0.199 0.017 0.530 0.152 0.101 
159   (19)   :  0.029 0.252 0.516 0.187 0.016 
160   (39)   :  0.019 0.007 0.760 0.195 0.020 
161    (1)   :  0.310 0.002 0.454 0.195 0.038 
162    (3)   :  0.464 0.008 0.388 0.135 0.004 
163    (8)   :  0.047 0.373 0.445 0.131 0.004 
164   (12)   :  0.018 0.010 0.604 0.187 0.181 
165   (10)   :  0.459 0.003 0.413 0.100 0.024 
166   (13)   :  0.154 0.002 0.658 0.176 0.010 
167   (47)   :  0.014 0.140 0.827 0.011 0.007 
168   (85)   :  0.055 0.048 0.834 0.042 0.022 
169   (10)   :  0.384 0.003 0.520 0.026 0.067 
170   (17)   :  0.218 0.009 0.595 0.057 0.121 
171    (4)   :  0.030 0.388 0.035 0.008 0.539 
172    (3)   :  0.004 0.081 0.006 0.120 0.788 
173    (9)   :  0.033 0.003 0.050 0.020 0.894 
174    (2)   :  0.110 0.004 0.023 0.019 0.844 
175    (0)   :  0.010 0.228 0.004 0.018 0.739 
176    (8)   :  0.022 0.005 0.149 0.003 0.822 
177    (0)   :  0.339 0.019 0.011 0.112 0.519 
178    (1)   :  0.011 0.033 0.108 0.089 0.760 
179    (0)   :  0.009 0.002 0.006 0.057 0.927 
180    (0)   :  0.056 0.377 0.005 0.005 0.557 
181    (2)   :  0.042 0.056 0.010 0.018 0.875 
182    (0)   :  0.045 0.004 0.006 0.564 0.380 
183    (0)   :  0.235 0.019 0.007 0.006 0.733 
184    (1)   :  0.005 0.250 0.002 0.009 0.734 
185   (20)   :  0.094 0.015 0.245 0.019 0.627 
186    (0)   :  0.032 0.013 0.012 0.036 0.907 
187    (2)   :  0.057 0.344 0.004 0.004 0.590 
188    (1)   :  0.381 0.007 0.021 0.014 0.577 
189   (12)   :  0.082 0.005 0.163 0.007 0.743 
190    (0)   :  0.342 0.003 0.008 0.026 0.621 
191    (0)   :  0.003 0.002 0.003 0.001 0.990 
192    (5)   :  0.176 0.002 0.137 0.037 0.648 
193   (11)   :  0.003 0.284 0.007 0.004 0.702 
194   (14)   :  0.131 0.011 0.025 0.018 0.815 
195    (2)   :  0.160 0.003 0.017 0.004 0.816 
196    (7)   :  0.011 0.002 0.015 0.081 0.891 
197    (3)   :  0.017 0.334 0.025 0.006 0.619 
198    (5)   :  0.004 0.002 0.009 0.003 0.982 
199    (9)   :  0.053 0.009 0.096 0.010 0.832 
200    (1)   :  0.003 0.004 0.009 0.007 0.976 
201    (9)   :  0.058 0.296 0.014 0.003 0.629 
202    (7)   :  0.010 0.003 0.108 0.009 0.869 
203    (1)   :  0.249 0.003 0.037 0.012 0.699 
204    (6)   :  0.022 0.013 0.108 0.005 0.852 
205    (0)   :  0.020 0.002 0.010 0.091 0.877 
206    (0)   :  0.117 0.130 0.007 0.002 0.744 
207    (0)   :  0.307 0.001 0.009 0.002 0.680 
208    (3)   :  0.008 0.002 0.008 0.002 0.981 
209   (13)   :  0.039 0.005 0.156 0.114 0.686 
210    (2)   :  0.009 0.042 0.025 0.007 0.918 
211    (7)   :  0.005 0.002 0.012 0.007 0.974 
212    (2)   :  0.010 0.012 0.015 0.021 0.943 
213    (8)   :  0.273 0.006 0.042 0.007 0.672 
214   (17)   :  0.006 0.009 0.329 0.007 0.648 
215    (6)   :  0.438 0.003 0.387 0.163 0.009 
216    (0)   :  0.480 0.004 0.283 0.227 0.006 
217    (4)   :  0.007 0.096 0.003 0.891 0.002 
218    (2)   :  0.123 0.011 0.013 0.837 0.016 
219   (12)   :  0.008 0.005 0.022 0.189 0.775 
220   (13)   :  0.016 0.050 0.145 0.254 0.535 
221   (49)   :  0.147 0.143 0.677 0.008 0.024 
222   (12)   :  0.671 0.002 0.303 0.020 0.004 
223    (2)   :  0.808 0.018 0.167 0.002 0.004 
224    (6)   :  0.645 0.003 0.340 0.004 0.009 
225   (21)   :  0.701 0.005 0.281 0.005 0.007 
226    (2)   :  0.821 0.002 0.142 0.018 0.016 
227    (5)   :  0.624 0.004 0.354 0.008 0.010 
228   (45)   :  0.248 0.005 0.535 0.015 0.198 
229   (48)   :  0.305 0.138 0.525 0.011 0.021 
230    (0)   :  0.922 0.005 0.028 0.003 0.042 
231    (2)   :  0.892 0.003 0.007 0.090 0.008 
232    (0)   :  0.763 0.020 0.104 0.011 0.102 
233    (0)   :  0.812 0.006 0.156 0.010 0.017 
234    (3)   :  0.790 0.002 0.192 0.003 0.013 
235    (1)   :  0.589 0.149 0.244 0.009 0.010 
236   (25)   :  0.622 0.003 0.263 0.076 0.035 
237    (2)   :  0.910 0.003 0.074 0.003 0.009 
238   (21)   :  0.546 0.002 0.422 0.006 0.023 
239   (11)   :  0.796 0.016 0.123 0.040 0.025 
240    (0)   :  0.944 0.005 0.030 0.014 0.006 
241   (62)   :  0.039 0.143 0.799 0.005 0.014 
242    (8)   :  0.605 0.006 0.374 0.005 0.010 
243    (7)   :  0.800 0.006 0.189 0.001 0.003 
244    (4)   :  0.705 0.258 0.029 0.005 0.003 
245   (18)   :  0.659 0.005 0.318 0.013 0.005 
246   (38)   :  0.516 0.003 0.431 0.017 0.033 
247    (7)   :  0.524 0.124 0.163 0.010 0.179 
248   (55)   :  0.066 0.262 0.642 0.010 0.021 
249    (1)   :  0.718 0.002 0.259 0.010 0.011 
250    (0)   :  0.736 0.011 0.203 0.037 0.013 
251    (7)   :  0.667 0.004 0.318 0.005 0.005 
252    (1)   :  0.634 0.009 0.340 0.005 0.012 
253    (4)   :  0.810 0.006 0.162 0.006 0.016 
254    (8)   :  0.748 0.002 0.178 0.004 0.068 
255   (36)   :  0.334 0.005 0.640 0.016 0.005 
256    (9)   :  0.748 0.005 0.227 0.008 0.011 
257   (72)   :  0.031 0.004 0.898 0.006 0.060 
258    (1)   :  0.691 0.006 0.271 0.015 0.017 
259    (0)   :  0.710 0.003 0.232 0.053 0.003 
260    (0)   :  0.821 0.079 0.072 0.023 0.005 
261    (0)   :  0.907 0.003 0.075 0.004 0.010 
262    (1)   :  0.877 0.002 0.093 0.014 0.015 
263    (3)   :  0.778 0.007 0.200 0.004 0.011 
264   (29)   :  0.360 0.187 0.440 0.004 0.008 
265    (0)   :  0.647 0.002 0.237 0.102 0.011 
266    (0)   :  0.894 0.002 0.090 0.008 0.006 
267    (7)   :  0.777 0.003 0.198 0.008 0.014 
268   (40)   :  0.005 0.003 0.424 0.024 0.545 
269   (72)   :  0.012 0.005 0.659 0.130 0.195 
270    (2)   :  0.334 0.018 0.025 0.009 0.614 
271   (68)   :  0.019 0.003 0.709 0.008 0.261 
272   (49)   :  0.020 0.004 0.588 0.005 0.383 
273   (18)   :  0.656 0.002 0.031 0.005 0.306 
274    (7)   :  0.129 0.016 0.015 0.007 0.834 
275   (70)   :  0.014 0.155 0.486 0.139 0.207 
276    (2)   :  0.242 0.006 0.009 0.003 0.741 
277   (70)   :  0.007 0.004 0.550 0.006 0.433 
278    (4)   :  0.919 0.003 0.018 0.029 0.031 
279    (2)   :  0.720 0.013 0.248 0.007 0.012 
280    (4)   :  0.005 0.138 0.015 0.710 0.132 
281    (0)   :  0.197 0.007 0.004 0.019 0.773 
282    (2)   :  0.133 0.028 0.010 0.012 0.817 
283    (4)   :  0.006 0.125 0.010 0.021 0.839 
284   (22)   :  0.005 0.190 0.048 0.053 0.705 
285    (0)   :  0.521 0.018 0.238 0.142 0.081 
286   (72)   :  0.065 0.016 0.747 0.026 0.147 
287    (1)   :  0.527 0.177 0.271 0.016 0.009 
288    (0)   :  0.744 0.019 0.100 0.119 0.017 
289    (0)   :  0.004 0.204 0.003 0.729 0.060 
290    (0)   :  0.011 0.034 0.003 0.938 0.014 
291    (0)   :  0.514 0.007 0.007 0.004 0.469 
292    (0)   :  0.017 0.004 0.007 0.963 0.010 
293    (0)   :  0.002 0.001 0.002 0.990 0.005 
294    (0)   :  0.015 0.004 0.013 0.801 0.168 
295    (0)   :  0.420 0.003 0.010 0.002 0.565 
296    (0)   :  0.537 0.070 0.381 0.006 0.006 
297   (37)   :  0.168 0.005 0.784 0.028 0.016 
298   (50)   :  0.011 0.003 0.955 0.025 0.006 
299    (1)   :  0.418 0.002 0.572 0.003 0.005 
300    (0)   :  0.470 0.002 0.515 0.004 0.008 
301   (20)   :  0.243 0.087 0.489 0.004 0.177 
302   (54)   :  0.010 0.090 0.771 0.106 0.023 
303    (4)   :  0.285 0.002 0.663 0.029 0.022 
304   (56)   :  0.020 0.007 0.882 0.024 0.068 
305   (82)   :  0.020 0.005 0.945 0.017 0.013 
306    (1)   :  0.170 0.006 0.788 0.009 0.027 
307   (12)   :  0.193 0.002 0.755 0.005 0.045 
308   (10)   :  0.211 0.009 0.718 0.049 0.014 
309   (23)   :  0.176 0.064 0.745 0.009 0.006 
310   (10)   :  0.288 0.033 0.582 0.057 0.041 
311    (4)   :  0.351 0.002 0.615 0.023 0.008 
312    (3)   :  0.445 0.004 0.537 0.008 0.006 
313   (10)   :  0.408 0.018 0.547 0.006 0.021 
314    (3)   :  0.220 0.002 0.635 0.008 0.134 
315    (2)   :  0.006 0.004 0.034 0.943 0.013 
316   (46)   :  0.004 0.150 0.023 0.820 0.003 
317    (5)   :  0.012 0.004 0.078 0.895 0.011 
318   (44)   :  0.004 0.221 0.039 0.696 0.039 
319    (2)   :  0.002 0.002 0.009 0.979 0.008 
320    (3)   :  0.003 0.002 0.020 0.972 0.003 
321    (6)   :  0.010 0.005 0.132 0.648 0.206 
322    (0)   :  0.028 0.006 0.017 0.926 0.023 
323    (2)   :  0.008 0.002 0.010 0.971 0.009 


Estimated Allele Frequencies in each cluster
First column gives estimated ancestral frequencies


Locus 1 : 0 
2 alleles
17.0% missing data
   2   (0.921) 0.878 0.983 0.959 0.994 0.947 
   4   (0.079) 0.122 0.017 0.041 0.006 0.053 

Locus 2 : 1 
2 alleles
16.1% missing data
   3   (0.039) 0.012 0.021 0.009 0.238 0.025 
   1   (0.961) 0.988 0.979 0.991 0.762 0.975 

Locus 3 : 2 
2 alleles
12.1% missing data
   1   (0.901) 0.914 0.960 0.980 0.636 0.934 
   4   (0.099) 0.086 0.040 0.020 0.364 0.066 

Locus 4 : 3 
2 alleles
6.5% missing data
   1   (0.503) 0.466 0.566 0.532 0.237 0.719 
   2   (0.497) 0.534 0.434 0.468 0.763 0.281 

Locus 5 : 4 
2 alleles
20.4% missing data
   3   (0.489) 0.458 0.476 0.512 0.247 0.693 
   1   (0.511) 0.542 0.524 0.488 0.753 0.307 

Locus 6 : 5 
2 alleles
15.8% missing data
   2   (0.883) 0.929 0.960 0.887 0.831 0.835 
   3   (0.117) 0.071 0.040 0.113 0.169 0.165 

Locus 7 : 6 
2 alleles
11.8% missing data
   4   (0.714) 0.680 0.774 0.633 0.528 0.909 
   1   (0.286) 0.320 0.226 0.367 0.472 0.091 

Locus 8 : 7 
2 alleles
17.3% missing data
   3   (0.255) 0.234 0.144 0.390 0.263 0.197 
   2   (0.745) 0.766 0.856 0.610 0.737 0.803 

Locus 9 : 8 
2 alleles
23.8% missing data
   2   (0.856) 0.891 0.970 0.864 0.823 0.814 
   4   (0.144) 0.109 0.030 0.136 0.177 0.186 

Locus 10 : 9 
2 alleles
6.5% missing data
   1   (0.701) 0.747 0.665 0.708 0.679 0.662 
   4   (0.299) 0.253 0.335 0.292 0.321 0.338 

Locus 11 : 10 
2 alleles
1.9% missing data
   1   (0.945) 0.982 0.992 0.936 0.949 0.916 
   3   (0.055) 0.018 0.008 0.064 0.051 0.084 

Locus 12 : 11 
2 alleles
0.9% missing data
   4   (0.940) 0.863 0.966 0.963 0.996 0.995 
   1   (0.060) 0.137 0.034 0.037 0.004 0.005 

Locus 13 : 12 
2 alleles
20.1% missing data
   1   (0.934) 0.963 0.945 0.986 0.932 0.902 
   3   (0.066) 0.037 0.055 0.014 0.068 0.098 

Locus 14 : 13 
2 alleles
19.8% missing data
   1   (0.943) 0.965 0.989 0.984 0.976 0.879 
   4   (0.057) 0.035 0.011 0.016 0.024 0.121 

Locus 15 : 14 
2 alleles
23.2% missing data
   4   (0.747) 0.814 0.544 0.720 0.647 0.752 
   1   (0.253) 0.186 0.456 0.280 0.353 0.248 

Locus 16 : 15 
2 alleles
20.7% missing data
   2   (0.928) 0.952 0.987 0.966 0.921 0.937 
   4   (0.072) 0.048 0.013 0.034 0.079 0.063 

Locus 17 : 16 
2 alleles
4.3% missing data
   3   (0.636) 0.744 0.522 0.711 0.454 0.429 
   1   (0.364) 0.256 0.478 0.289 0.546 0.571 

Locus 18 : 17 
2 alleles
11.8% missing data
   2   (0.785) 0.793 0.678 0.840 0.817 0.841 
   3   (0.215) 0.207 0.322 0.160 0.183 0.159 

Locus 19 : 18 
2 alleles
12.1% missing data
   3   (0.825) 0.876 0.919 0.752 0.639 0.861 
   2   (0.175) 0.124 0.081 0.248 0.361 0.139 

Locus 20 : 19 
2 alleles
24.5% missing data
   4   (0.927) 0.850 0.970 0.978 0.979 0.987 
   1   (0.073) 0.150 0.030 0.022 0.021 0.013 

Locus 21 : 20 
2 alleles
3.4% missing data
   2   (0.521) 0.648 0.481 0.417 0.446 0.294 
   3   (0.479) 0.352 0.519 0.583 0.554 0.706 

Locus 22 : 21 
2 alleles
11.1% missing data
   2   (0.845) 0.877 0.273 0.916 0.915 0.887 
   4   (0.155) 0.123 0.727 0.084 0.085 0.113 

Locus 23 : 22 
2 alleles
24.8% missing data
   2   (0.940) 0.963 0.485 0.971 0.992 0.963 
   4   (0.060) 0.037 0.515 0.029 0.008 0.037 

Locus 24 : 23 
2 alleles
4.3% missing data
   1   (0.982) 0.995 0.187 0.998 0.998 0.998 
   3   (0.018) 0.005 0.813 0.002 0.002 0.002 

Locus 25 : 24 
2 alleles
21.7% missing data
   3   (0.840) 0.886 0.907 0.885 0.863 0.717 
   2   (0.160) 0.114 0.093 0.115 0.137 0.283 

Locus 26 : 25 
2 alleles
4.6% missing data
   3   (0.927) 0.956 0.913 0.900 0.852 0.985 
   2   (0.073) 0.044 0.087 0.100 0.148 0.015 

Locus 27 : 26 
2 alleles
5.3% missing data
   4   (0.938) 0.948 0.986 0.991 0.987 0.839 
   1   (0.062) 0.052 0.014 0.009 0.013 0.161 

Locus 28 : 27 
2 alleles
9.3% missing data
   1   (0.228) 0.224 0.399 0.098 0.379 0.158 
   3   (0.772) 0.776 0.601 0.902 0.621 0.842 

Locus 29 : 28 
2 alleles
10.8% missing data
   3   (0.680) 0.569 0.636 0.788 0.921 0.754 
   2   (0.320) 0.431 0.364 0.212 0.079 0.246 

Locus 30 : 29 
2 alleles
9.0% missing data
   4   (0.917) 0.922 0.966 0.836 0.994 0.932 
   2   (0.083) 0.078 0.034 0.164 0.006 0.068 

Locus 31 : 30 
2 alleles
14.2% missing data
   3   (0.830) 0.830 0.819 0.930 0.896 0.808 
   2   (0.170) 0.170 0.181 0.070 0.104 0.192 

Locus 32 : 31 
2 alleles
5.0% missing data
   3   (0.920) 0.927 0.842 0.977 0.924 0.973 
   2   (0.080) 0.073 0.158 0.023 0.076 0.027 

Locus 33 : 32 
2 alleles
1.5% missing data
   4   (0.881) 0.862 0.966 0.908 0.850 0.965 
   1   (0.119) 0.138 0.034 0.092 0.150 0.035 

Locus 34 : 33 
2 alleles
5.9% missing data
   3   (0.685) 0.655 0.584 0.757 0.442 0.871 
   2   (0.315) 0.345 0.416 0.243 0.558 0.129 

Locus 35 : 34 
2 alleles
14.9% missing data
   3   (0.649) 0.604 0.651 0.649 0.715 0.774 
   2   (0.351) 0.396 0.349 0.351 0.285 0.226 

Locus 36 : 35 
2 alleles
12.7% missing data
   4   (0.776) 0.789 0.843 0.844 0.676 0.811 
   1   (0.224) 0.211 0.157 0.156 0.324 0.189 

Locus 37 : 36 
2 alleles
1.2% missing data
   2   (0.742) 0.718 0.801 0.879 0.842 0.681 
   3   (0.258) 0.282 0.199 0.121 0.158 0.319 

Locus 38 : 37 
2 alleles
0.9% missing data
   2   (0.894) 0.902 0.983 0.966 0.797 0.909 
   4   (0.106) 0.098 0.017 0.034 0.203 0.091 

Locus 39 : 38 
2 alleles
12.1% missing data
   4   (0.899) 0.913 0.963 0.977 0.796 0.902 
   3   (0.101) 0.087 0.037 0.023 0.204 0.098 

Locus 40 : 39 
2 alleles
2.8% missing data
   3   (0.864) 0.886 0.928 0.960 0.879 0.751 
   2   (0.136) 0.114 0.072 0.040 0.121 0.249 

Locus 41 : 40 
2 alleles
9.3% missing data
   2   (0.726) 0.674 0.515 0.898 0.802 0.793 
   4   (0.274) 0.326 0.485 0.102 0.198 0.207 

Locus 42 : 41 
2 alleles
9.6% missing data
   4   (0.829) 0.855 0.797 0.938 0.709 0.830 
   1   (0.171) 0.145 0.203 0.062 0.291 0.170 

Locus 43 : 42 
2 alleles
11.8% missing data
   1   (0.788) 0.843 0.863 0.843 0.608 0.726 
   4   (0.212) 0.157 0.137 0.157 0.392 0.274 

Locus 44 : 43 
2 alleles
5.6% missing data
   3   (0.776) 0.779 0.873 0.870 0.773 0.745 
   4   (0.224) 0.221 0.127 0.130 0.227 0.255 

Locus 45 : 44 
2 alleles
6.8% missing data
   2   (0.470) 0.484 0.348 0.474 0.321 0.550 
   3   (0.530) 0.516 0.652 0.526 0.679 0.450 

Locus 46 : 45 
2 alleles
3.7% missing data
   1   (0.940) 0.976 0.974 0.953 0.793 0.967 
   4   (0.060) 0.024 0.026 0.047 0.207 0.033 

Locus 47 : 46 
2 alleles
16.4% missing data
   3   (0.942) 0.963 0.989 0.979 0.970 0.898 
   4   (0.058) 0.037 0.011 0.021 0.030 0.102 

Locus 48 : 47 
2 alleles
9.9% missing data
   4   (0.646) 0.667 0.772 0.666 0.751 0.506 
   1   (0.354) 0.333 0.228 0.334 0.249 0.494 

Locus 49 : 48 
2 alleles
5.9% missing data
   1   (0.767) 0.793 0.868 0.899 0.620 0.686 
   3   (0.233) 0.207 0.132 0.101 0.380 0.314 

Locus 50 : 49 
2 alleles
11.8% missing data
   3   (0.824) 0.766 0.952 0.885 0.868 0.911 
   2   (0.176) 0.234 0.048 0.115 0.132 0.089 

Locus 51 : 50 
2 alleles
11.8% missing data
   1   (0.869) 0.848 0.898 0.889 0.973 0.912 
   4   (0.131) 0.152 0.102 0.111 0.027 0.088 

Locus 52 : 51 
2 alleles
6.8% missing data
   3   (0.645) 0.625 0.499 0.776 0.795 0.607 
   2   (0.355) 0.375 0.501 0.224 0.205 0.393 

Locus 53 : 52 
2 alleles
3.7% missing data
   4   (0.918) 0.928 0.973 0.917 0.988 0.915 
   1   (0.082) 0.072 0.027 0.083 0.012 0.085 

Locus 54 : 53 
2 alleles
6.8% missing data
   3   (0.583) 0.558 0.537 0.705 0.817 0.453 
   2   (0.417) 0.442 0.463 0.295 0.183 0.547 

Locus 55 : 54 
2 alleles
9.9% missing data
   3   (0.857) 0.867 0.960 0.940 0.833 0.826 
   2   (0.143) 0.133 0.040 0.060 0.167 0.174 

Locus 56 : 55 
2 alleles
0.3% missing data
   4   (0.840) 0.871 0.851 0.931 0.612 0.872 
   2   (0.160) 0.129 0.149 0.069 0.388 0.128 

Locus 57 : 56 
2 alleles
23.5% missing data
   4   (0.577) 0.642 0.517 0.399 0.570 0.559 
   1   (0.423) 0.358 0.483 0.601 0.430 0.441 

Locus 58 : 57 
2 alleles
5.6% missing data
   2   (0.843) 0.727 0.824 0.911 0.969 0.959 
   3   (0.157) 0.273 0.176 0.089 0.031 0.041 

Locus 59 : 58 
2 alleles
9.0% missing data
   1   (0.626) 0.514 0.743 0.690 0.742 0.789 
   4   (0.374) 0.486 0.257 0.310 0.258 0.211 

Locus 60 : 59 
2 alleles
2.5% missing data
   4   (0.863) 0.842 0.857 0.848 0.976 0.923 
   2   (0.137) 0.158 0.143 0.152 0.024 0.077 

Locus 61 : 60 
2 alleles
3.4% missing data
   3   (0.461) 0.370 0.449 0.467 0.600 0.634 
   2   (0.539) 0.630 0.551 0.533 0.400 0.366 

Locus 62 : 61 
2 alleles
5.6% missing data
   4   (0.880) 0.851 0.965 0.969 0.796 0.942 
   3   (0.120) 0.149 0.035 0.031 0.204 0.058 

Locus 63 : 62 
2 alleles
5.9% missing data
   4   (0.907) 0.903 0.942 0.868 0.992 0.938 
   1   (0.093) 0.097 0.058 0.132 0.008 0.062 

Locus 64 : 63 
2 alleles
9.3% missing data
   3   (0.679) 0.624 0.769 0.850 0.634 0.735 
   2   (0.321) 0.376 0.231 0.150 0.366 0.265 

Locus 65 : 64 
2 alleles
6.5% missing data
   4   (0.795) 0.833 0.739 0.733 0.742 0.864 
   1   (0.205) 0.167 0.261 0.267 0.258 0.136 

Locus 66 : 65 
2 alleles
14.2% missing data
   4   (0.716) 0.724 0.754 0.794 0.619 0.745 
   1   (0.284) 0.276 0.246 0.206 0.381 0.255 

Locus 67 : 66 
2 alleles
14.9% missing data
   3   (0.561) 0.548 0.352 0.691 0.451 0.652 
   2   (0.439) 0.452 0.648 0.309 0.549 0.348 

Locus 68 : 67 
2 alleles
5.3% missing data
   3   (0.525) 0.527 0.529 0.509 0.678 0.450 
   2   (0.475) 0.473 0.471 0.491 0.322 0.550 

Locus 69 : 68 
2 alleles
2.8% missing data
   2   (0.536) 0.563 0.581 0.697 0.411 0.416 
   4   (0.464) 0.437 0.419 0.303 0.589 0.584 

Locus 70 : 69 
2 alleles
5.9% missing data
   2   (0.620) 0.553 0.666 0.719 0.783 0.657 
   3   (0.380) 0.447 0.334 0.281 0.217 0.343 

Locus 71 : 70 
2 alleles
7.7% missing data
   4   (0.781) 0.814 0.923 0.741 0.895 0.638 
   1   (0.219) 0.186 0.077 0.259 0.105 0.362 

Locus 72 : 71 
2 alleles
13.9% missing data
   3   (0.826) 0.833 0.596 0.911 0.957 0.772 
   2   (0.174) 0.167 0.404 0.089 0.043 0.228 

Locus 73 : 72 
2 alleles
4.0% missing data
   3   (0.915) 0.946 0.894 0.960 0.954 0.913 
   2   (0.085) 0.054 0.106 0.040 0.046 0.087 

Locus 74 : 73 
2 alleles
3.7% missing data
   3   (0.934) 0.875 0.987 0.900 0.995 0.992 
   2   (0.066) 0.125 0.013 0.100 0.005 0.008 

Locus 75 : 74 
2 alleles
5.6% missing data
   4   (0.852) 0.883 0.798 0.873 0.757 0.920 
   1   (0.148) 0.117 0.202 0.127 0.243 0.080 

Locus 76 : 75 
2 alleles
9.3% missing data
   3   (0.532) 0.462 0.484 0.510 0.557 0.730 
   2   (0.468) 0.538 0.516 0.490 0.443 0.270 

Locus 77 : 76 
2 alleles
18.6% missing data
   4   (0.682) 0.682 0.721 0.765 0.570 0.732 
   2   (0.318) 0.318 0.279 0.235 0.430 0.268 

Locus 78 : 77 
2 alleles
8.0% missing data
   1   (0.904) 0.924 0.929 0.945 0.939 0.923 
   3   (0.096) 0.076 0.071 0.055 0.061 0.077 

Locus 79 : 78 
2 alleles
8.7% missing data
   4   (0.914) 0.926 0.979 0.918 0.991 0.841 
   1   (0.086) 0.074 0.021 0.082 0.009 0.159 

Locus 80 : 79 
2 alleles
11.1% missing data
   3   (0.684) 0.708 0.880 0.590 0.680 0.651 
   2   (0.316) 0.292 0.120 0.410 0.320 0.349 

Locus 81 : 80 
2 alleles
12.1% missing data
   3   (0.919) 0.934 0.982 0.813 0.991 0.919 
   2   (0.081) 0.066 0.018 0.187 0.009 0.081 

Locus 82 : 81 
2 alleles
16.4% missing data
   3   (0.762) 0.758 0.694 0.755 0.862 0.829 
   1   (0.238) 0.242 0.306 0.245 0.138 0.171 

Locus 83 : 82 
2 alleles
4.0% missing data
   1   (0.430) 0.416 0.638 0.313 0.567 0.382 
   4   (0.570) 0.584 0.362 0.687 0.433 0.618 

Locus 84 : 83 
2 alleles
3.1% missing data
   4   (0.942) 0.945 0.987 0.985 0.995 0.884 
   1   (0.058) 0.055 0.013 0.015 0.005 0.116 

Locus 85 : 84 
2 alleles
24.5% missing data
   3   (0.761) 0.726 0.810 0.862 0.807 0.809 
   4   (0.239) 0.274 0.190 0.138 0.193 0.191 

Locus 86 : 85 
2 alleles
2.2% missing data
   3   (0.797) 0.817 0.672 0.807 0.917 0.788 
   1   (0.203) 0.183 0.328 0.193 0.083 0.212 

Locus 87 : 86 
2 alleles
15.8% missing data
   4   (0.524) 0.467 0.735 0.577 0.496 0.593 
   1   (0.476) 0.533 0.265 0.423 0.504 0.407 

Locus 88 : 87 
2 alleles
10.5% missing data
   4   (0.756) 0.712 0.903 0.786 0.965 0.632 
   1   (0.244) 0.288 0.097 0.214 0.035 0.368 

Locus 89 : 88 
2 alleles
17.6% missing data
   1   (0.893) 0.931 0.838 0.909 0.949 0.879 
   4   (0.107) 0.069 0.162 0.091 0.051 0.121 

Locus 90 : 89 
2 alleles
18.6% missing data
   1   (0.850) 0.843 0.893 0.872 0.942 0.885 
   4   (0.150) 0.157 0.107 0.128 0.058 0.115 

Locus 91 : 90 
2 alleles
15.8% missing data
   1   (0.910) 0.946 0.915 0.952 0.806 0.935 
   4   (0.090) 0.054 0.085 0.048 0.194 0.065 

Locus 92 : 91 
2 alleles
8.4% missing data
   2   (0.641) 0.653 0.532 0.691 0.638 0.662 
   3   (0.359) 0.347 0.468 0.309 0.362 0.338 

Locus 93 : 92 
2 alleles
15.2% missing data
   1   (0.692) 0.628 0.767 0.806 0.577 0.836 
   4   (0.308) 0.372 0.233 0.194 0.423 0.164 

Locus 94 : 93 
2 alleles
9.3% missing data
   1   (0.792) 0.756 0.907 0.882 0.927 0.741 
   4   (0.208) 0.244 0.093 0.118 0.073 0.259 

Locus 95 : 94 
2 alleles
7.4% missing data
   4   (0.894) 0.891 0.745 0.972 0.931 0.953 
   1   (0.106) 0.109 0.255 0.028 0.069 0.047 

Locus 96 : 95 
2 alleles
9.3% missing data
   3   (0.315) 0.250 0.257 0.267 0.471 0.420 
   2   (0.685) 0.750 0.743 0.733 0.529 0.580 

Locus 97 : 96 
2 alleles
14.2% missing data
   3   (0.772) 0.757 0.788 0.804 0.642 0.903 
   2   (0.228) 0.243 0.212 0.196 0.358 0.097 

Locus 98 : 97 
2 alleles
13.6% missing data
   3   (0.771) 0.739 0.717 0.915 0.726 0.845 
   2   (0.229) 0.261 0.283 0.085 0.274 0.155 

Locus 99 : 98 
2 alleles
9.0% missing data
   4   (0.936) 0.943 0.965 0.974 0.994 0.901 
   1   (0.064) 0.057 0.035 0.026 0.006 0.099 

Locus 100 : 99 
2 alleles
16.4% missing data
   2   (0.934) 0.893 0.984 0.958 0.985 0.986 
   3   (0.066) 0.107 0.016 0.042 0.015 0.014 

Locus 101 : 100 
2 alleles
19.8% missing data
   1   (0.862) 0.877 0.956 0.883 0.881 0.864 
   4   (0.138) 0.123 0.044 0.117 0.119 0.136 

Locus 102 : 101 
2 alleles
14.9% missing data
   1   (0.865) 0.883 0.778 0.943 0.905 0.874 
   4   (0.135) 0.117 0.222 0.057 0.095 0.126 

Locus 103 : 102 
2 alleles
18.9% missing data
   3   (0.768) 0.775 0.866 0.906 0.734 0.669 
   2   (0.232) 0.225 0.134 0.094 0.266 0.331 

Locus 104 : 103 
2 alleles
17.6% missing data
   3   (0.131) 0.141 0.033 0.044 0.122 0.126 
   2   (0.869) 0.859 0.967 0.956 0.878 0.874 

Locus 105 : 104 
2 alleles
1.2% missing data
   1   (0.426) 0.367 0.553 0.411 0.602 0.435 
   4   (0.574) 0.633 0.447 0.589 0.398 0.565 

Locus 106 : 105 
2 alleles
8.4% missing data
   4   (0.918) 0.964 0.904 0.945 0.940 0.848 
   1   (0.082) 0.036 0.096 0.055 0.060 0.152 

Locus 107 : 106 
2 alleles
4.3% missing data
   4   (0.761) 0.696 0.860 0.878 0.446 0.929 
   1   (0.239) 0.304 0.140 0.122 0.554 0.071 

Locus 108 : 107 
2 alleles
1.9% missing data
   3   (0.668) 0.664 0.870 0.643 0.776 0.596 
   2   (0.332) 0.336 0.130 0.357 0.224 0.404 

Locus 109 : 108 
2 alleles
0.6% missing data
   3   (0.908) 0.937 0.974 0.985 0.875 0.774 
   2   (0.092) 0.063 0.026 0.015 0.125 0.226 

Locus 110 : 109 
2 alleles
4.0% missing data
   3   (0.888) 0.928 0.879 0.972 0.849 0.794 
   1   (0.112) 0.072 0.121 0.028 0.151 0.206 

Locus 111 : 110 
2 alleles
5.9% missing data
   2   (0.890) 0.903 0.392 0.972 0.945 0.937 
   4   (0.110) 0.097 0.608 0.028 0.055 0.063 

Locus 112 : 111 
2 alleles
3.1% missing data
   1   (0.946) 0.953 0.368 0.991 0.993 0.981 
   3   (0.054) 0.047 0.632 0.009 0.007 0.019 

Locus 113 : 112 
2 alleles
7.1% missing data
   1   (0.903) 0.911 0.966 0.971 0.929 0.886 
   3   (0.097) 0.089 0.034 0.029 0.071 0.114 

Locus 114 : 113 
2 alleles
13.3% missing data
   1   (0.831) 0.868 0.877 0.892 0.833 0.766 
   4   (0.169) 0.132 0.123 0.108 0.167 0.234 

Locus 115 : 114 
2 alleles
6.5% missing data
   2   (0.931) 0.930 0.895 0.970 0.898 0.991 
   3   (0.069) 0.070 0.105 0.030 0.102 0.009 

Locus 116 : 115 
2 alleles
21.4% missing data
   4   (0.734) 0.678 0.833 0.884 0.836 0.715 
   1   (0.266) 0.322 0.167 0.116 0.164 0.285 

Locus 117 : 116 
2 alleles
3.4% missing data
   4   (0.925) 0.948 0.929 0.900 0.993 0.909 
   1   (0.075) 0.052 0.071 0.100 0.007 0.091 

Locus 118 : 117 
2 alleles
6.5% missing data
   1   (0.760) 0.769 0.705 0.839 0.705 0.813 
   4   (0.240) 0.231 0.295 0.161 0.295 0.187 

Locus 119 : 118 
2 alleles
20.7% missing data
   3   (0.847) 0.818 0.957 0.954 0.801 0.876 
   2   (0.153) 0.182 0.043 0.046 0.199 0.124 

Locus 120 : 119 
2 alleles
23.2% missing data
   4   (0.937) 0.963 0.980 0.974 0.951 0.919 
   1   (0.063) 0.037 0.020 0.026 0.049 0.081 

Locus 121 : 120 
2 alleles
8.7% missing data
   4   (0.757) 0.798 0.726 0.846 0.678 0.707 
   1   (0.243) 0.202 0.274 0.154 0.322 0.293 

Locus 122 : 121 
2 alleles
5.9% missing data
   4   (0.837) 0.809 0.784 0.937 0.933 0.870 
   1   (0.163) 0.191 0.216 0.063 0.067 0.130 

Locus 123 : 122 
2 alleles
22.9% missing data
   4   (0.915) 0.952 0.826 0.896 0.937 0.955 
   1   (0.085) 0.048 0.174 0.104 0.063 0.045 

Locus 124 : 123 
2 alleles
2.8% missing data
   4   (0.935) 0.977 0.939 0.982 0.913 0.824 
   3   (0.065) 0.023 0.061 0.018 0.087 0.176 

Locus 125 : 124 
2 alleles
14.6% missing data
   4   (0.781) 0.836 0.850 0.868 0.618 0.684 
   1   (0.219) 0.164 0.150 0.132 0.382 0.316 

Locus 126 : 125 
2 alleles
5.0% missing data
   4   (0.020) 0.003 0.003 0.003 0.263 0.007 
   2   (0.980) 0.997 0.997 0.997 0.737 0.993 

Locus 127 : 126 
2 alleles
6.8% missing data
   2   (0.934) 0.940 0.949 0.989 0.988 0.903 
   3   (0.066) 0.060 0.051 0.011 0.012 0.097 

Locus 128 : 127 
2 alleles
11.1% missing data
   1   (0.861) 0.812 0.963 0.930 0.988 0.761 
   2   (0.139) 0.188 0.037 0.070 0.012 0.239 

Locus 129 : 128 
2 alleles
8.7% missing data
   3   (0.827) 0.849 0.914 0.765 0.787 0.890 
   2   (0.173) 0.151 0.086 0.235 0.213 0.110 

Locus 130 : 129 
2 alleles
23.2% missing data
   2   (0.844) 0.830 0.951 0.946 0.878 0.809 
   3   (0.156) 0.170 0.049 0.054 0.122 0.191 

Locus 131 : 130 
2 alleles
23.5% missing data
   3   (0.797) 0.778 0.844 0.886 0.895 0.796 
   2   (0.203) 0.222 0.156 0.114 0.105 0.204 

Locus 132 : 131 
2 alleles
12.4% missing data
   4   (0.870) 0.834 0.977 0.778 0.943 0.957 
   1   (0.130) 0.166 0.023 0.222 0.057 0.043 

Locus 133 : 132 
2 alleles
10.2% missing data
   4   (0.802) 0.823 0.869 0.788 0.832 0.821 
   1   (0.198) 0.177 0.131 0.212 0.168 0.179 

Locus 134 : 133 
2 alleles
18.0% missing data
   2   (0.956) 0.970 0.216 0.991 0.995 0.987 
   4   (0.044) 0.030 0.784 0.009 0.005 0.013 

Locus 135 : 134 
2 alleles
9.6% missing data
   3   (0.596) 0.460 0.608 0.681 0.832 0.756 
   4   (0.404) 0.540 0.392 0.319 0.168 0.244 

Locus 136 : 135 
2 alleles
3.1% missing data
   4   (0.743) 0.713 0.816 0.827 0.848 0.753 
   1   (0.257) 0.287 0.184 0.173 0.152 0.247 

Locus 137 : 136 
2 alleles
21.7% missing data
   3   (0.844) 0.885 0.919 0.873 0.868 0.749 
   2   (0.156) 0.115 0.081 0.127 0.132 0.251 

Locus 138 : 137 
2 alleles
12.7% missing data
   2   (0.949) 0.968 0.341 0.989 0.995 0.963 
   4   (0.051) 0.032 0.659 0.011 0.005 0.037 

Locus 139 : 138 
2 alleles
11.5% missing data
   4   (0.874) 0.879 0.873 0.937 0.908 0.916 
   1   (0.126) 0.121 0.127 0.063 0.092 0.084 

Locus 140 : 139 
2 alleles
9.3% missing data
   3   (0.791) 0.754 0.887 0.915 0.900 0.753 
   2   (0.209) 0.246 0.113 0.085 0.100 0.247 

Locus 141 : 140 
2 alleles
11.5% missing data
   2   (0.909) 0.931 0.893 0.914 0.930 0.966 
   3   (0.091) 0.069 0.107 0.086 0.070 0.034 

Locus 142 : 141 
2 alleles
4.6% missing data
   2   (0.862) 0.884 0.859 0.906 0.932 0.856 
   3   (0.138) 0.116 0.141 0.094 0.068 0.144 

Locus 143 : 142 
2 alleles
3.4% missing data
   4   (0.951) 0.955 0.992 0.990 0.798 0.991 
   1   (0.049) 0.045 0.008 0.010 0.202 0.009 

Locus 144 : 143 
2 alleles
8.7% missing data
   4   (0.908) 0.919 0.940 0.933 0.981 0.902 
   1   (0.092) 0.081 0.060 0.067 0.019 0.098 

Locus 145 : 144 
2 alleles
5.0% missing data
   4   (0.770) 0.716 0.874 0.790 0.687 0.921 
   2   (0.230) 0.284 0.126 0.210 0.313 0.079 

Locus 146 : 145 
2 alleles
1.9% missing data
   4   (0.903) 0.905 0.959 0.982 0.619 0.959 
   2   (0.097) 0.095 0.041 0.018 0.381 0.041 

Locus 147 : 146 
2 alleles
5.0% missing data
   1   (0.814) 0.819 0.874 0.824 0.681 0.916 
   4   (0.186) 0.181 0.126 0.176 0.319 0.084 

Locus 148 : 147 
2 alleles
18.6% missing data
   3   (0.731) 0.775 0.815 0.665 0.392 0.832 
   2   (0.269) 0.225 0.185 0.335 0.608 0.168 

Locus 149 : 148 
2 alleles
9.6% missing data
   3   (0.695) 0.720 0.792 0.708 0.695 0.650 
   2   (0.305) 0.280 0.208 0.292 0.305 0.350 

Locus 150 : 149 
2 alleles
12.1% missing data
   1   (0.923) 0.936 0.965 0.969 0.929 0.958 
   2   (0.077) 0.064 0.035 0.031 0.071 0.042 

Locus 151 : 150 
2 alleles
13.9% missing data
   4   (0.770) 0.827 0.730 0.849 0.604 0.719 
   1   (0.230) 0.173 0.270 0.151 0.396 0.281 

Locus 152 : 151 
2 alleles
14.9% missing data
   4   (0.645) 0.599 0.599 0.832 0.605 0.708 
   3   (0.355) 0.401 0.401 0.168 0.395 0.292 

Locus 153 : 152 
2 alleles
2.8% missing data
   3   (0.849) 0.814 0.919 0.844 0.982 0.858 
   2   (0.151) 0.186 0.081 0.156 0.018 0.142 

Locus 154 : 153 
2 alleles
13.9% missing data
   3   (0.904) 0.921 0.918 0.911 0.962 0.938 
   1   (0.096) 0.079 0.082 0.089 0.038 0.062 

Locus 155 : 154 
2 alleles
17.6% missing data
   1   (0.936) 0.948 0.982 0.983 0.891 0.966 
   3   (0.064) 0.052 0.018 0.017 0.109 0.034 

Locus 156 : 155 
2 alleles
9.0% missing data
   4   (0.759) 0.776 0.886 0.715 0.793 0.754 
   1   (0.241) 0.224 0.114 0.285 0.207 0.246 

Locus 157 : 156 
2 alleles
10.2% missing data
   4   (0.918) 0.938 0.888 0.971 0.821 0.968 
   1   (0.082) 0.062 0.112 0.029 0.179 0.032 

Locus 158 : 157 
2 alleles
13.9% missing data
   1   (0.982) 0.996 0.324 0.998 0.998 0.998 
   3   (0.018) 0.004 0.676 0.002 0.002 0.002 

Locus 159 : 158 
2 alleles
8.4% missing data
   3   (0.667) 0.670 0.581 0.571 0.797 0.727 
   2   (0.333) 0.330 0.419 0.429 0.203 0.273 

Locus 160 : 159 
2 alleles
1.2% missing data
   1   (0.654) 0.580 0.381 0.839 0.739 0.780 
   3   (0.346) 0.420 0.619 0.161 0.261 0.220 

Locus 161 : 160 
2 alleles
21.4% missing data
   1   (0.839) 0.838 0.942 0.837 0.879 0.884 
   4   (0.161) 0.162 0.058 0.163 0.121 0.116 

Locus 162 : 161 
2 alleles
8.4% missing data
   3   (0.907) 0.916 0.903 0.924 0.980 0.942 
   1   (0.093) 0.084 0.097 0.076 0.020 0.058 

Locus 163 : 162 
2 alleles
1.2% missing data
   3   (0.919) 0.925 0.962 0.902 0.874 0.986 
   1   (0.081) 0.075 0.038 0.098 0.126 0.014 

Locus 164 : 163 
2 alleles
7.4% missing data
   4   (0.845) 0.865 0.930 0.910 0.828 0.822 
   3   (0.155) 0.135 0.070 0.090 0.172 0.178 

Locus 165 : 164 
2 alleles
18.3% missing data
   2   (0.875) 0.899 0.907 0.914 0.901 0.875 
   4   (0.125) 0.101 0.093 0.086 0.099 0.125 

Locus 166 : 165 
2 alleles
19.5% missing data
   2   (0.860) 0.883 0.764 0.898 0.925 0.880 
   1   (0.140) 0.117 0.236 0.102 0.075 0.120 

Locus 167 : 166 
2 alleles
9.6% missing data
