

----------------------------------------------------
STRUCTURE by Pritchard, Stephens and Donnelly (2000)
     and Falush, Stephens and Pritchard (2003)
       Code by Pritchard, Falush and Hubisz
             Version 2.3.4 (Jul 2012)
----------------------------------------------------



Command line arguments:   structure -m data/structure/mainparams.txt -e data/structure/extraparams.txt -K 10 -o data/structure/structure_output_10 
Input File:    data/structure/structure_input.tab

Run parameters:
   323 individuals
   2366 loci
   10 populations assumed
   10000 Burn-in period
   25000 Reps


--------------------------------------------
Overall proportion of membership of the
sample in each of the 10 clusters

Inferred Clusters
  1      2      3      4      5      6      7      8      9     10    
0.065  0.051  0.078  0.138  0.094  0.183  0.071  0.042  0.062  0.217  

--------------------------------------------

Allele-freq. divergence among pops (Net nucleotide distance),
computed using point estimates of P.

      1       2       3       4       5       6       7       8       9      10      
 1      -    0.0366  0.0414  0.0288  0.0231  0.0225  0.0233  0.0350  0.0257  0.0224  
 2   0.0366     -    0.0402  0.0346  0.0233  0.0217  0.0236  0.0337  0.0265  0.0292  
 3   0.0414  0.0402     -    0.0379  0.0295  0.0268  0.0275  0.0389  0.0290  0.0334  
 4   0.0288  0.0346  0.0379     -    0.0223  0.0213  0.0210  0.0323  0.0242  0.0267  
 5   0.0231  0.0233  0.0295  0.0223     -    0.0061  0.0090  0.0182  0.0108  0.0156  
 6   0.0225  0.0217  0.0268  0.0213  0.0061     -    0.0073  0.0174  0.0096  0.0152  
 7   0.0233  0.0236  0.0275  0.0210  0.0090  0.0073     -    0.0203  0.0114  0.0165  
 8   0.0350  0.0337  0.0389  0.0323  0.0182  0.0174  0.0203     -    0.0224  0.0271  
 9   0.0257  0.0265  0.0290  0.0242  0.0108  0.0096  0.0114  0.0224     -    0.0192  
10   0.0224  0.0292  0.0334  0.0267  0.0156  0.0152  0.0165  0.0271  0.0192     -    

Average distances (expected heterozygosity) between individuals in same cluster:
cluster  1  : 0.2575 
cluster  2  : 0.2612 
cluster  3  : 0.1510 
cluster  4  : 0.2654 
cluster  5  : 0.2909 
cluster  6  : 0.2906 
cluster  7  : 0.2812 
cluster  8  : 0.2700 
cluster  9  : 0.2760 
cluster 10  : 0.2783 

--------------------------------------------
Estimated Ln Prob of Data   = -600185.2
Mean value of ln likelihood = -593838.8
Variance of ln likelihood   = 12692.8
Mean value of alpha         = 0.1106

Mean value of Fst_1         = 0.1972
Mean value of Fst_2         = 0.2130
Mean value of Fst_3         = 0.4548
Mean value of Fst_4         = 0.1312
Mean value of Fst_5         = 0.0472
Mean value of Fst_6         = 0.0322
Mean value of Fst_7         = 0.0687
Mean value of Fst_8         = 0.1635
Mean value of Fst_9         = 0.0879
Mean value of Fst_10         = 0.0842


Inferred ancestry of individuals:
     (%Miss) :  Inferred clusters
  1    (2)   :  0.401 0.003 0.004 0.419 0.042 0.108 0.003 0.008 0.006 0.007 
  2    (2)   :  0.246 0.005 0.024 0.039 0.005 0.014 0.017 0.109 0.004 0.537 
  3    (3)   :  0.308 0.099 0.002 0.108 0.004 0.006 0.002 0.001 0.004 0.466 
  4    (0)   :  0.430 0.002 0.011 0.430 0.007 0.003 0.004 0.004 0.005 0.105 
  5    (0)   :  0.212 0.009 0.004 0.020 0.032 0.005 0.100 0.004 0.012 0.601 
  6    (0)   :  0.345 0.002 0.003 0.007 0.010 0.012 0.009 0.006 0.013 0.594 
  7    (0)   :  0.427 0.136 0.003 0.230 0.008 0.006 0.009 0.012 0.006 0.164 
  8    (0)   :  0.178 0.002 0.002 0.004 0.014 0.007 0.026 0.020 0.004 0.742 
  9    (0)   :  0.413 0.003 0.014 0.124 0.014 0.005 0.012 0.003 0.023 0.388 
 10    (8)   :  0.419 0.024 0.014 0.451 0.005 0.033 0.010 0.010 0.006 0.026 
 11    (1)   :  0.445 0.001 0.012 0.395 0.061 0.011 0.002 0.003 0.005 0.065 
 12    (0)   :  0.474 0.001 0.002 0.499 0.002 0.003 0.004 0.003 0.006 0.005 
 13    (0)   :  0.193 0.003 0.002 0.024 0.010 0.008 0.005 0.004 0.004 0.749 
 14    (0)   :  0.245 0.005 0.002 0.008 0.005 0.008 0.005 0.124 0.005 0.593 
 15    (0)   :  0.023 0.216 0.002 0.033 0.028 0.674 0.003 0.006 0.005 0.012 
 16    (0)   :  0.017 0.002 0.011 0.003 0.016 0.916 0.007 0.004 0.006 0.018 
 17    (5)   :  0.005 0.002 0.006 0.003 0.255 0.619 0.086 0.007 0.011 0.006 
 18    (1)   :  0.003 0.008 0.003 0.003 0.006 0.949 0.004 0.018 0.005 0.002 
 19    (3)   :  0.012 0.023 0.028 0.005 0.008 0.877 0.024 0.004 0.004 0.014 
 20    (4)   :  0.003 0.229 0.004 0.005 0.030 0.669 0.011 0.034 0.012 0.003 
 21    (2)   :  0.003 0.211 0.003 0.003 0.006 0.750 0.007 0.003 0.013 0.002 
 22    (1)   :  0.011 0.001 0.001 0.017 0.019 0.912 0.027 0.003 0.005 0.003 
 23    (5)   :  0.017 0.043 0.005 0.001 0.011 0.784 0.006 0.130 0.002 0.002 
 24    (8)   :  0.006 0.231 0.115 0.004 0.006 0.620 0.005 0.003 0.007 0.003 
 25    (1)   :  0.014 0.001 0.007 0.050 0.018 0.878 0.005 0.003 0.015 0.008 
 26    (1)   :  0.003 0.002 0.007 0.005 0.085 0.725 0.144 0.017 0.004 0.008 
 27    (0)   :  0.031 0.002 0.030 0.005 0.071 0.782 0.027 0.044 0.004 0.004 
 28    (0)   :  0.007 0.003 0.004 0.003 0.020 0.864 0.006 0.082 0.007 0.005 
 29    (0)   :  0.004 0.003 0.007 0.003 0.092 0.710 0.003 0.083 0.089 0.006 
 30    (1)   :  0.006 0.002 0.006 0.022 0.063 0.460 0.016 0.251 0.144 0.030 
 31    (7)   :  0.006 0.008 0.007 0.014 0.098 0.298 0.015 0.453 0.066 0.035 
 32   (15)   :  0.047 0.012 0.100 0.004 0.118 0.536 0.106 0.014 0.057 0.006 
 33    (8)   :  0.004 0.002 0.024 0.009 0.354 0.350 0.018 0.181 0.043 0.016 
 34    (0)   :  0.001 0.002 0.004 0.001 0.002 0.002 0.001 0.984 0.002 0.001 
 35    (0)   :  0.004 0.002 0.004 0.010 0.031 0.294 0.250 0.216 0.138 0.051 
 36    (4)   :  0.006 0.068 0.007 0.007 0.030 0.009 0.009 0.793 0.062 0.010 
 37    (6)   :  0.002 0.002 0.036 0.002 0.002 0.016 0.010 0.925 0.003 0.003 
 38    (2)   :  0.005 0.001 0.008 0.005 0.020 0.074 0.009 0.847 0.004 0.027 
 39    (0)   :  0.005 0.007 0.002 0.009 0.056 0.164 0.006 0.704 0.041 0.006 
 40    (5)   :  0.006 0.205 0.003 0.772 0.001 0.002 0.002 0.004 0.004 0.002 
 41    (2)   :  0.007 0.004 0.006 0.955 0.004 0.006 0.006 0.003 0.007 0.004 
 42    (0)   :  0.002 0.002 0.009 0.964 0.005 0.003 0.004 0.005 0.003 0.002 
 43    (8)   :  0.043 0.004 0.142 0.777 0.002 0.009 0.011 0.003 0.007 0.003 
 44    (1)   :  0.004 0.074 0.002 0.897 0.005 0.006 0.004 0.003 0.002 0.003 
 45   (55)   :  0.057 0.004 0.397 0.118 0.025 0.015 0.100 0.095 0.180 0.008 
 46    (2)   :  0.009 0.014 0.014 0.912 0.005 0.016 0.014 0.002 0.003 0.012 
 47    (0)   :  0.024 0.002 0.004 0.951 0.002 0.003 0.004 0.003 0.003 0.005 
 48    (1)   :  0.009 0.013 0.009 0.904 0.003 0.004 0.008 0.048 0.003 0.002 
 49   (14)   :  0.007 0.001 0.070 0.793 0.007 0.008 0.004 0.102 0.003 0.005 
 50    (1)   :  0.026 0.002 0.011 0.918 0.006 0.011 0.004 0.011 0.009 0.003 
 51    (6)   :  0.009 0.002 0.006 0.879 0.006 0.001 0.077 0.001 0.016 0.003 
 52    (1)   :  0.313 0.244 0.002 0.427 0.003 0.002 0.002 0.002 0.001 0.003 
 53    (0)   :  0.011 0.003 0.001 0.834 0.003 0.002 0.003 0.138 0.003 0.002 
 54    (7)   :  0.245 0.307 0.018 0.347 0.005 0.002 0.006 0.005 0.002 0.062 
 55    (6)   :  0.255 0.309 0.004 0.406 0.004 0.010 0.004 0.002 0.003 0.003 
 56   (13)   :  0.007 0.331 0.068 0.007 0.021 0.331 0.029 0.017 0.179 0.011 
 57    (0)   :  0.409 0.001 0.008 0.445 0.004 0.002 0.046 0.003 0.004 0.079 
 58    (0)   :  0.002 0.156 0.003 0.822 0.004 0.003 0.003 0.003 0.002 0.002 
 59    (3)   :  0.008 0.003 0.026 0.905 0.018 0.013 0.008 0.004 0.009 0.006 
 60    (4)   :  0.005 0.006 0.041 0.002 0.007 0.340 0.535 0.004 0.028 0.031 
 61    (5)   :  0.002 0.002 0.034 0.002 0.007 0.362 0.579 0.002 0.007 0.003 
 62    (8)   :  0.002 0.334 0.004 0.002 0.003 0.371 0.267 0.003 0.009 0.004 
 63    (5)   :  0.005 0.298 0.027 0.004 0.007 0.104 0.518 0.007 0.014 0.017 
 64    (0)   :  0.003 0.374 0.003 0.005 0.003 0.212 0.391 0.004 0.003 0.002 
 65    (0)   :  0.002 0.325 0.002 0.003 0.059 0.014 0.573 0.003 0.011 0.007 
 66    (5)   :  0.003 0.145 0.008 0.002 0.004 0.362 0.470 0.002 0.002 0.001 
 67    (7)   :  0.007 0.009 0.018 0.004 0.034 0.296 0.608 0.007 0.007 0.009 
 68    (3)   :  0.004 0.002 0.010 0.003 0.076 0.250 0.006 0.005 0.004 0.640 
 69    (4)   :  0.002 0.057 0.018 0.003 0.022 0.053 0.002 0.245 0.004 0.594 
 70    (1)   :  0.175 0.002 0.011 0.084 0.006 0.006 0.028 0.023 0.008 0.656 
 71   (23)   :  0.043 0.006 0.211 0.003 0.056 0.039 0.128 0.008 0.009 0.496 
 72    (0)   :  0.123 0.015 0.005 0.002 0.015 0.015 0.010 0.009 0.008 0.798 
 73    (2)   :  0.090 0.156 0.004 0.003 0.004 0.006 0.007 0.002 0.005 0.723 
 74    (0)   :  0.003 0.008 0.001 0.002 0.292 0.008 0.017 0.042 0.008 0.619 
 75    (0)   :  0.159 0.008 0.001 0.011 0.016 0.044 0.006 0.003 0.002 0.750 
 76    (0)   :  0.125 0.136 0.003 0.082 0.002 0.004 0.003 0.085 0.007 0.553 
 77    (0)   :  0.003 0.240 0.001 0.003 0.065 0.018 0.009 0.092 0.003 0.565 
 78    (1)   :  0.006 0.001 0.003 0.004 0.921 0.027 0.008 0.002 0.024 0.004 
 79    (0)   :  0.015 0.012 0.002 0.002 0.653 0.262 0.008 0.022 0.009 0.015 
 80    (1)   :  0.003 0.002 0.009 0.004 0.775 0.072 0.019 0.003 0.101 0.012 
 81    (0)   :  0.002 0.070 0.002 0.002 0.866 0.020 0.005 0.022 0.007 0.003 
 82    (3)   :  0.002 0.002 0.002 0.008 0.790 0.006 0.016 0.169 0.003 0.002 
 83    (0)   :  0.003 0.003 0.003 0.002 0.922 0.044 0.006 0.004 0.003 0.011 
 84    (0)   :  0.003 0.010 0.002 0.003 0.672 0.044 0.004 0.256 0.003 0.003 
 85    (0)   :  0.002 0.219 0.003 0.002 0.559 0.185 0.013 0.006 0.005 0.006 
 86    (3)   :  0.002 0.002 0.013 0.003 0.896 0.013 0.006 0.004 0.057 0.003 
 87    (5)   :  0.005 0.005 0.053 0.008 0.847 0.042 0.023 0.003 0.008 0.004 
 88    (6)   :  0.009 0.004 0.031 0.011 0.737 0.171 0.007 0.005 0.012 0.013 
 89    (2)   :  0.006 0.092 0.003 0.019 0.826 0.005 0.003 0.020 0.017 0.008 
 90    (3)   :  0.003 0.002 0.020 0.003 0.910 0.043 0.005 0.006 0.003 0.006 
 91    (5)   :  0.002 0.004 0.010 0.007 0.538 0.147 0.278 0.004 0.004 0.006 
 92    (0)   :  0.002 0.003 0.002 0.006 0.743 0.004 0.014 0.197 0.026 0.003 
 93    (1)   :  0.005 0.188 0.003 0.005 0.573 0.018 0.107 0.005 0.093 0.004 
 94    (2)   :  0.005 0.002 0.052 0.003 0.518 0.019 0.339 0.018 0.020 0.025 
 95    (2)   :  0.018 0.004 0.117 0.002 0.516 0.224 0.010 0.003 0.056 0.049 
 96    (0)   :  0.008 0.332 0.004 0.005 0.612 0.003 0.010 0.003 0.009 0.016 
 97    (0)   :  0.001 0.003 0.007 0.006 0.600 0.005 0.029 0.060 0.158 0.132 
 98    (2)   :  0.005 0.004 0.008 0.003 0.547 0.333 0.002 0.007 0.069 0.023 
 99    (2)   :  0.008 0.002 0.024 0.006 0.640 0.010 0.245 0.012 0.014 0.039 
100   (24)   :  0.008 0.237 0.206 0.006 0.261 0.024 0.020 0.017 0.174 0.048 
101    (3)   :  0.016 0.390 0.006 0.007 0.464 0.019 0.015 0.004 0.074 0.005 
102   (43)   :  0.200 0.004 0.308 0.066 0.007 0.006 0.006 0.015 0.008 0.380 
103    (7)   :  0.105 0.003 0.033 0.066 0.005 0.003 0.065 0.003 0.086 0.633 
104    (3)   :  0.350 0.002 0.027 0.143 0.004 0.012 0.003 0.003 0.003 0.451 
105    (7)   :  0.226 0.316 0.007 0.010 0.011 0.004 0.003 0.002 0.002 0.419 
106    (4)   :  0.311 0.030 0.004 0.562 0.003 0.002 0.004 0.032 0.003 0.050 
107    (1)   :  0.011 0.300 0.004 0.002 0.004 0.003 0.004 0.004 0.002 0.667 
108    (6)   :  0.242 0.002 0.077 0.440 0.003 0.004 0.007 0.046 0.014 0.166 
109    (8)   :  0.483 0.003 0.038 0.403 0.004 0.007 0.037 0.003 0.006 0.015 
110    (9)   :  0.284 0.002 0.062 0.013 0.014 0.009 0.014 0.012 0.015 0.575 
111   (17)   :  0.250 0.004 0.115 0.018 0.004 0.003 0.011 0.057 0.003 0.535 
112   (54)   :  0.152 0.010 0.352 0.004 0.009 0.010 0.006 0.018 0.005 0.434 
113    (2)   :  0.255 0.002 0.029 0.081 0.021 0.009 0.026 0.003 0.007 0.569 
114    (6)   :  0.236 0.002 0.036 0.004 0.004 0.003 0.005 0.001 0.003 0.705 
115    (9)   :  0.058 0.285 0.002 0.001 0.002 0.003 0.003 0.001 0.002 0.643 
116    (3)   :  0.345 0.002 0.009 0.006 0.005 0.008 0.003 0.008 0.018 0.596 
117    (1)   :  0.352 0.002 0.004 0.023 0.005 0.006 0.018 0.014 0.059 0.518 
118    (3)   :  0.188 0.002 0.060 0.202 0.005 0.009 0.013 0.008 0.012 0.501 
119   (15)   :  0.135 0.119 0.027 0.002 0.003 0.016 0.007 0.003 0.004 0.683 
120   (19)   :  0.250 0.003 0.158 0.003 0.005 0.004 0.004 0.002 0.003 0.569 
121    (0)   :  0.328 0.001 0.008 0.165 0.004 0.002 0.030 0.002 0.002 0.457 
122    (0)   :  0.390 0.002 0.002 0.328 0.006 0.005 0.009 0.006 0.001 0.252 
123    (7)   :  0.027 0.008 0.130 0.018 0.093 0.013 0.010 0.016 0.027 0.658 
124    (0)   :  0.296 0.271 0.001 0.028 0.003 0.002 0.001 0.004 0.002 0.391 
125    (0)   :  0.436 0.002 0.006 0.421 0.005 0.002 0.006 0.084 0.016 0.023 
126    (3)   :  0.170 0.003 0.053 0.066 0.005 0.003 0.044 0.058 0.002 0.596 
127    (1)   :  0.315 0.003 0.004 0.054 0.046 0.010 0.026 0.005 0.073 0.466 
128    (4)   :  0.364 0.002 0.058 0.016 0.004 0.010 0.012 0.002 0.030 0.502 
129   (16)   :  0.137 0.226 0.014 0.017 0.025 0.381 0.004 0.019 0.175 0.003 
130   (43)   :  0.015 0.005 0.383 0.009 0.115 0.386 0.036 0.028 0.017 0.008 
131   (17)   :  0.023 0.012 0.223 0.004 0.076 0.619 0.011 0.009 0.019 0.004 
132   (11)   :  0.002 0.322 0.002 0.002 0.004 0.605 0.016 0.001 0.043 0.003 
133   (14)   :  0.037 0.137 0.041 0.006 0.197 0.428 0.057 0.077 0.015 0.006 
134    (5)   :  0.008 0.009 0.009 0.029 0.006 0.734 0.039 0.004 0.158 0.003 
135    (2)   :  0.003 0.002 0.007 0.013 0.179 0.729 0.009 0.014 0.035 0.008 
136   (37)   :  0.003 0.099 0.185 0.680 0.003 0.004 0.002 0.017 0.003 0.004 
137   (25)   :  0.042 0.203 0.195 0.330 0.005 0.142 0.025 0.045 0.009 0.004 
138   (42)   :  0.069 0.003 0.312 0.139 0.029 0.045 0.347 0.011 0.035 0.011 
139   (12)   :  0.153 0.010 0.220 0.010 0.004 0.005 0.003 0.034 0.012 0.549 
140    (3)   :  0.094 0.002 0.050 0.059 0.007 0.010 0.041 0.016 0.007 0.714 
141    (3)   :  0.006 0.002 0.047 0.003 0.033 0.250 0.003 0.008 0.013 0.635 
142   (10)   :  0.006 0.016 0.102 0.002 0.093 0.005 0.014 0.156 0.007 0.599 
143    (3)   :  0.001 0.265 0.004 0.002 0.051 0.100 0.009 0.007 0.005 0.557 
144    (9)   :  0.008 0.003 0.135 0.005 0.100 0.045 0.054 0.138 0.005 0.507 
145   (15)   :  0.006 0.003 0.054 0.005 0.227 0.006 0.004 0.100 0.012 0.584 
146   (12)   :  0.004 0.002 0.266 0.003 0.248 0.016 0.005 0.020 0.008 0.428 
147   (30)   :  0.002 0.002 0.123 0.002 0.108 0.216 0.009 0.011 0.034 0.492 
148   (51)   :  0.088 0.004 0.493 0.267 0.020 0.037 0.062 0.005 0.007 0.015 
149    (0)   :  0.002 0.001 0.003 0.963 0.006 0.004 0.006 0.003 0.009 0.003 
150    (0)   :  0.003 0.002 0.013 0.948 0.003 0.013 0.006 0.005 0.005 0.002 
151    (0)   :  0.002 0.224 0.001 0.766 0.002 0.001 0.001 0.001 0.001 0.001 
152    (3)   :  0.002 0.002 0.011 0.853 0.003 0.006 0.004 0.110 0.004 0.005 
153    (0)   :  0.004 0.003 0.002 0.942 0.002 0.007 0.002 0.006 0.002 0.030 
154    (1)   :  0.014 0.001 0.003 0.958 0.004 0.002 0.005 0.001 0.007 0.004 
155    (0)   :  0.175 0.001 0.005 0.238 0.059 0.011 0.478 0.027 0.003 0.003 
156    (0)   :  0.040 0.001 0.014 0.117 0.050 0.095 0.470 0.015 0.007 0.191 
157   (31)   :  0.111 0.002 0.178 0.135 0.013 0.004 0.527 0.002 0.025 0.005 
158   (14)   :  0.011 0.004 0.109 0.027 0.004 0.004 0.703 0.126 0.005 0.006 
159   (19)   :  0.043 0.232 0.077 0.088 0.004 0.013 0.341 0.006 0.194 0.003 
160   (39)   :  0.005 0.004 0.402 0.130 0.011 0.017 0.373 0.004 0.042 0.013 
161    (1)   :  0.030 0.002 0.017 0.079 0.006 0.006 0.732 0.003 0.118 0.008 
162    (3)   :  0.007 0.001 0.062 0.049 0.006 0.171 0.677 0.011 0.012 0.002 
163    (8)   :  0.002 0.314 0.064 0.032 0.003 0.002 0.574 0.002 0.004 0.003 
164   (12)   :  0.010 0.003 0.195 0.028 0.004 0.006 0.600 0.096 0.016 0.041 
165   (10)   :  0.059 0.002 0.150 0.013 0.020 0.144 0.380 0.088 0.140 0.004 
166   (13)   :  0.008 0.001 0.176 0.034 0.008 0.002 0.528 0.009 0.230 0.004 
167   (47)   :  0.004 0.113 0.374 0.004 0.007 0.004 0.412 0.008 0.067 0.006 
168   (85)   :  0.048 0.037 0.476 0.014 0.025 0.034 0.242 0.041 0.077 0.006 
169   (10)   :  0.011 0.002 0.202 0.006 0.133 0.014 0.560 0.024 0.036 0.011 
170   (17)   :  0.025 0.003 0.210 0.006 0.005 0.098 0.606 0.008 0.005 0.034 
171    (4)   :  0.061 0.360 0.002 0.006 0.022 0.023 0.026 0.002 0.035 0.462 
172    (3)   :  0.214 0.070 0.003 0.041 0.003 0.003 0.004 0.031 0.005 0.626 
173    (9)   :  0.020 0.002 0.047 0.025 0.018 0.008 0.021 0.025 0.026 0.809 
174    (2)   :  0.033 0.002 0.005 0.017 0.003 0.146 0.010 0.004 0.004 0.775 
175    (0)   :  0.176 0.207 0.004 0.006 0.004 0.005 0.005 0.002 0.002 0.588 
176    (8)   :  0.022 0.002 0.068 0.005 0.005 0.020 0.103 0.005 0.018 0.751 
177    (0)   :  0.009 0.011 0.001 0.084 0.167 0.008 0.193 0.005 0.045 0.477 
178    (1)   :  0.161 0.026 0.060 0.059 0.012 0.007 0.010 0.006 0.016 0.644 
179    (0)   :  0.029 0.001 0.005 0.064 0.010 0.004 0.025 0.011 0.003 0.847 
180    (0)   :  0.015 0.359 0.001 0.006 0.025 0.017 0.030 0.002 0.015 0.530 
181    (2)   :  0.012 0.052 0.004 0.010 0.004 0.004 0.005 0.121 0.013 0.775 
182    (0)   :  0.468 0.002 0.003 0.386 0.008 0.024 0.004 0.010 0.002 0.092 
183    (0)   :  0.006 0.017 0.002 0.007 0.028 0.152 0.020 0.009 0.036 0.723 
184    (1)   :  0.020 0.243 0.002 0.009 0.003 0.003 0.006 0.006 0.003 0.704 
185   (20)   :  0.006 0.014 0.140 0.008 0.043 0.012 0.018 0.077 0.135 0.547 
186    (0)   :  0.014 0.008 0.019 0.070 0.008 0.013 0.008 0.017 0.007 0.836 
187    (2)   :  0.002 0.335 0.003 0.006 0.065 0.005 0.002 0.004 0.003 0.575 
188    (1)   :  0.004 0.006 0.011 0.019 0.130 0.108 0.006 0.149 0.010 0.556 
189   (12)   :  0.018 0.004 0.144 0.004 0.072 0.040 0.043 0.044 0.006 0.626 
190    (0)   :  0.006 0.002 0.003 0.033 0.015 0.282 0.002 0.024 0.009 0.624 
191    (0)   :  0.019 0.002 0.002 0.001 0.004 0.003 0.004 0.001 0.003 0.960 
192    (5)   :  0.007 0.003 0.045 0.046 0.036 0.101 0.092 0.014 0.051 0.604 
193   (11)   :  0.035 0.283 0.011 0.003 0.002 0.002 0.003 0.004 0.004 0.652 
194   (14)   :  0.004 0.011 0.143 0.011 0.008 0.012 0.010 0.110 0.003 0.689 
195    (2)   :  0.020 0.003 0.004 0.002 0.146 0.014 0.047 0.017 0.008 0.738 
196    (7)   :  0.118 0.001 0.009 0.050 0.011 0.006 0.009 0.002 0.019 0.773 
197    (3)   :  0.019 0.320 0.011 0.006 0.004 0.006 0.004 0.056 0.009 0.564 
198    (5)   :  0.054 0.002 0.007 0.004 0.009 0.003 0.006 0.005 0.008 0.903 
199    (9)   :  0.058 0.009 0.060 0.008 0.049 0.032 0.048 0.002 0.006 0.729 
200    (1)   :  0.118 0.002 0.010 0.006 0.009 0.002 0.004 0.005 0.005 0.839 
201    (9)   :  0.002 0.284 0.022 0.001 0.076 0.007 0.005 0.004 0.008 0.593 
202    (7)   :  0.077 0.002 0.192 0.004 0.006 0.005 0.007 0.003 0.003 0.702 
203    (1)   :  0.014 0.002 0.028 0.010 0.236 0.022 0.013 0.019 0.016 0.640 
204    (6)   :  0.009 0.011 0.019 0.004 0.020 0.009 0.068 0.012 0.046 0.801 
205    (0)   :  0.037 0.001 0.015 0.101 0.020 0.011 0.002 0.003 0.009 0.800 
206    (0)   :  0.006 0.135 0.004 0.001 0.025 0.014 0.014 0.086 0.004 0.711 
207    (0)   :  0.004 0.001 0.003 0.002 0.292 0.027 0.004 0.013 0.016 0.638 
208    (3)   :  0.027 0.002 0.002 0.002 0.007 0.007 0.004 0.002 0.026 0.921 
209   (13)   :  0.016 0.004 0.174 0.126 0.017 0.024 0.010 0.019 0.007 0.604 
210    (2)   :  0.028 0.013 0.005 0.005 0.004 0.005 0.005 0.118 0.018 0.799 
211    (7)   :  0.080 0.001 0.080 0.005 0.003 0.003 0.002 0.002 0.003 0.821 
212    (2)   :  0.153 0.010 0.022 0.013 0.007 0.014 0.008 0.004 0.007 0.763 
213    (8)   :  0.003 0.004 0.019 0.005 0.024 0.210 0.015 0.011 0.057 0.651 
214   (17)   :  0.203 0.007 0.253 0.004 0.003 0.024 0.008 0.004 0.029 0.466 
215    (6)   :  0.007 0.002 0.016 0.112 0.004 0.341 0.412 0.003 0.098 0.004 
216    (0)   :  0.006 0.002 0.005 0.146 0.021 0.116 0.629 0.007 0.065 0.004 
217    (4)   :  0.003 0.110 0.007 0.856 0.003 0.006 0.002 0.008 0.002 0.003 
218    (2)   :  0.039 0.006 0.012 0.774 0.024 0.095 0.017 0.014 0.008 0.012 
219   (12)   :  0.082 0.002 0.139 0.133 0.010 0.005 0.011 0.016 0.003 0.599 
220   (13)   :  0.190 0.016 0.124 0.172 0.003 0.006 0.009 0.122 0.008 0.351 
221   (49)   :  0.004 0.138 0.381 0.003 0.044 0.219 0.011 0.005 0.184 0.010 
222   (12)   :  0.003 0.001 0.170 0.017 0.098 0.683 0.007 0.008 0.010 0.003 
223    (2)   :  0.004 0.017 0.029 0.003 0.117 0.763 0.017 0.009 0.038 0.004 
224    (6)   :  0.003 0.001 0.137 0.002 0.015 0.640 0.183 0.004 0.010 0.006 
225   (21)   :  0.005 0.003 0.099 0.006 0.082 0.757 0.012 0.006 0.026 0.005 
226    (2)   :  0.011 0.002 0.050 0.006 0.052 0.775 0.078 0.002 0.009 0.015 
227    (5)   :  0.080 0.002 0.151 0.003 0.005 0.734 0.010 0.001 0.010 0.003 
228   (45)   :  0.006 0.003 0.449 0.007 0.012 0.313 0.005 0.045 0.006 0.155 
229   (48)   :  0.005 0.124 0.392 0.006 0.008 0.425 0.003 0.003 0.028 0.005 
230    (0)   :  0.015 0.002 0.004 0.002 0.595 0.334 0.008 0.006 0.019 0.015 
231    (2)   :  0.034 0.002 0.003 0.064 0.168 0.688 0.017 0.017 0.002 0.005 
232    (0)   :  0.054 0.019 0.009 0.003 0.558 0.072 0.031 0.020 0.188 0.046 
233    (0)   :  0.003 0.004 0.018 0.010 0.137 0.674 0.018 0.010 0.120 0.006 
234    (3)   :  0.002 0.002 0.023 0.002 0.155 0.720 0.017 0.023 0.039 0.017 
235    (1)   :  0.004 0.142 0.029 0.004 0.010 0.688 0.097 0.003 0.015 0.008 
236   (25)   :  0.044 0.002 0.169 0.045 0.078 0.533 0.009 0.034 0.075 0.011 
237    (2)   :  0.003 0.002 0.010 0.003 0.051 0.901 0.015 0.004 0.004 0.007 
238   (21)   :  0.007 0.001 0.292 0.004 0.039 0.594 0.034 0.006 0.012 0.011 
239   (11)   :  0.011 0.011 0.046 0.020 0.009 0.664 0.020 0.197 0.014 0.009 
240    (0)   :  0.006 0.003 0.002 0.010 0.095 0.815 0.038 0.004 0.016 0.010 
241   (62)   :  0.004 0.152 0.517 0.003 0.021 0.269 0.018 0.004 0.007 0.005 
242    (8)   :  0.002 0.004 0.048 0.004 0.004 0.775 0.101 0.003 0.054 0.006 
243    (7)   :  0.001 0.004 0.077 0.001 0.194 0.705 0.007 0.001 0.006 0.003 
244    (4)   :  0.007 0.222 0.002 0.005 0.003 0.731 0.013 0.005 0.011 0.001 
245   (18)   :  0.038 0.002 0.045 0.004 0.012 0.828 0.018 0.008 0.037 0.007 
246   (38)   :  0.004 0.002 0.295 0.014 0.006 0.635 0.014 0.006 0.007 0.017 
247    (7)   :  0.091 0.120 0.019 0.005 0.013 0.462 0.006 0.116 0.093 0.075 
248   (55)   :  0.005 0.205 0.381 0.005 0.010 0.357 0.008 0.002 0.020 0.008 
249    (1)   :  0.007 0.002 0.084 0.008 0.044 0.790 0.012 0.005 0.039 0.008 
250    (0)   :  0.003 0.009 0.034 0.024 0.045 0.714 0.127 0.010 0.014 0.018 
251    (7)   :  0.004 0.003 0.174 0.003 0.038 0.638 0.124 0.006 0.006 0.005 
252    (1)   :  0.007 0.005 0.112 0.003 0.113 0.539 0.068 0.014 0.132 0.007 
253    (4)   :  0.005 0.004 0.020 0.001 0.024 0.881 0.010 0.022 0.024 0.009 
254    (8)   :  0.004 0.001 0.146 0.003 0.030 0.692 0.007 0.019 0.014 0.084 
255   (36)   :  0.003 0.007 0.343 0.010 0.058 0.325 0.012 0.024 0.215 0.004 
256    (9)   :  0.006 0.003 0.114 0.004 0.180 0.441 0.008 0.213 0.025 0.007 
257   (72)   :  0.031 0.003 0.558 0.003 0.006 0.326 0.017 0.007 0.012 0.036 
258    (1)   :  0.007 0.005 0.070 0.010 0.029 0.610 0.122 0.112 0.026 0.011 
259    (0)   :  0.002 0.003 0.096 0.049 0.213 0.527 0.085 0.003 0.017 0.004 
260    (0)   :  0.005 0.077 0.003 0.007 0.007 0.712 0.013 0.137 0.036 0.004 
261    (0)   :  0.004 0.001 0.002 0.004 0.035 0.749 0.039 0.080 0.065 0.021 
262    (1)   :  0.010 0.002 0.005 0.006 0.064 0.783 0.024 0.006 0.086 0.014 
263    (3)   :  0.003 0.003 0.015 0.003 0.014 0.716 0.007 0.195 0.039 0.006 
264   (29)   :  0.004 0.173 0.242 0.006 0.011 0.491 0.016 0.014 0.038 0.005 
265    (0)   :  0.003 0.001 0.017 0.084 0.021 0.611 0.166 0.004 0.084 0.008 
266    (0)   :  0.004 0.002 0.002 0.003 0.147 0.714 0.005 0.032 0.083 0.007 
267    (7)   :  0.017 0.002 0.066 0.010 0.030 0.798 0.016 0.003 0.046 0.012 
268   (40)   :  0.010 0.002 0.460 0.010 0.008 0.011 0.027 0.013 0.003 0.456 
269   (72)   :  0.162 0.004 0.565 0.127 0.011 0.034 0.014 0.004 0.026 0.054 
270    (2)   :  0.006 0.018 0.019 0.005 0.103 0.139 0.105 0.020 0.006 0.581 
271   (68)   :  0.022 0.002 0.550 0.006 0.255 0.012 0.007 0.004 0.062 0.079 
272   (49)   :  0.004 0.003 0.434 0.005 0.096 0.055 0.015 0.003 0.058 0.326 
273   (18)   :  0.008 0.001 0.064 0.007 0.700 0.008 0.005 0.003 0.010 0.193 
274    (7)   :  0.019 0.003 0.013 0.004 0.016 0.010 0.005 0.167 0.018 0.744 
275   (70)   :  0.004 0.164 0.458 0.132 0.025 0.004 0.015 0.006 0.019 0.172 
276    (2)   :  0.035 0.006 0.010 0.003 0.179 0.040 0.034 0.005 0.004 0.683 
277   (70)   :  0.007 0.003 0.540 0.004 0.004 0.008 0.018 0.007 0.004 0.406 
278    (4)   :  0.007 0.002 0.033 0.015 0.840 0.048 0.006 0.030 0.004 0.014 
279    (2)   :  0.004 0.005 0.105 0.003 0.518 0.276 0.042 0.003 0.039 0.005 
280    (4)   :  0.313 0.122 0.004 0.538 0.002 0.005 0.005 0.001 0.005 0.005 
281    (0)   :  0.180 0.002 0.003 0.004 0.011 0.196 0.004 0.002 0.002 0.596 
282    (2)   :  0.093 0.005 0.004 0.006 0.009 0.182 0.007 0.002 0.006 0.686 
283    (4)   :  0.030 0.051 0.003 0.007 0.002 0.003 0.025 0.155 0.004 0.719 
284   (22)   :  0.020 0.158 0.167 0.045 0.003 0.004 0.003 0.001 0.003 0.596 
285    (0)   :  0.005 0.007 0.004 0.061 0.028 0.162 0.632 0.015 0.008 0.078 
286   (72)   :  0.063 0.006 0.526 0.009 0.028 0.177 0.107 0.023 0.016 0.045 
287    (1)   :  0.002 0.162 0.003 0.002 0.094 0.107 0.607 0.008 0.010 0.005 
288    (0)   :  0.005 0.006 0.006 0.034 0.040 0.305 0.584 0.007 0.004 0.008 
289    (0)   :  0.232 0.170 0.001 0.582 0.002 0.002 0.002 0.004 0.002 0.003 
290    (0)   :  0.027 0.032 0.003 0.875 0.005 0.005 0.006 0.038 0.001 0.008 
291    (0)   :  0.003 0.003 0.003 0.003 0.219 0.300 0.004 0.006 0.003 0.456 
292    (0)   :  0.005 0.005 0.003 0.927 0.003 0.015 0.014 0.005 0.011 0.012 
293    (0)   :  0.003 0.001 0.001 0.980 0.002 0.001 0.002 0.002 0.004 0.005 
294    (0)   :  0.306 0.002 0.010 0.648 0.011 0.004 0.006 0.003 0.002 0.008 
295    (0)   :  0.002 0.001 0.006 0.002 0.148 0.270 0.004 0.006 0.010 0.551 
296    (0)   :  0.006 0.073 0.003 0.004 0.011 0.310 0.039 0.025 0.522 0.006 
297   (37)   :  0.003 0.003 0.316 0.018 0.019 0.118 0.067 0.010 0.439 0.006 
298   (50)   :  0.002 0.002 0.541 0.010 0.022 0.004 0.007 0.005 0.405 0.002 
299    (1)   :  0.012 0.001 0.010 0.002 0.008 0.212 0.026 0.006 0.720 0.003 
300    (0)   :  0.004 0.002 0.005 0.003 0.007 0.263 0.017 0.002 0.694 0.003 
301   (20)   :  0.002 0.068 0.102 0.004 0.008 0.032 0.012 0.138 0.497 0.136 
302   (54)   :  0.010 0.083 0.427 0.058 0.010 0.009 0.010 0.003 0.382 0.008 
303    (4)   :  0.020 0.001 0.040 0.012 0.093 0.011 0.071 0.004 0.741 0.008 
304   (56)   :  0.007 0.003 0.406 0.011 0.013 0.008 0.008 0.005 0.503 0.038 
305   (82)   :  0.004 0.006 0.646 0.016 0.022 0.033 0.013 0.007 0.246 0.006 
306    (1)   :  0.017 0.007 0.048 0.002 0.007 0.018 0.004 0.010 0.878 0.009 
307   (12)   :  0.003 0.002 0.055 0.002 0.010 0.011 0.004 0.004 0.878 0.031 
308   (10)   :  0.010 0.004 0.078 0.028 0.007 0.087 0.073 0.002 0.706 0.004 
309   (23)   :  0.005 0.072 0.154 0.002 0.007 0.005 0.009 0.019 0.722 0.005 
310   (10)   :  0.003 0.020 0.034 0.023 0.004 0.204 0.085 0.005 0.595 0.026 
311    (4)   :  0.010 0.002 0.004 0.004 0.023 0.008 0.197 0.007 0.742 0.003 
312    (3)   :  0.002 0.003 0.004 0.002 0.026 0.148 0.004 0.007 0.801 0.002 
313   (10)   :  0.002 0.008 0.010 0.003 0.016 0.004 0.004 0.180 0.768 0.005 
314    (3)   :  0.008 0.002 0.006 0.006 0.012 0.007 0.004 0.003 0.858 0.094 
315    (2)   :  0.007 0.002 0.125 0.839 0.006 0.003 0.004 0.002 0.003 0.009 
316   (46)   :  0.002 0.128 0.226 0.630 0.003 0.001 0.002 0.002 0.005 0.001 
317    (5)   :  0.004 0.003 0.081 0.835 0.008 0.024 0.004 0.004 0.027 0.011 
318   (44)   :  0.002 0.191 0.164 0.605 0.003 0.004 0.003 0.004 0.006 0.019 
319    (2)   :  0.003 0.003 0.045 0.929 0.003 0.002 0.004 0.005 0.003 0.004 
320    (3)   :  0.003 0.001 0.115 0.862 0.002 0.002 0.008 0.002 0.003 0.002 
321    (6)   :  0.366 0.003 0.147 0.449 0.003 0.005 0.014 0.005 0.005 0.003 
322    (0)   :  0.079 0.002 0.004 0.832 0.011 0.004 0.056 0.005 0.004 0.003 
323    (2)   :  0.016 0.002 0.020 0.917 0.015 0.003 0.007 0.005 0.008 0.007 


Estimated Allele Frequencies in each cluster
First column gives estimated ancestral frequencies


Locus 1 : 0 
2 alleles
17.0% missing data
   2   (0.908) 0.979 0.982 0.987 0.993 0.879 0.880 0.912 0.922 0.933 0.939 
   4   (0.092) 0.021 0.018 0.013 0.007 0.121 0.120 0.088 0.078 0.067 0.061 

Locus 2 : 1 
2 alleles
16.1% missing data
   3   (0.035) 0.286 0.012 0.006 0.194 0.022 0.013 0.018 0.007 0.012 0.010 
   1   (0.965) 0.714 0.988 0.994 0.806 0.978 0.987 0.982 0.993 0.988 0.990 

Locus 3 : 2 
2 alleles
12.1% missing data
   1   (0.914) 0.937 0.964 0.989 0.592 0.888 0.960 0.972 0.714 0.965 0.932 
   4   (0.086) 0.063 0.036 0.011 0.408 0.112 0.040 0.028 0.286 0.035 0.068 

Locus 4 : 3 
2 alleles
6.5% missing data
   1   (0.493) 0.442 0.502 0.562 0.239 0.411 0.554 0.552 0.255 0.407 0.769 
   2   (0.507) 0.558 0.498 0.438 0.761 0.589 0.446 0.448 0.745 0.593 0.231 

Locus 5 : 4 
2 alleles
20.4% missing data
   3   (0.497) 0.354 0.404 0.148 0.273 0.472 0.522 0.609 0.204 0.501 0.773 
   1   (0.503) 0.646 0.596 0.852 0.727 0.528 0.478 0.391 0.796 0.499 0.227 

Locus 6 : 5 
2 alleles
15.8% missing data
   2   (0.890) 0.760 0.965 0.974 0.828 0.954 0.905 0.936 0.954 0.820 0.843 
   3   (0.110) 0.240 0.035 0.026 0.172 0.046 0.095 0.064 0.046 0.180 0.157 

Locus 7 : 6 
2 alleles
11.8% missing data
   4   (0.694) 0.841 0.810 0.941 0.497 0.812 0.608 0.488 0.800 0.564 0.901 
   1   (0.306) 0.159 0.190 0.059 0.503 0.188 0.392 0.512 0.200 0.436 0.099 

Locus 8 : 7 
2 alleles
17.3% missing data
   3   (0.270) 0.151 0.160 0.035 0.287 0.256 0.213 0.262 0.301 0.600 0.206 
   2   (0.730) 0.849 0.840 0.965 0.713 0.744 0.787 0.738 0.699 0.400 0.794 

Locus 9 : 8 
2 alleles
23.8% missing data
   2   (0.854) 0.839 0.971 0.910 0.825 0.839 0.920 0.770 0.902 0.889 0.817 
   4   (0.146) 0.161 0.029 0.090 0.175 0.161 0.080 0.230 0.098 0.111 0.183 

Locus 10 : 9 
2 alleles
6.5% missing data
   1   (0.705) 0.527 0.655 0.624 0.712 0.704 0.819 0.598 0.619 0.754 0.707 
   4   (0.295) 0.473 0.345 0.376 0.288 0.296 0.181 0.402 0.381 0.246 0.293 

Locus 11 : 10 
2 alleles
1.9% missing data
   1   (0.956) 0.981 0.994 0.832 0.942 0.970 0.985 0.987 0.985 0.972 0.914 
   3   (0.044) 0.019 0.006 0.168 0.058 0.030 0.015 0.013 0.015 0.028 0.086 

Locus 12 : 11 
2 alleles
0.9% missing data
   4   (0.930) 0.993 0.973 0.995 0.995 0.806 0.885 0.909 0.980 0.956 0.994 
   1   (0.070) 0.007 0.027 0.005 0.005 0.194 0.115 0.091 0.020 0.044 0.006 

Locus 13 : 12 
2 alleles
20.1% missing data
   1   (0.937) 0.954 0.956 0.993 0.933 0.966 0.966 0.967 0.847 0.973 0.902 
   3   (0.063) 0.046 0.044 0.007 0.067 0.034 0.034 0.033 0.153 0.027 0.098 

Locus 14 : 13 
2 alleles
19.8% missing data
   1   (0.948) 0.799 0.991 0.992 0.983 0.977 0.952 0.977 0.986 0.979 0.902 
   4   (0.052) 0.201 0.009 0.008 0.017 0.023 0.048 0.023 0.014 0.021 0.098 

Locus 15 : 14 
2 alleles
23.2% missing data
   4   (0.744) 0.237 0.576 0.858 0.722 0.848 0.769 0.596 0.886 0.773 0.843 
   1   (0.256) 0.763 0.424 0.142 0.278 0.152 0.231 0.404 0.114 0.227 0.157 

Locus 16 : 15 
2 alleles
20.7% missing data
   2   (0.942) 0.912 0.991 0.994 0.933 0.975 0.977 0.963 0.709 0.939 0.956 
   4   (0.058) 0.088 0.009 0.006 0.067 0.025 0.023 0.037 0.291 0.061 0.044 

Locus 17 : 16 
2 alleles
4.3% missing data
   3   (0.649) 0.397 0.582 0.826 0.459 0.770 0.727 0.448 0.748 0.833 0.411 
   1   (0.351) 0.603 0.418 0.174 0.541 0.230 0.273 0.552 0.252 0.167 0.589 

Locus 18 : 17 
2 alleles
11.8% missing data
   2   (0.783) 0.824 0.679 0.944 0.807 0.752 0.777 0.827 0.910 0.805 0.838 
   3   (0.217) 0.176 0.321 0.056 0.193 0.248 0.223 0.173 0.090 0.195 0.162 

Locus 19 : 18 
2 alleles
12.1% missing data
   3   (0.828) 0.933 0.933 0.840 0.603 0.910 0.877 0.817 0.739 0.681 0.837 
   2   (0.172) 0.067 0.067 0.160 0.397 0.090 0.123 0.183 0.261 0.319 0.163 

Locus 20 : 19 
2 alleles
24.5% missing data
   4   (0.920) 0.986 0.964 0.988 0.978 0.730 0.921 0.964 0.928 0.931 0.987 
   1   (0.080) 0.014 0.036 0.012 0.022 0.270 0.079 0.036 0.072 0.069 0.013 

Locus 21 : 20 
2 alleles
3.4% missing data
   2   (0.513) 0.178 0.482 0.558 0.453 0.586 0.631 0.493 0.788 0.343 0.304 
   3   (0.487) 0.822 0.518 0.442 0.547 0.414 0.369 0.507 0.212 0.657 0.696 

Locus 22 : 21 
2 alleles
11.1% missing data
   2   (0.848) 0.941 0.264 0.972 0.908 0.846 0.895 0.828 0.864 0.903 0.874 
   4   (0.152) 0.059 0.736 0.028 0.092 0.154 0.105 0.172 0.136 0.097 0.126 

Locus 23 : 22 
2 alleles
24.8% missing data
   2   (0.942) 0.973 0.441 0.991 0.992 0.960 0.966 0.959 0.968 0.942 0.964 
   4   (0.058) 0.027 0.559 0.009 0.008 0.040 0.034 0.041 0.032 0.058 0.036 

Locus 24 : 23 
2 alleles
4.3% missing data
   1   (0.984) 0.998 0.155 0.999 0.998 0.995 0.994 0.995 0.995 0.995 0.998 
   3   (0.016) 0.002 0.845 0.001 0.002 0.005 0.006 0.005 0.005 0.005 0.002 

Locus 25 : 24 
2 alleles
21.7% missing data
   3   (0.863) 0.851 0.911 0.985 0.850 0.920 0.918 0.943 0.661 0.734 0.692 
   2   (0.137) 0.149 0.089 0.015 0.150 0.080 0.082 0.057 0.339 0.266 0.308 

Locus 26 : 25 
2 alleles
4.6% missing data
   3   (0.924) 0.953 0.910 0.993 0.842 0.968 0.956 0.932 0.918 0.810 0.986 
   2   (0.076) 0.047 0.090 0.007 0.158 0.032 0.044 0.068 0.082 0.190 0.014 

Locus 27 : 26 
2 alleles
5.3% missing data
   4   (0.943) 0.989 0.989 0.996 0.988 0.946 0.957 0.978 0.914 0.983 0.799 
   1   (0.057) 0.011 0.011 0.004 0.012 0.054 0.043 0.022 0.086 0.017 0.201 

Locus 28 : 27 
2 alleles
9.3% missing data
   1   (0.232) 0.168 0.426 0.032 0.398 0.234 0.203 0.225 0.135 0.213 0.170 
   3   (0.768) 0.832 0.574 0.968 0.602 0.766 0.797 0.775 0.865 0.787 0.830 

Locus 29 : 28 
2 alleles
10.8% missing data
   3   (0.669) 0.878 0.642 0.923 0.920 0.487 0.639 0.655 0.498 0.785 0.736 
   2   (0.331) 0.122 0.358 0.077 0.080 0.513 0.361 0.345 0.502 0.215 0.264 

Locus 30 : 29 
2 alleles
9.0% missing data
   4   (0.922) 0.990 0.965 0.977 0.994 0.867 0.945 0.967 0.973 0.704 0.910 
   2   (0.078) 0.010 0.035 0.023 0.006 0.133 0.055 0.033 0.027 0.296 0.090 

Locus 31 : 30 
2 alleles
14.2% missing data
   3   (0.838) 0.906 0.857 0.976 0.889 0.860 0.815 0.797 0.939 0.931 0.778 
   2   (0.162) 0.094 0.143 0.024 0.111 0.140 0.185 0.203 0.061 0.069 0.222 

Locus 32 : 31 
2 alleles
5.0% missing data
   3   (0.925) 0.763 0.895 0.995 0.988 0.898 0.944 0.904 0.951 0.967 0.986 
   2   (0.075) 0.237 0.105 0.005 0.012 0.102 0.056 0.096 0.049 0.033 0.014 

Locus 33 : 32 
2 alleles
1.5% missing data
   4   (0.874) 0.981 0.972 0.983 0.832 0.861 0.855 0.862 0.897 0.877 0.961 
   1   (0.126) 0.019 0.028 0.017 0.168 0.139 0.145 0.138 0.103 0.123 0.039 

Locus 34 : 33 
2 alleles
5.9% missing data
   3   (0.667) 0.725 0.588 0.954 0.412 0.610 0.636 0.639 0.837 0.678 0.881 
   2   (0.333) 0.275 0.412 0.046 0.588 0.390 0.364 0.361 0.163 0.322 0.119 

Locus 35 : 34 
2 alleles
14.9% missing data
   3   (0.633) 0.612 0.662 0.778 0.732 0.564 0.624 0.657 0.586 0.570 0.804 
   2   (0.367) 0.388 0.338 0.222 0.268 0.436 0.376 0.343 0.414 0.430 0.196 

Locus 36 : 35 
2 alleles
12.7% missing data
   4   (0.773) 0.811 0.830 0.928 0.657 0.773 0.824 0.728 0.807 0.793 0.806 
   1   (0.227) 0.189 0.170 0.072 0.343 0.227 0.176 0.272 0.193 0.207 0.194 

Locus 37 : 36 
2 alleles
1.2% missing data
   2   (0.749) 0.612 0.820 0.901 0.865 0.601 0.760 0.768 0.834 0.920 0.693 
   3   (0.251) 0.388 0.180 0.099 0.135 0.399 0.240 0.232 0.166 0.080 0.307 

Locus 38 : 37 
2 alleles
0.9% missing data
   2   (0.897) 0.915 0.986 0.991 0.780 0.874 0.951 0.924 0.691 0.925 0.926 
   4   (0.103) 0.085 0.014 0.009 0.220 0.126 0.049 0.076 0.309 0.075 0.074 

Locus 39 : 38 
2 alleles
12.1% missing data
   4   (0.902) 0.889 0.965 0.985 0.783 0.881 0.911 0.956 0.965 0.965 0.900 
   3   (0.098) 0.111 0.035 0.015 0.217 0.119 0.089 0.044 0.035 0.035 0.100 

Locus 40 : 39 
2 alleles
2.8% missing data
   3   (0.870) 0.906 0.942 0.978 0.864 0.813 0.921 0.892 0.964 0.924 0.715 
   2   (0.130) 0.094 0.058 0.022 0.136 0.187 0.079 0.108 0.036 0.076 0.285 

Locus 41 : 40 
2 alleles
9.3% missing data
   2   (0.733) 0.752 0.523 0.970 0.802 0.754 0.633 0.828 0.632 0.851 0.797 
   4   (0.267) 0.248 0.477 0.030 0.198 0.246 0.367 0.172 0.368 0.149 0.203 

Locus 42 : 41 
2 alleles
9.6% missing data
   4   (0.839) 0.876 0.815 0.979 0.670 0.778 0.878 0.863 0.955 0.918 0.814 
   1   (0.161) 0.124 0.185 0.021 0.330 0.222 0.122 0.137 0.045 0.082 0.186 

Locus 43 : 42 
2 alleles
11.8% missing data
   1   (0.794) 0.729 0.878 0.830 0.578 0.767 0.862 0.828 0.897 0.852 0.721 
   4   (0.206) 0.271 0.122 0.170 0.422 0.233 0.138 0.172 0.103 0.148 0.279 

Locus 44 : 43 
2 alleles
5.6% missing data
   3   (0.786) 0.581 0.886 0.894 0.794 0.853 0.727 0.886 0.746 0.853 0.773 
   4   (0.214) 0.419 0.114 0.106 0.206 0.147 0.273 0.114 0.254 0.147 0.227 

Locus 45 : 44 
2 alleles
6.8% missing data
   2   (0.469) 0.639 0.334 0.589 0.283 0.498 0.500 0.531 0.364 0.320 0.521 
   3   (0.531) 0.361 0.666 0.411 0.717 0.502 0.500 0.469 0.636 0.680 0.479 

Locus 46 : 45 
2 alleles
3.7% missing data
   1   (0.945) 0.937 0.985 0.997 0.772 0.980 0.978 0.881 0.989 0.953 0.969 
   4   (0.055) 0.063 0.015 0.003 0.228 0.020 0.022 0.119 0.011 0.047 0.031 

Locus 47 : 46 
2 alleles
16.4% missing data
   3   (0.952) 0.618 0.986 0.966 0.995 0.949 0.971 0.979 0.970 0.979 0.968 
   4   (0.048) 0.382 0.014 0.034 0.005 0.051 0.029 0.021 0.030 0.021 0.032 

Locus 48 : 47 
2 alleles
9.9% missing data
   4   (0.652) 0.433 0.772 0.703 0.773 0.769 0.642 0.752 0.470 0.556 0.524 
   1   (0.348) 0.567 0.228 0.297 0.227 0.231 0.358 0.248 0.530 0.444 0.476 

Locus 49 : 48 
2 alleles
5.9% missing data
   1   (0.786) 0.799 0.893 0.973 0.585 0.882 0.749 0.844 0.710 0.873 0.651 
   3   (0.214) 0.201 0.107 0.027 0.415 0.118 0.251 0.156 0.290 0.127 0.349 

Locus 50 : 49 
2 alleles
11.8% missing data
   3   (0.818) 0.882 0.951 0.968 0.859 0.749 0.762 0.905 0.854 0.792 0.915 
   2   (0.182) 0.118 0.049 0.032 0.141 0.251 0.238 0.095 0.146 0.208 0.085 

Locus 51 : 50 
2 alleles
11.8% missing data
   1   (0.861) 0.884 0.885 0.948 0.976 0.766 0.880 0.885 0.911 0.862 0.923 
   4   (0.139) 0.116 0.115 0.052 0.024 0.234 0.120 0.115 0.089 0.138 0.077 

Locus 52 : 51 
2 alleles
6.8% missing data
   3   (0.649) 0.747 0.503 0.885 0.790 0.647 0.639 0.658 0.542 0.752 0.574 
   2   (0.351) 0.253 0.497 0.115 0.210 0.353 0.361 0.342 0.458 0.248 0.426 

Locus 53 : 52 
2 alleles
3.7% missing data
   4   (0.916) 0.870 0.970 0.946 0.989 0.887 0.962 0.961 0.883 0.865 0.928 
   1   (0.084) 0.130 0.030 0.054 0.011 0.113 0.038 0.039 0.117 0.135 0.072 

Locus 54 : 53 
2 alleles
6.8% missing data
   3   (0.615) 0.541 0.559 0.311 0.850 0.605 0.560 0.702 0.475 0.827 0.460 
   2   (0.385) 0.459 0.441 0.689 0.150 0.395 0.440 0.298 0.525 0.173 0.540 

Locus 55 : 54 
2 alleles
9.9% missing data
   3   (0.853) 0.729 0.961 0.984 0.847 0.812 0.918 0.880 0.808 0.877 0.845 
   2   (0.147) 0.271 0.039 0.016 0.153 0.188 0.082 0.120 0.192 0.123 0.155 

Locus 56 : 55 
2 alleles
0.3% missing data
   4   (0.839) 0.781 0.882 0.987 0.601 0.912 0.885 0.789 0.757 0.872 0.879 
   2   (0.161) 0.219 0.118 0.013 0.399 0.088 0.115 0.211 0.243 0.128 0.121 

Locus 57 : 56 
2 alleles
23.5% missing data
   4   (0.592) 0.803 0.480 0.117 0.554 0.710 0.618 0.561 0.403 0.578 0.542 
   1   (0.408) 0.197 0.520 0.883 0.446 0.290 0.382 0.439 0.597 0.422 0.458 

Locus 58 : 57 
2 alleles
5.6% missing data
   2   (0.825) 0.960 0.853 0.960 0.968 0.706 0.750 0.788 0.779 0.904 0.959 
   3   (0.175) 0.040 0.147 0.040 0.032 0.294 0.250 0.212 0.221 0.096 0.041 

Locus 59 : 58 
2 alleles
9.0% missing data
   1   (0.611) 0.854 0.743 0.834 0.731 0.562 0.524 0.596 0.436 0.633 0.774 
   4   (0.389) 0.146 0.257 0.166 0.269 0.438 0.476 0.404 0.564 0.367 0.226 

Locus 60 : 59 
2 alleles
2.5% missing data
   4   (0.857) 0.981 0.853 0.912 0.979 0.869 0.825 0.877 0.784 0.833 0.909 
   2   (0.143) 0.019 0.147 0.088 0.021 0.131 0.175 0.123 0.216 0.167 0.091 

Locus 61 : 60 
2 alleles
3.4% missing data
   3   (0.471) 0.613 0.454 0.237 0.622 0.410 0.345 0.498 0.351 0.653 0.656 
   2   (0.529) 0.387 0.546 0.763 0.378 0.590 0.655 0.502 0.649 0.347 0.344 

Locus 62 : 61 
2 alleles
5.6% missing data
   4   (0.877) 0.848 0.969 0.992 0.785 0.888 0.823 0.917 0.957 0.927 0.952 
