

----------------------------------------------------
STRUCTURE by Pritchard, Stephens and Donnelly (2000)
     and Falush, Stephens and Pritchard (2003)
       Code by Pritchard, Falush and Hubisz
             Version 2.3.4 (Jul 2012)
----------------------------------------------------



Command line arguments:   structure -m data/structure/mainparams.txt -e data/structure/extraparams.txt -K 4 -o data/structure/structure_output_4 
Input File:    data/structure/structure_input.tab

Run parameters:
   323 individuals
   2366 loci
   4 populations assumed
   10000 Burn-in period
   25000 Reps


--------------------------------------------
Overall proportion of membership of the
sample in each of the 4 clusters

Inferred Clusters
  1      2      3      4    
0.056  0.302  0.175  0.467  

--------------------------------------------

Allele-freq. divergence among pops (Net nucleotide distance),
computed using point estimates of P.

      1       2       3       4      
 1      -    0.0230  0.0299  0.0194  
 2   0.0230     -    0.0196  0.0098  
 3   0.0299  0.0196     -    0.0164  
 4   0.0194  0.0098  0.0164     -    

Average distances (expected heterozygosity) between individuals in same cluster:
cluster  1  : 0.2663 
cluster  2  : 0.2794 
cluster  3  : 0.2664 
cluster  4  : 0.2856 

--------------------------------------------
Estimated Ln Prob of Data   = -604843.7
Mean value of ln likelihood = -602338.1
Variance of ln likelihood   = 5011.2
Mean value of alpha         = 0.1051

Mean value of Fst_1         = 0.1900
Mean value of Fst_2         = 0.0508
Mean value of Fst_3         = 0.1055
Mean value of Fst_4         = 0.0245


Inferred ancestry of individuals:
     (%Miss) :  Inferred clusters
  1    (2)   :  0.002 0.288 0.600 0.110 
  2    (2)   :  0.008 0.836 0.121 0.035 
  3    (3)   :  0.094 0.736 0.167 0.003 
  4    (0)   :  0.001 0.392 0.602 0.004 
  5    (0)   :  0.010 0.885 0.078 0.026 
  6    (0)   :  0.002 0.926 0.047 0.025 
  7    (0)   :  0.141 0.474 0.379 0.006 
  8    (0)   :  0.001 0.987 0.006 0.006 
  9    (0)   :  0.003 0.736 0.254 0.008 
 10    (8)   :  0.019 0.364 0.608 0.009 
 11    (1)   :  0.002 0.413 0.571 0.014 
 12    (0)   :  0.001 0.303 0.693 0.003 
 13    (0)   :  0.002 0.977 0.015 0.006 
 14    (0)   :  0.012 0.926 0.034 0.029 
 15    (0)   :  0.234 0.008 0.053 0.705 
 16    (0)   :  0.003 0.011 0.002 0.984 
 17    (5)   :  0.001 0.009 0.002 0.988 
 18    (1)   :  0.006 0.002 0.002 0.990 
 19    (3)   :  0.025 0.020 0.007 0.948 
 20    (4)   :  0.242 0.002 0.002 0.753 
 21    (2)   :  0.221 0.002 0.003 0.774 
 22    (1)   :  0.001 0.006 0.007 0.986 
 23    (5)   :  0.083 0.002 0.002 0.914 
 24    (8)   :  0.267 0.003 0.006 0.724 
 25    (1)   :  0.002 0.017 0.050 0.930 
 26    (1)   :  0.002 0.006 0.004 0.988 
 27    (0)   :  0.002 0.004 0.006 0.988 
 28    (0)   :  0.006 0.005 0.004 0.985 
 29    (0)   :  0.002 0.005 0.003 0.990 
 30    (1)   :  0.002 0.014 0.025 0.958 
 31    (7)   :  0.007 0.050 0.015 0.927 
 32   (15)   :  0.014 0.008 0.009 0.969 
 33    (8)   :  0.001 0.014 0.010 0.974 
 34    (0)   :  0.004 0.002 0.008 0.986 
 35    (0)   :  0.001 0.057 0.024 0.917 
 36    (4)   :  0.054 0.016 0.014 0.916 
 37    (6)   :  0.002 0.004 0.008 0.987 
 38    (2)   :  0.001 0.022 0.009 0.968 
 39    (0)   :  0.015 0.012 0.010 0.963 
 40    (5)   :  0.192 0.002 0.805 0.002 
 41    (2)   :  0.002 0.003 0.993 0.002 
 42    (0)   :  0.002 0.002 0.993 0.003 
 43    (8)   :  0.009 0.004 0.964 0.023 
 44    (1)   :  0.061 0.003 0.933 0.003 
 45   (55)   :  0.002 0.039 0.270 0.689 
 46    (2)   :  0.012 0.006 0.974 0.008 
 47    (0)   :  0.001 0.002 0.994 0.003 
 48    (1)   :  0.006 0.002 0.988 0.004 
 49   (14)   :  0.002 0.009 0.932 0.057 
 50    (1)   :  0.002 0.003 0.991 0.004 
 51    (6)   :  0.002 0.003 0.990 0.005 
 52    (1)   :  0.295 0.091 0.611 0.003 
 53    (0)   :  0.037 0.004 0.956 0.003 
 54    (7)   :  0.319 0.215 0.463 0.003 
 55    (6)   :  0.346 0.069 0.574 0.010 
 56   (13)   :  0.333 0.004 0.007 0.656 
 57    (0)   :  0.001 0.364 0.629 0.005 
 58    (0)   :  0.141 0.001 0.856 0.002 
 59    (3)   :  0.004 0.004 0.982 0.009 
 60    (4)   :  0.016 0.061 0.003 0.920 
 61    (5)   :  0.005 0.004 0.005 0.986 
 62    (8)   :  0.367 0.005 0.003 0.625 
 63    (5)   :  0.322 0.012 0.007 0.659 
 64    (0)   :  0.418 0.002 0.009 0.571 
 65    (0)   :  0.362 0.002 0.002 0.635 
 66    (5)   :  0.194 0.002 0.004 0.800 
 67    (7)   :  0.052 0.012 0.009 0.928 
 68    (3)   :  0.002 0.711 0.002 0.284 
 69    (4)   :  0.087 0.669 0.003 0.240 
 70    (1)   :  0.002 0.874 0.117 0.007 
 71   (23)   :  0.007 0.680 0.005 0.308 
 72    (0)   :  0.011 0.977 0.002 0.011 
 73    (2)   :  0.150 0.845 0.002 0.003 
 74    (0)   :  0.006 0.730 0.002 0.262 
 75    (0)   :  0.006 0.970 0.014 0.009 
 76    (0)   :  0.134 0.750 0.109 0.007 
 77    (0)   :  0.257 0.657 0.003 0.083 
 78    (1)   :  0.001 0.012 0.004 0.982 
 79    (0)   :  0.022 0.036 0.002 0.940 
 80    (1)   :  0.004 0.010 0.006 0.980 
 81    (0)   :  0.075 0.004 0.004 0.917 
 82    (3)   :  0.002 0.005 0.034 0.958 
 83    (0)   :  0.003 0.023 0.002 0.971 
 84    (0)   :  0.034 0.006 0.003 0.957 
 85    (0)   :  0.220 0.005 0.002 0.773 
 86    (3)   :  0.001 0.008 0.004 0.987 
 87    (5)   :  0.008 0.006 0.008 0.978 
 88    (6)   :  0.003 0.027 0.013 0.957 
 89    (2)   :  0.097 0.025 0.049 0.829 
 90    (3)   :  0.002 0.021 0.004 0.973 
 91    (5)   :  0.002 0.008 0.017 0.972 
 92    (0)   :  0.007 0.006 0.012 0.975 
 93    (1)   :  0.185 0.003 0.010 0.802 
 94    (2)   :  0.002 0.042 0.006 0.950 
 95    (2)   :  0.005 0.114 0.007 0.875 
 96    (0)   :  0.345 0.028 0.004 0.623 
 97    (0)   :  0.003 0.204 0.003 0.790 
 98    (2)   :  0.002 0.023 0.004 0.971 
 99    (2)   :  0.002 0.070 0.014 0.914 
100   (24)   :  0.248 0.043 0.006 0.703 
101    (3)   :  0.374 0.005 0.010 0.611 
102   (43)   :  0.003 0.792 0.185 0.020 
103    (7)   :  0.004 0.890 0.091 0.015 
104    (3)   :  0.002 0.757 0.238 0.003 
105    (7)   :  0.327 0.632 0.037 0.004 
106    (4)   :  0.027 0.263 0.705 0.004 
107    (1)   :  0.296 0.700 0.001 0.003 
108    (6)   :  0.002 0.408 0.582 0.007 
109    (8)   :  0.003 0.371 0.607 0.019 
110    (9)   :  0.003 0.912 0.058 0.027 
111   (17)   :  0.003 0.888 0.102 0.007 
112   (54)   :  0.014 0.913 0.026 0.047 
113    (2)   :  0.002 0.835 0.157 0.006 
114    (6)   :  0.002 0.985 0.010 0.003 
115    (9)   :  0.285 0.711 0.001 0.002 
116    (3)   :  0.001 0.927 0.054 0.019 
117    (1)   :  0.001 0.843 0.147 0.009 
118    (3)   :  0.002 0.725 0.260 0.013 
119   (15)   :  0.122 0.862 0.002 0.014 
120   (19)   :  0.002 0.971 0.014 0.012 
121    (0)   :  0.002 0.744 0.250 0.004 
122    (0)   :  0.003 0.543 0.450 0.005 
123    (7)   :  0.006 0.799 0.017 0.177 
124    (0)   :  0.278 0.596 0.124 0.002 
125    (0)   :  0.002 0.389 0.602 0.007 
126    (3)   :  0.004 0.859 0.128 0.009 
127    (1)   :  0.003 0.763 0.181 0.052 
128    (4)   :  0.002 0.859 0.118 0.020 
129   (16)   :  0.220 0.014 0.039 0.726 
130   (43)   :  0.003 0.008 0.012 0.977 
131   (17)   :  0.017 0.018 0.005 0.960 
132   (11)   :  0.349 0.004 0.003 0.645 
133   (14)   :  0.138 0.015 0.015 0.833 
134    (5)   :  0.009 0.006 0.062 0.923 
135    (2)   :  0.001 0.008 0.008 0.983 
136   (37)   :  0.116 0.004 0.868 0.011 
137   (25)   :  0.228 0.004 0.429 0.339 
138   (42)   :  0.003 0.036 0.293 0.668 
139   (12)   :  0.013 0.870 0.078 0.039 
140    (3)   :  0.002 0.908 0.078 0.013 
141    (3)   :  0.002 0.722 0.004 0.272 
142   (10)   :  0.015 0.753 0.002 0.231 
143    (3)   :  0.285 0.590 0.001 0.123 
144    (9)   :  0.003 0.635 0.004 0.359 
145   (15)   :  0.003 0.734 0.005 0.258 
146   (12)   :  0.002 0.577 0.003 0.417 
147   (30)   :  0.002 0.556 0.002 0.441 
148   (51)   :  0.003 0.042 0.493 0.462 
149    (0)   :  0.001 0.001 0.995 0.003 
150    (0)   :  0.002 0.004 0.991 0.003 
151    (0)   :  0.215 0.001 0.783 0.001 
152    (3)   :  0.004 0.012 0.968 0.016 
153    (0)   :  0.002 0.012 0.983 0.003 
154    (1)   :  0.001 0.004 0.993 0.002 
155    (0)   :  0.003 0.072 0.379 0.545 
156    (0)   :  0.002 0.274 0.186 0.538 
157   (31)   :  0.002 0.018 0.322 0.659 
158   (14)   :  0.008 0.097 0.191 0.704 
159   (19)   :  0.257 0.008 0.194 0.541 
160   (39)   :  0.006 0.021 0.252 0.721 
161    (1)   :  0.002 0.037 0.205 0.757 
162    (3)   :  0.005 0.005 0.151 0.838 
163    (8)   :  0.383 0.005 0.157 0.455 
164   (12)   :  0.005 0.194 0.214 0.587 
165   (10)   :  0.002 0.015 0.120 0.863 
166   (13)   :  0.002 0.007 0.207 0.785 
167   (47)   :  0.164 0.009 0.021 0.806 
168   (85)   :  0.082 0.020 0.070 0.828 
169   (10)   :  0.003 0.046 0.030 0.921 
170   (17)   :  0.003 0.148 0.047 0.802 
171    (4)   :  0.390 0.581 0.004 0.025 
172    (3)   :  0.068 0.845 0.085 0.003 
173    (9)   :  0.002 0.965 0.014 0.019 
174    (2)   :  0.002 0.953 0.009 0.035 
175    (0)   :  0.220 0.770 0.007 0.003 
176    (8)   :  0.003 0.935 0.005 0.058 
177    (0)   :  0.011 0.577 0.108 0.305 
178    (1)   :  0.027 0.873 0.090 0.010 
179    (0)   :  0.001 0.974 0.022 0.003 
180    (0)   :  0.378 0.601 0.002 0.019 
181    (2)   :  0.046 0.934 0.009 0.010 
182    (0)   :  0.003 0.416 0.570 0.011 
183    (0)   :  0.012 0.802 0.006 0.179 
184    (1)   :  0.236 0.756 0.005 0.003 
185   (20)   :  0.009 0.682 0.010 0.299 
186    (0)   :  0.004 0.973 0.015 0.009 
187    (2)   :  0.348 0.634 0.004 0.015 
188    (1)   :  0.004 0.614 0.007 0.375 
189   (12)   :  0.005 0.809 0.005 0.180 
190    (0)   :  0.002 0.693 0.028 0.278 
191    (0)   :  0.002 0.994 0.002 0.003 
192    (5)   :  0.001 0.692 0.027 0.279 
193   (11)   :  0.270 0.727 0.002 0.002 
194   (14)   :  0.010 0.912 0.011 0.066 
195    (2)   :  0.003 0.922 0.005 0.069 
196    (7)   :  0.001 0.950 0.043 0.006 
197    (3)   :  0.334 0.652 0.004 0.011 
198    (5)   :  0.001 0.994 0.002 0.003 
199    (9)   :  0.005 0.947 0.011 0.036 
200    (1)   :  0.002 0.992 0.003 0.003 
201    (9)   :  0.298 0.680 0.002 0.020 
202    (7)   :  0.002 0.983 0.004 0.011 
203    (1)   :  0.001 0.751 0.005 0.242 
204    (6)   :  0.011 0.954 0.003 0.032 
205    (0)   :  0.002 0.907 0.081 0.010 
206    (0)   :  0.140 0.819 0.002 0.040 
207    (0)   :  0.001 0.737 0.002 0.260 
208    (3)   :  0.001 0.994 0.001 0.003 
209   (13)   :  0.004 0.766 0.120 0.111 
210    (2)   :  0.020 0.969 0.005 0.006 
211    (7)   :  0.001 0.994 0.003 0.003 
212    (2)   :  0.004 0.980 0.009 0.007 
213    (8)   :  0.004 0.705 0.004 0.288 
214   (17)   :  0.005 0.806 0.009 0.180 
215    (6)   :  0.004 0.011 0.178 0.807 
216    (0)   :  0.003 0.005 0.241 0.751 
217    (4)   :  0.096 0.001 0.900 0.003 
218    (2)   :  0.010 0.012 0.859 0.119 
219   (12)   :  0.005 0.814 0.173 0.007 
220   (13)   :  0.053 0.638 0.284 0.025 
221   (49)   :  0.162 0.012 0.005 0.821 
222   (12)   :  0.001 0.003 0.019 0.977 
223    (2)   :  0.014 0.003 0.003 0.980 
224    (6)   :  0.001 0.006 0.003 0.990 
225   (21)   :  0.004 0.007 0.004 0.985 
226    (2)   :  0.002 0.014 0.009 0.974 
227    (5)   :  0.003 0.008 0.008 0.980 
228   (45)   :  0.004 0.221 0.015 0.761 
229   (48)   :  0.157 0.018 0.010 0.815 
230    (0)   :  0.003 0.030 0.002 0.965 
231    (2)   :  0.004 0.006 0.088 0.902 
232    (0)   :  0.016 0.090 0.005 0.889 
233    (0)   :  0.003 0.006 0.006 0.986 
234    (3)   :  0.002 0.007 0.003 0.988 
235    (1)   :  0.147 0.005 0.005 0.843 
236   (25)   :  0.003 0.020 0.081 0.896 
237    (2)   :  0.002 0.011 0.003 0.984 
238   (21)   :  0.002 0.016 0.003 0.978 
239   (11)   :  0.016 0.017 0.028 0.940 
240    (0)   :  0.004 0.005 0.008 0.982 
241   (62)   :  0.174 0.009 0.003 0.814 
242    (8)   :  0.004 0.007 0.004 0.985 
243    (7)   :  0.004 0.002 0.001 0.992 
244    (4)   :  0.243 0.003 0.002 0.753 
245   (18)   :  0.002 0.007 0.010 0.981 
246   (38)   :  0.003 0.017 0.013 0.967 
247    (7)   :  0.124 0.187 0.005 0.684 
248   (55)   :  0.255 0.024 0.016 0.705 
249    (1)   :  0.001 0.010 0.004 0.985 
250    (0)   :  0.007 0.011 0.029 0.953 
251    (7)   :  0.002 0.006 0.003 0.990 
252    (1)   :  0.004 0.009 0.004 0.984 
253    (4)   :  0.005 0.007 0.002 0.985 
254    (8)   :  0.002 0.058 0.004 0.936 
255   (36)   :  0.004 0.003 0.023 0.970 
256    (9)   :  0.004 0.009 0.005 0.982 
257   (72)   :  0.005 0.101 0.005 0.890 
258    (1)   :  0.005 0.010 0.012 0.973 
259    (0)   :  0.002 0.002 0.058 0.938 
260    (0)   :  0.079 0.006 0.013 0.901 
261    (0)   :  0.003 0.006 0.002 0.989 
262    (1)   :  0.001 0.013 0.008 0.977 
263    (3)   :  0.006 0.008 0.003 0.982 
264   (29)   :  0.195 0.003 0.005 0.796 
265    (0)   :  0.002 0.007 0.098 0.893 
266    (0)   :  0.001 0.004 0.003 0.991 
267    (7)   :  0.002 0.011 0.008 0.979 
268   (40)   :  0.005 0.778 0.049 0.169 
269   (72)   :  0.005 0.330 0.224 0.441 
270    (2)   :  0.014 0.670 0.005 0.311 
271   (68)   :  0.002 0.316 0.008 0.674 
272   (49)   :  0.003 0.483 0.006 0.508 
273   (18)   :  0.002 0.304 0.004 0.690 
274    (7)   :  0.011 0.931 0.003 0.055 
275   (70)   :  0.233 0.431 0.290 0.045 
276    (2)   :  0.005 0.797 0.001 0.197 
277   (70)   :  0.006 0.936 0.011 0.047 
278    (4)   :  0.003 0.025 0.021 0.951 
279    (2)   :  0.006 0.009 0.004 0.981 
280    (4)   :  0.138 0.128 0.731 0.003 
281    (0)   :  0.006 0.903 0.024 0.066 
282    (2)   :  0.021 0.928 0.007 0.043 
283    (4)   :  0.098 0.887 0.007 0.008 
284   (22)   :  0.189 0.764 0.046 0.001 
285    (0)   :  0.007 0.074 0.153 0.766 
286   (72)   :  0.009 0.108 0.033 0.850 
287    (1)   :  0.172 0.005 0.004 0.820 
288    (0)   :  0.007 0.019 0.105 0.869 
289    (0)   :  0.211 0.028 0.759 0.002 
290    (0)   :  0.029 0.007 0.959 0.005 
291    (0)   :  0.004 0.513 0.003 0.480 
292    (0)   :  0.003 0.005 0.984 0.008 
293    (0)   :  0.001 0.003 0.994 0.002 
294    (0)   :  0.002 0.182 0.808 0.007 
295    (0)   :  0.002 0.606 0.003 0.390 
296    (0)   :  0.065 0.006 0.004 0.924 
297   (37)   :  0.004 0.011 0.024 0.961 
298   (50)   :  0.002 0.012 0.073 0.912 
299    (1)   :  0.002 0.003 0.004 0.990 
300    (0)   :  0.002 0.004 0.003 0.991 
301   (20)   :  0.082 0.222 0.003 0.693 
302   (54)   :  0.107 0.025 0.136 0.732 
303    (4)   :  0.002 0.013 0.038 0.948 
304   (56)   :  0.005 0.109 0.051 0.836 
305   (82)   :  0.008 0.014 0.037 0.941 
306    (1)   :  0.004 0.011 0.010 0.976 
307   (12)   :  0.002 0.033 0.005 0.961 
308   (10)   :  0.003 0.008 0.075 0.914 
309   (23)   :  0.069 0.009 0.013 0.910 
310   (10)   :  0.024 0.019 0.107 0.850 
311    (4)   :  0.002 0.006 0.046 0.946 
312    (3)   :  0.003 0.004 0.008 0.985 
313   (10)   :  0.013 0.009 0.005 0.973 
314    (3)   :  0.002 0.079 0.018 0.901 
315    (2)   :  0.003 0.010 0.981 0.007 
316   (46)   :  0.150 0.002 0.845 0.002 
317    (5)   :  0.003 0.017 0.957 0.023 
318   (44)   :  0.237 0.034 0.723 0.006 
319    (2)   :  0.001 0.003 0.993 0.003 
320    (3)   :  0.001 0.002 0.994 0.003 
321    (6)   :  0.003 0.265 0.708 0.024 
322    (0)   :  0.004 0.017 0.954 0.026 
323    (2)   :  0.002 0.006 0.988 0.004 


Estimated Allele Frequencies in each cluster
First column gives estimated ancestral frequencies


Locus 1 : 0 
2 alleles
17.0% missing data
   2   (0.926) 0.985 0.947 0.994 0.895 
   4   (0.074) 0.015 0.053 0.006 0.105 

Locus 2 : 1 
2 alleles
16.1% missing data
   3   (0.040) 0.021 0.027 0.234 0.010 
   1   (0.960) 0.979 0.973 0.766 0.990 

Locus 3 : 2 
2 alleles
12.1% missing data
   1   (0.895) 0.955 0.933 0.644 0.931 
   4   (0.105) 0.045 0.067 0.356 0.069 

Locus 4 : 3 
2 alleles
6.5% missing data
   1   (0.519) 0.565 0.700 0.247 0.486 
   2   (0.481) 0.435 0.300 0.753 0.514 

Locus 5 : 4 
2 alleles
20.4% missing data
   3   (0.499) 0.474 0.675 0.256 0.472 
   1   (0.501) 0.526 0.325 0.744 0.528 

Locus 6 : 5 
2 alleles
15.8% missing data
   2   (0.877) 0.958 0.838 0.828 0.920 
   3   (0.123) 0.042 0.162 0.172 0.080 

Locus 7 : 6 
2 alleles
11.8% missing data
   4   (0.724) 0.785 0.892 0.529 0.665 
   1   (0.276) 0.215 0.108 0.471 0.335 

Locus 8 : 7 
2 alleles
17.3% missing data
   3   (0.257) 0.132 0.203 0.266 0.275 
   2   (0.743) 0.868 0.797 0.734 0.725 

Locus 9 : 8 
2 alleles
23.8% missing data
   2   (0.854) 0.969 0.818 0.824 0.886 
   4   (0.146) 0.031 0.182 0.176 0.114 

Locus 10 : 9 
2 alleles
6.5% missing data
   1   (0.695) 0.660 0.666 0.681 0.736 
   4   (0.305) 0.340 0.334 0.319 0.264 

Locus 11 : 10 
2 alleles
1.9% missing data
   1   (0.938) 0.991 0.919 0.945 0.970 
   3   (0.062) 0.009 0.081 0.055 0.030 

Locus 12 : 11 
2 alleles
0.9% missing data
   4   (0.958) 0.985 0.996 0.997 0.890 
   1   (0.042) 0.015 0.004 0.003 0.110 

Locus 13 : 12 
2 alleles
20.1% missing data
   1   (0.929) 0.932 0.908 0.934 0.969 
   3   (0.071) 0.068 0.092 0.066 0.031 

Locus 14 : 13 
2 alleles
19.8% missing data
   1   (0.938) 0.989 0.886 0.975 0.970 
   4   (0.062) 0.011 0.114 0.025 0.030 

Locus 15 : 14 
2 alleles
23.2% missing data
   4   (0.737) 0.537 0.751 0.645 0.790 
   1   (0.263) 0.463 0.249 0.355 0.210 

Locus 16 : 15 
2 alleles
20.7% missing data
   2   (0.930) 0.987 0.938 0.922 0.958 
   4   (0.070) 0.013 0.062 0.078 0.042 

Locus 17 : 16 
2 alleles
4.3% missing data
   3   (0.613) 0.510 0.453 0.460 0.733 
   1   (0.387) 0.490 0.547 0.540 0.267 

Locus 18 : 17 
2 alleles
11.8% missing data
   2   (0.791) 0.693 0.841 0.820 0.803 
   3   (0.209) 0.307 0.159 0.180 0.197 

Locus 19 : 18 
2 alleles
12.1% missing data
   3   (0.818) 0.920 0.853 0.639 0.846 
   2   (0.182) 0.080 0.147 0.361 0.154 

Locus 20 : 19 
2 alleles
24.5% missing data
   4   (0.925) 0.971 0.982 0.979 0.876 
   1   (0.075) 0.029 0.018 0.021 0.124 

Locus 21 : 20 
2 alleles
3.4% missing data
   2   (0.482) 0.458 0.307 0.436 0.581 
   3   (0.518) 0.542 0.693 0.564 0.419 

Locus 22 : 21 
2 alleles
11.1% missing data
   2   (0.845) 0.286 0.883 0.913 0.884 
   4   (0.155) 0.714 0.117 0.087 0.116 

Locus 23 : 22 
2 alleles
24.8% missing data
   2   (0.939) 0.491 0.960 0.991 0.965 
   4   (0.061) 0.509 0.040 0.009 0.035 

Locus 24 : 23 
2 alleles
4.3% missing data
   1   (0.982) 0.184 0.998 0.998 0.996 
   3   (0.018) 0.816 0.002 0.002 0.004 

Locus 25 : 24 
2 alleles
21.7% missing data
   3   (0.833) 0.894 0.734 0.863 0.885 
   2   (0.167) 0.106 0.266 0.137 0.115 

Locus 26 : 25 
2 alleles
4.6% missing data
   3   (0.926) 0.897 0.982 0.850 0.942 
   2   (0.074) 0.103 0.018 0.150 0.058 

Locus 27 : 26 
2 alleles
5.3% missing data
   4   (0.933) 0.986 0.850 0.985 0.962 
   1   (0.067) 0.014 0.150 0.015 0.038 

Locus 28 : 27 
2 alleles
9.3% missing data
   1   (0.228) 0.396 0.164 0.365 0.188 
   3   (0.772) 0.604 0.836 0.635 0.812 

Locus 29 : 28 
2 alleles
10.8% missing data
   3   (0.699) 0.631 0.751 0.923 0.624 
   2   (0.301) 0.369 0.249 0.077 0.376 

Locus 30 : 29 
2 alleles
9.0% missing data
   4   (0.920) 0.967 0.931 0.994 0.899 
   2   (0.080) 0.033 0.069 0.006 0.101 

Locus 31 : 30 
2 alleles
14.2% missing data
   3   (0.829) 0.826 0.812 0.897 0.855 
   2   (0.171) 0.174 0.188 0.103 0.145 

Locus 32 : 31 
2 alleles
5.0% missing data
   3   (0.920) 0.840 0.967 0.930 0.942 
   2   (0.080) 0.160 0.033 0.070 0.058 

Locus 33 : 32 
2 alleles
1.5% missing data
   4   (0.892) 0.972 0.963 0.855 0.873 
   1   (0.108) 0.028 0.037 0.145 0.127 

Locus 34 : 33 
2 alleles
5.9% missing data
   3   (0.697) 0.614 0.857 0.456 0.678 
   2   (0.303) 0.386 0.143 0.544 0.322 

Locus 35 : 34 
2 alleles
14.9% missing data
   3   (0.662) 0.669 0.758 0.714 0.618 
   2   (0.338) 0.331 0.242 0.286 0.382 

Locus 36 : 35 
2 alleles
12.7% missing data
   4   (0.779) 0.843 0.809 0.683 0.804 
   1   (0.221) 0.157 0.191 0.317 0.196 

Locus 37 : 36 
2 alleles
1.2% missing data
   2   (0.748) 0.817 0.695 0.847 0.764 
   3   (0.252) 0.183 0.305 0.153 0.236 

Locus 38 : 37 
2 alleles
0.9% missing data
   2   (0.895) 0.984 0.910 0.806 0.921 
   4   (0.105) 0.016 0.090 0.194 0.079 

Locus 39 : 38 
2 alleles
12.1% missing data
   4   (0.895) 0.958 0.905 0.801 0.931 
   3   (0.105) 0.042 0.095 0.199 0.069 

Locus 40 : 39 
2 alleles
2.8% missing data
   3   (0.856) 0.923 0.765 0.882 0.907 
   2   (0.144) 0.077 0.235 0.118 0.093 

Locus 41 : 40 
2 alleles
9.3% missing data
   2   (0.731) 0.523 0.789 0.806 0.732 
   4   (0.269) 0.477 0.211 0.194 0.268 

Locus 42 : 41 
2 alleles
9.6% missing data
   4   (0.827) 0.807 0.832 0.717 0.879 
   1   (0.173) 0.193 0.168 0.283 0.121 

Locus 43 : 42 
2 alleles
11.8% missing data
   1   (0.781) 0.861 0.730 0.617 0.845 
   4   (0.219) 0.139 0.270 0.383 0.155 

Locus 44 : 43 
2 alleles
5.6% missing data
   3   (0.777) 0.879 0.751 0.779 0.802 
   4   (0.223) 0.121 0.249 0.221 0.198 

Locus 45 : 44 
2 alleles
6.8% missing data
   2   (0.471) 0.358 0.538 0.323 0.484 
   3   (0.529) 0.642 0.462 0.677 0.516 

Locus 46 : 45 
2 alleles
3.7% missing data
   1   (0.936) 0.971 0.964 0.798 0.969 
   4   (0.064) 0.029 0.036 0.202 0.031 

Locus 47 : 46 
2 alleles
16.4% missing data
   3   (0.939) 0.988 0.904 0.968 0.967 
   4   (0.061) 0.012 0.096 0.032 0.033 

Locus 48 : 47 
2 alleles
9.9% missing data
   4   (0.642) 0.780 0.518 0.746 0.667 
   1   (0.358) 0.220 0.482 0.254 0.333 

Locus 49 : 48 
2 alleles
5.9% missing data
   1   (0.763) 0.866 0.699 0.629 0.822 
   3   (0.237) 0.134 0.301 0.371 0.178 

Locus 50 : 49 
2 alleles
11.8% missing data
   3   (0.840) 0.957 0.910 0.870 0.801 
   2   (0.160) 0.043 0.090 0.130 0.199 

Locus 51 : 50 
2 alleles
11.8% missing data
   1   (0.880) 0.912 0.913 0.972 0.858 
   4   (0.120) 0.088 0.087 0.028 0.142 

Locus 52 : 51 
2 alleles
6.8% missing data
   3   (0.651) 0.493 0.615 0.795 0.668 
   2   (0.349) 0.507 0.385 0.205 0.332 

Locus 53 : 52 
2 alleles
3.7% missing data
   4   (0.922) 0.973 0.915 0.987 0.926 
   1   (0.078) 0.027 0.085 0.013 0.074 

Locus 54 : 53 
2 alleles
6.8% missing data
   3   (0.587) 0.547 0.470 0.815 0.596 
   2   (0.413) 0.453 0.530 0.185 0.404 

Locus 55 : 54 
2 alleles
9.9% missing data
   3   (0.855) 0.956 0.830 0.839 0.886 
   2   (0.145) 0.044 0.170 0.161 0.114 

Locus 56 : 55 
2 alleles
0.3% missing data
   4   (0.841) 0.865 0.872 0.626 0.888 
   2   (0.159) 0.135 0.128 0.374 0.112 

Locus 57 : 56 
2 alleles
23.5% missing data
   4   (0.562) 0.509 0.549 0.567 0.581 
   1   (0.438) 0.491 0.451 0.433 0.419 

Locus 58 : 57 
2 alleles
5.6% missing data
   2   (0.859) 0.852 0.951 0.968 0.776 
   3   (0.141) 0.148 0.049 0.032 0.224 

Locus 59 : 58 
2 alleles
9.0% missing data
   1   (0.650) 0.766 0.773 0.745 0.560 
   4   (0.350) 0.234 0.227 0.255 0.440 

Locus 60 : 59 
2 alleles
2.5% missing data
   4   (0.871) 0.867 0.921 0.973 0.841 
   2   (0.129) 0.133 0.079 0.027 0.159 

Locus 61 : 60 
2 alleles
3.4% missing data
   3   (0.483) 0.462 0.625 0.598 0.395 
   2   (0.517) 0.538 0.375 0.402 0.605 

Locus 62 : 61 
2 alleles
5.6% missing data
   4   (0.882) 0.968 0.939 0.804 0.884 
   3   (0.118) 0.032 0.061 0.196 0.116 

Locus 63 : 62 
2 alleles
5.9% missing data
   4   (0.914) 0.946 0.936 0.992 0.891 
   1   (0.086) 0.054 0.064 0.008 0.109 

Locus 64 : 63 
2 alleles
9.3% missing data
   3   (0.692) 0.802 0.735 0.645 0.686 
   2   (0.308) 0.198 0.265 0.355 0.314 

Locus 65 : 64 
2 alleles
6.5% missing data
   4   (0.791) 0.729 0.853 0.734 0.809 
   1   (0.209) 0.271 0.147 0.266 0.191 

Locus 66 : 65 
2 alleles
14.2% missing data
   4   (0.719) 0.760 0.746 0.628 0.742 
   1   (0.281) 0.240 0.254 0.372 0.258 

Locus 67 : 66 
2 alleles
14.9% missing data
   3   (0.565) 0.361 0.650 0.463 0.578 
   2   (0.435) 0.639 0.350 0.537 0.422 

Locus 68 : 67 
2 alleles
5.3% missing data
   3   (0.521) 0.529 0.460 0.675 0.518 
   2   (0.479) 0.471 0.540 0.325 0.482 

Locus 69 : 68 
2 alleles
2.8% missing data
   2   (0.532) 0.595 0.431 0.420 0.601 
   4   (0.468) 0.405 0.569 0.580 0.399 

Locus 70 : 69 
2 alleles
5.9% missing data
   2   (0.635) 0.675 0.660 0.784 0.596 
   3   (0.365) 0.325 0.340 0.216 0.404 

Locus 71 : 70 
2 alleles
7.7% missing data
   4   (0.773) 0.920 0.651 0.887 0.794 
   1   (0.227) 0.080 0.349 0.113 0.206 

Locus 72 : 71 
2 alleles
13.9% missing data
   3   (0.826) 0.574 0.780 0.956 0.854 
   2   (0.174) 0.426 0.220 0.044 0.146 

Locus 73 : 72 
2 alleles
4.0% missing data
   3   (0.917) 0.898 0.916 0.954 0.950 
   2   (0.083) 0.102 0.084 0.046 0.050 

Locus 74 : 73 
2 alleles
3.7% missing data
   3   (0.948) 0.989 0.991 0.996 0.879 
   2   (0.052) 0.011 0.009 0.004 0.121 

Locus 75 : 74 
2 alleles
5.6% missing data
   4   (0.854) 0.799 0.914 0.758 0.883 
   1   (0.146) 0.201 0.086 0.242 0.117 

Locus 76 : 75 
2 alleles
9.3% missing data
   3   (0.548) 0.501 0.712 0.556 0.475 
   2   (0.452) 0.499 0.288 0.444 0.525 

Locus 77 : 76 
2 alleles
18.6% missing data
   4   (0.685) 0.717 0.729 0.580 0.702 
   2   (0.315) 0.283 0.271 0.420 0.298 

Locus 78 : 77 
2 alleles
8.0% missing data
   1   (0.907) 0.937 0.924 0.940 0.929 
   3   (0.093) 0.063 0.076 0.060 0.071 

Locus 79 : 78 
2 alleles
8.7% missing data
   4   (0.915) 0.978 0.849 0.990 0.923 
   1   (0.085) 0.022 0.151 0.010 0.077 

Locus 80 : 79 
2 alleles
11.1% missing data
   3   (0.678) 0.881 0.657 0.677 0.675 
   2   (0.322) 0.119 0.343 0.323 0.325 

Locus 81 : 80 
2 alleles
12.1% missing data
   3   (0.918) 0.983 0.908 0.990 0.908 
   2   (0.082) 0.017 0.092 0.010 0.092 

Locus 82 : 81 
2 alleles
16.4% missing data
   3   (0.770) 0.708 0.822 0.859 0.758 
   1   (0.230) 0.292 0.178 0.141 0.242 

Locus 83 : 82 
2 alleles
4.0% missing data
   1   (0.427) 0.625 0.381 0.556 0.389 
   4   (0.573) 0.375 0.619 0.444 0.611 

Locus 84 : 83 
2 alleles
3.1% missing data
   4   (0.941) 0.987 0.893 0.994 0.956 
   1   (0.059) 0.013 0.107 0.006 0.044 

Locus 85 : 84 
2 alleles
24.5% missing data
   3   (0.763) 0.808 0.806 0.809 0.757 
   4   (0.237) 0.192 0.194 0.191 0.243 

Locus 86 : 85 
2 alleles
2.2% missing data
   3   (0.796) 0.698 0.788 0.914 0.812 
   1   (0.204) 0.302 0.212 0.086 0.188 

Locus 87 : 86 
2 alleles
15.8% missing data
   4   (0.535) 0.741 0.585 0.500 0.494 
   1   (0.465) 0.259 0.415 0.500 0.506 

Locus 88 : 87 
2 alleles
10.5% missing data
   4   (0.764) 0.906 0.644 0.962 0.732 
   1   (0.236) 0.094 0.356 0.038 0.268 

Locus 89 : 88 
2 alleles
17.6% missing data
   1   (0.891) 0.843 0.878 0.945 0.927 
   4   (0.109) 0.157 0.122 0.055 0.073 

Locus 90 : 89 
2 alleles
18.6% missing data
   1   (0.858) 0.912 0.880 0.942 0.851 
   4   (0.142) 0.088 0.120 0.058 0.149 

Locus 91 : 90 
2 alleles
15.8% missing data
   1   (0.908) 0.916 0.935 0.811 0.947 
   4   (0.092) 0.084 0.065 0.189 0.053 

Locus 92 : 91 
2 alleles
8.4% missing data
   2   (0.643) 0.533 0.666 0.642 0.662 
   3   (0.357) 0.467 0.334 0.358 0.338 

Locus 93 : 92 
2 alleles
15.2% missing data
   1   (0.705) 0.793 0.819 0.593 0.673 
   4   (0.295) 0.207 0.181 0.407 0.327 

Locus 94 : 93 
2 alleles
9.3% missing data
   1   (0.798) 0.908 0.752 0.928 0.789 
   4   (0.202) 0.092 0.248 0.072 0.211 

Locus 95 : 94 
2 alleles
7.4% missing data
   4   (0.897) 0.725 0.951 0.934 0.915 
   1   (0.103) 0.275 0.049 0.066 0.085 

Locus 96 : 95 
2 alleles
9.3% missing data
   3   (0.324) 0.262 0.410 0.468 0.252 
   2   (0.676) 0.738 0.590 0.532 0.748 

Locus 97 : 96 
2 alleles
14.2% missing data
   3   (0.782) 0.800 0.895 0.653 0.766 
   2   (0.218) 0.200 0.105 0.347 0.234 

Locus 98 : 97 
2 alleles
13.6% missing data
   3   (0.777) 0.737 0.845 0.734 0.787 
   2   (0.223) 0.263 0.155 0.266 0.213 

Locus 99 : 98 
2 alleles
9.0% missing data
   4   (0.937) 0.963 0.908 0.994 0.950 
   1   (0.063) 0.037 0.092 0.006 0.050 

Locus 100 : 99 
2 alleles
16.4% missing data
   2   (0.934) 0.985 0.981 0.983 0.910 
   3   (0.066) 0.015 0.019 0.017 0.090 

Locus 101 : 100 
2 alleles
19.8% missing data
   1   (0.863) 0.959 0.865 0.884 0.878 
   4   (0.137) 0.041 0.135 0.116 0.122 

Locus 102 : 101 
2 alleles
14.9% missing data
   1   (0.866) 0.776 0.875 0.905 0.900 
   4   (0.134) 0.224 0.125 0.095 0.100 

Locus 103 : 102 
2 alleles
18.9% missing data
   3   (0.759) 0.855 0.680 0.740 0.808 
   2   (0.241) 0.145 0.320 0.260 0.192 

Locus 104 : 103 
2 alleles
17.6% missing data
   3   (0.129) 0.033 0.125 0.118 0.114 
   2   (0.871) 0.967 0.875 0.882 0.886 

Locus 105 : 104 
2 alleles
1.2% missing data
   1   (0.435) 0.559 0.433 0.598 0.380 
   4   (0.565) 0.441 0.567 0.402 0.620 

Locus 106 : 105 
2 alleles
8.4% missing data
   4   (0.912) 0.899 0.857 0.938 0.959 
   1   (0.088) 0.101 0.143 0.062 0.041 

Locus 107 : 106 
2 alleles
4.3% missing data
   4   (0.777) 0.873 0.917 0.466 0.747 
   1   (0.223) 0.127 0.083 0.534 0.253 

Locus 108 : 107 
2 alleles
1.9% missing data
   3   (0.668) 0.865 0.602 0.773 0.659 
   2   (0.332) 0.135 0.398 0.227 0.341 

Locus 109 : 108 
2 alleles
0.6% missing data
   3   (0.899) 0.973 0.790 0.878 0.951 
   2   (0.101) 0.027 0.210 0.122 0.049 

Locus 110 : 109 
2 alleles
4.0% missing data
   3   (0.880) 0.865 0.804 0.854 0.941 
   1   (0.120) 0.135 0.196 0.146 0.059 

Locus 111 : 110 
2 alleles
5.9% missing data
   2   (0.889) 0.402 0.935 0.944 0.921 
   4   (0.111) 0.598 0.065 0.056 0.079 

Locus 112 : 111 
2 alleles
3.1% missing data
   1   (0.944) 0.368 0.976 0.993 0.966 
   3   (0.056) 0.632 0.024 0.007 0.034 

Locus 113 : 112 
2 alleles
7.1% missing data
   1   (0.901) 0.967 0.890 0.932 0.928 
   3   (0.099) 0.033 0.110 0.068 0.072 

Locus 114 : 113 
2 alleles
13.3% missing data
   1   (0.826) 0.875 0.776 0.835 0.873 
   4   (0.174) 0.125 0.224 0.165 0.127 

Locus 115 : 114 
2 alleles
6.5% missing data
   2   (0.933) 0.886 0.989 0.902 0.940 
   3   (0.067) 0.114 0.011 0.098 0.060 

Locus 116 : 115 
2 alleles
21.4% missing data
   4   (0.735) 0.840 0.719 0.836 0.727 
   1   (0.265) 0.160 0.281 0.164 0.273 

Locus 117 : 116 
2 alleles
3.4% missing data
   4   (0.923) 0.932 0.911 0.992 0.932 
   1   (0.077) 0.068 0.089 0.008 0.068 

Locus 118 : 117 
2 alleles
6.5% missing data
   1   (0.765) 0.712 0.814 0.712 0.788 
   4   (0.235) 0.288 0.186 0.288 0.212 

Locus 119 : 118 
2 alleles
20.7% missing data
   3   (0.843) 0.952 0.873 0.807 0.852 
   2   (0.157) 0.048 0.127 0.193 0.148 

Locus 120 : 119 
2 alleles
23.2% missing data
   4   (0.935) 0.980 0.921 0.951 0.967 
   1   (0.065) 0.020 0.079 0.049 0.033 

Locus 121 : 120 
2 alleles
8.7% missing data
   4   (0.751) 0.728 0.715 0.682 0.809 
   1   (0.249) 0.272 0.285 0.318 0.191 

Locus 122 : 121 
2 alleles
5.9% missing data
   4   (0.841) 0.820 0.870 0.934 0.840 
   1   (0.159) 0.180 0.130 0.066 0.160 

Locus 123 : 122 
2 alleles
22.9% missing data
   4   (0.914) 0.820 0.952 0.936 0.941 
   1   (0.086) 0.180 0.048 0.064 0.059 

Locus 124 : 123 
2 alleles
2.8% missing data
   4   (0.927) 0.937 0.837 0.916 0.977 
   3   (0.073) 0.063 0.163 0.084 0.023 

Locus 125 : 124 
2 alleles
14.6% missing data
   4   (0.776) 0.845 0.698 0.629 0.845 
   1   (0.224) 0.155 0.302 0.371 0.155 

Locus 126 : 125 
2 alleles
5.0% missing data
   4   (0.024) 0.003 0.010 0.255 0.003 
   2   (0.976) 0.997 0.990 0.745 0.997 

Locus 127 : 126 
2 alleles
6.8% missing data
   2   (0.931) 0.940 0.905 0.987 0.956 
   3   (0.069) 0.060 0.095 0.013 0.044 

Locus 128 : 127 
2 alleles
11.1% missing data
   1   (0.864) 0.963 0.773 0.988 0.840 
   2   (0.136) 0.037 0.227 0.012 0.160 

Locus 129 : 128 
2 alleles
8.7% missing data
   3   (0.828) 0.914 0.883 0.781 0.829 
   2   (0.172) 0.086 0.117 0.219 0.171 

Locus 130 : 129 
2 alleles
23.2% missing data
   2   (0.842) 0.949 0.814 0.880 0.861 
   3   (0.158) 0.051 0.186 0.120 0.139 

Locus 131 : 130 
2 alleles
23.5% missing data
   3   (0.802) 0.844 0.801 0.896 0.804 
   2   (0.198) 0.156 0.199 0.104 0.196 

Locus 132 : 131 
2 alleles
12.4% missing data
   4   (0.876) 0.977 0.941 0.941 0.824 
   1   (0.124) 0.023 0.059 0.059 0.176 

Locus 133 : 132 
2 alleles
10.2% missing data
   4   (0.804) 0.870 0.821 0.828 0.814 
   1   (0.196) 0.130 0.179 0.172 0.186 

Locus 134 : 133 
2 alleles
18.0% missing data
   2   (0.951) 0.219 0.982 0.994 0.972 
   4   (0.049) 0.781 0.018 0.006 0.028 

Locus 135 : 134 
2 alleles
9.6% missing data
   3   (0.624) 0.645 0.744 0.833 0.514 
   4   (0.376) 0.355 0.256 0.167 0.486 

Locus 136 : 135 
2 alleles
3.1% missing data
   4   (0.752) 0.813 0.758 0.849 0.746 
   1   (0.248) 0.187 0.242 0.151 0.254 

Locus 137 : 136 
2 alleles
21.7% missing data
   3   (0.837) 0.917 0.760 0.870 0.880 
   2   (0.163) 0.083 0.240 0.130 0.120 

Locus 138 : 137 
2 alleles
12.7% missing data
   2   (0.946) 0.348 0.958 0.995 0.975 
   4   (0.054) 0.652 0.042 0.005 0.025 

Locus 139 : 138 
2 alleles
11.5% missing data
   4   (0.879) 0.865 0.912 0.911 0.897 
   1   (0.121) 0.135 0.088 0.089 0.103 

Locus 140 : 139 
2 alleles
9.3% missing data
   3   (0.795) 0.873 0.758 0.901 0.803 
   2   (0.205) 0.127 0.242 0.099 0.197 

Locus 141 : 140 
2 alleles
11.5% missing data
   2   (0.912) 0.892 0.961 0.927 0.928 
   3   (0.088) 0.108 0.039 0.073 0.072 

Locus 142 : 141 
2 alleles
4.6% missing data
   2   (0.865) 0.862 0.860 0.930 0.891 
   3   (0.135) 0.138 0.140 0.070 0.109 

Locus 143 : 142 
2 alleles
3.4% missing data
   4   (0.951) 0.992 0.988 0.805 0.966 
   1   (0.049) 0.008 0.012 0.195 0.034 

Locus 144 : 143 
2 alleles
8.7% missing data
   4   (0.910) 0.949 0.904 0.979 0.923 
   1   (0.090) 0.051 0.096 0.021 0.077 

Locus 145 : 144 
2 alleles
5.0% missing data
   4   (0.786) 0.884 0.914 0.692 0.733 
   2   (0.214) 0.116 0.086 0.308 0.267 

Locus 146 : 145 
2 alleles
1.9% missing data
   4   (0.901) 0.959 0.953 0.635 0.929 
   2   (0.099) 0.041 0.047 0.365 0.071 

Locus 147 : 146 
2 alleles
5.0% missing data
   1   (0.821) 0.878 0.909 0.686 0.820 
   4   (0.179) 0.122 0.091 0.314 0.180 

Locus 148 : 147 
2 alleles
18.6% missing data
   3   (0.727) 0.812 0.824 0.398 0.747 
   2   (0.273) 0.188 0.176 0.602 0.253 

Locus 149 : 148 
2 alleles
9.6% missing data
   3   (0.692) 0.779 0.656 0.694 0.718 
   2   (0.308) 0.221 0.344 0.306 0.282 

Locus 150 : 149 
2 alleles
12.1% missing data
   1   (0.926) 0.967 0.956 0.933 0.946 
   2   (0.074) 0.033 0.044 0.067 0.054 

Locus 151 : 150 
2 alleles
13.9% missing data
   4   (0.763) 0.730 0.725 0.613 0.833 
   1   (0.237) 0.270 0.275 0.387 0.167 

Locus 152 : 151 
2 alleles
14.9% missing data
   4   (0.657) 0.633 0.708 0.616 0.664 
   3   (0.343) 0.367 0.292 0.384 0.336 

Locus 153 : 152 
2 alleles
2.8% missing data
   3   (0.861) 0.929 0.857 0.982 0.822 
   2   (0.139) 0.071 0.143 0.018 0.178 

Locus 154 : 153 
2 alleles
13.9% missing data
   3   (0.906) 0.919 0.936 0.960 0.920 
   1   (0.094) 0.081 0.064 0.040 0.080 

Locus 155 : 154 
2 alleles
17.6% missing data
   1   (0.934) 0.981 0.962 0.896 0.958 
   3   (0.066) 0.019 0.038 0.104 0.042 

Locus 156 : 155 
2 alleles
9.0% missing data
   4   (0.758) 0.889 0.755 0.792 0.758 
   1   (0.242) 0.111 0.245 0.208 0.242 

Locus 157 : 156 
2 alleles
10.2% missing data
   4   (0.916) 0.897 0.964 0.826 0.946 
   1   (0.084) 0.103 0.036 0.174 0.054 

Locus 158 : 157 
2 alleles
13.9% missing data
   1   (0.983) 0.316 0.998 0.998 0.997 
   3   (0.017) 0.684 0.002 0.002 0.003 

Locus 159 : 158 
2 alleles
8.4% missing data
   3   (0.669) 0.579 0.720 0.794 0.642 
   2   (0.331) 0.421 0.280 0.206 0.358 

Locus 160 : 159 
2 alleles
1.2% missing data
   1   (0.674) 0.422 0.773 0.749 0.654 
   3   (0.326) 0.578 0.227 0.251 0.346 

Locus 161 : 160 
2 alleles
21.4% missing data
   1   (0.845) 0.943 0.883 0.876 0.838 
   4   (0.155) 0.057 0.117 0.124 0.162 

Locus 162 : 161 
2 alleles
8.4% missing data
   3   (0.912) 0.922 0.942 0.979 0.915 
   1   (0.088) 0.078 0.058 0.021 0.085 

Locus 163 : 162 
2 alleles
1.2% missing data
   3   (0.920) 0.962 0.980 0.873 0.918 
   1   (0.080) 0.038 0.020 0.127 0.082 

Locus 164 : 163 
2 alleles
7.4% missing data
   4   (0.845) 0.932 0.828 0.832 0.876 
   3   (0.155) 0.068 0.172 0.168 0.124 

Locus 165 : 164 
2 alleles
18.3% missing data
   2   (0.875) 0.905 0.878 0.901 0.903 
   4   (0.125) 0.095 0.122 0.099 0.097 

Locus 166 : 165 
2 alleles
19.5% missing data
   2   (0.861) 0.765 0.881 0.924 0.887 
   1   (0.139) 0.235 0.119 0.076 0.113 

Locus 167 : 166 
2 alleles
9.6% missing data
   3   (0.895) 0.968 0.931 0.831 0.913 
   4   (0.105) 0.032 0.069 0.169 0.087 

Locus 168 : 167 
2 alleles
23.8% missing data
   1   (0.833) 0.936 0.666 0.955 0.864 
   4   (0.167) 0.064 0.334 0.045 0.136 

Locus 169 : 168 
2 alleles
16.4% missing data
   2   (0.929) 0.964 0.963 0.992 0.901 
   3   (0.071) 0.036 0.037 0.008 0.099 

Locus 170 : 169 
2 alleles
3.4% missing data
   3   (0.713) 0.816 0.698 0.712 0.729 
   1   (0.287) 0.184 0.302 0.288 0.271 

Locus 171 : 170 
2 alleles
5.6% missing data
   4   (0.823) 0.893 0.823 0.971 0.774 
   3   (0.177) 0.107 0.177 0.029 0.226 

Locus 172 : 171 
2 alleles
8.0% missing data
   3   (0.635) 0.766 0.689 0.647 0.604 
   2   (0.365) 0.234 0.311 0.353 0.396 

Locus 173 : 172 
2 alleles
8.7% missing data
   1   (0.925) 0.929 0.968 0.749 0.957 
   4   (0.075) 0.071 0.032 0.251 0.043 

Locus 174 : 173 
2 alleles
21.4% missing data
   4   (0.870) 0.957 0.913 0.980 0.806 
   1   (0.130) 0.043 0.087 0.020 0.194 

Locus 175 : 174 
2 alleles
17.3% missing data
   2   (0.914) 0.853 0.964 0.888 0.938 
   1   (0.086) 0.147 0.036 0.112 0.062 

Locus 176 : 175 
2 alleles
13.6% missing data
   4   (0.245) 0.086 0.196 0.479 0.230 
   1   (0.755) 0.914 0.804 0.521 0.770 

Locus 177 : 176 
2 alleles
19.2% missing data
   3   (0.917) 0.752 0.906 0.965 0.957 
   4   (0.083) 0.248 0.094 0.035 0.043 

Locus 178 : 177 
2 alleles
4.3% missing data
   2   (0.772) 0.880 0.775 0.908 0.741 
   1   (0.228) 0.120 0.225 0.092 0.259 

Locus 179 : 178 
2 alleles
5.0% missing data
   2   (0.896) 0.827 0.953 0.933 0.906 
   3   (0.104) 0.173 0.047 0.067 0.094 

Locus 180 : 179 
2 alleles
14.9% missing data
   4   (0.713) 0.648 0.735 0.759 0.723 
   3   (0.287) 0.352 0.265 0.241 0.277 

Locus 181 : 180 
2 alleles
16.7% missing data
   1   (0.432) 0.443 0.421 0.442 0.425 
   4   (0.568) 0.557 0.579 0.558 0.575 

Locus 182 : 181 
2 alleles
13.9% missing data
   2   (0.720) 0.559 0.780 0.650 0.746 
   3   (0.280) 0.441 0.220 0.350 0.254 

Locus 183 : 182 
2 alleles
11.1% missing data
   3   (0.898) 0.954 0.939 0.949 0.891 
   2   (0.102) 0.046 0.061 0.051 0.109 

Locus 184 : 183 
2 alleles
11.5% missing data
   4   (0.589) 0.672 0.575 0.560 0.602 
   1   (0.411) 0.328 0.425 0.440 0.398 

Locus 185 : 184 
2 alleles
20.1% missing data
   3   (0.886) 0.966 0.940 0.988 0.794 
   2   (0.114) 0.034 0.060 0.012 0.206 

Locus 186 : 185 
2 alleles
10.8% missing data
   4   (0.829) 0.664 0.934 0.822 0.811 
   1   (0.171) 0.336 0.066 0.178 0.189 

Locus 187 : 186 
2 alleles
3.7% missing data
   4   (0.904) 0.856 0.964 0.963 0.898 
   1   (0.096) 0.144 0.036 0.037 0.102 

Locus 188 : 187 
2 alleles
13.9% missing data
   1   (0.867) 0.906 0.920 0.950 0.845 
   2   (0.133) 0.094 0.080 0.050 0.155 

Locus 189 : 188 
2 alleles
7.4% missing data
   3   (0.681) 0.819 0.591 0.630 0.731 
   2   (0.319) 0.181 0.409 0.370 0.269 

Locus 190 : 189 
2 alleles
15.2% missing data
   3   (0.855) 0.852 0.783 0.825 0.916 
   4   (0.145) 0.148 0.217 0.175 0.084 

Locus 191 : 190 
2 alleles
5.0% missing data
   4   (0.751) 0.813 0.757 0.782 0.763 
   1   (0.249) 0.187 0.243 0.218 0.237 

Locus 192 : 191 
2 alleles
9.0% missing data
   4   (0.591) 0.620 0.616 0.587 0.587 
   1   (0.409) 0.380 0.384 0.413 0.413 

Locus 193 : 192 
2 alleles
11.8% missing data
   3   (0.790) 0.784 0.793 0.966 0.742 
   2   (0.210) 0.216 0.207 0.034 0.258 

Locus 194 : 193 
2 alleles
4.6% missing data
   2   (0.835) 0.374 0.873 0.893 0.874 
   4   (0.165) 0.626 0.127 0.107 0.126 

Locus 195 : 194 
2 alleles
15.2% missing data
   2   (0.920) 0.973 0.939 0.905 0.947 
   4   (0.080) 0.027 0.061 0.095 0.053 

Locus 196 : 195 
2 alleles
1.2% missing data
   3   (0.736) 0.683 0.786 0.877 0.704 
   2   (0.264) 0.317 0.214 0.123 0.296 

Locus 197 : 196 
2 alleles
10.2% missing data
   1   (0.968) 0.148 0.982 0.987 0.994 
   3   (0.032) 0.852 0.018 0.013 0.006 

Locus 198 : 197 
2 alleles
11.8% missing data
   2   (0.649) 0.755 0.609 0.680 0.665 
   3   (0.351) 0.245 0.391 0.320 0.335 

Locus 199 : 198 
2 alleles
9.6% missing data
   3   (0.888) 0.950 0.883 0.986 0.863 
