

----------------------------------------------------
STRUCTURE by Pritchard, Stephens and Donnelly (2000)
     and Falush, Stephens and Pritchard (2003)
       Code by Pritchard, Falush and Hubisz
             Version 2.3.4 (Jul 2012)
----------------------------------------------------



Command line arguments:   structure -m data/structure/mainparams.txt -e data/structure/extraparams.txt -K 6 -o data/structure/structure_output_6 
Input File:    data/structure/structure_input.tab

Run parameters:
   323 individuals
   2366 loci
   6 populations assumed
   10000 Burn-in period
   25000 Reps


--------------------------------------------
Overall proportion of membership of the
sample in each of the 6 clusters

Inferred Clusters
  1      2      3      4      5      6    
0.054  0.169  0.144  0.143  0.270  0.220  

--------------------------------------------

Allele-freq. divergence among pops (Net nucleotide distance),
computed using point estimates of P.

      1       2       3       4       5       6      
 1      -    0.0323  0.0216  0.0265  0.0266  0.0204  
 2   0.0323     -    0.0190  0.0227  0.0229  0.0185  
 3   0.0216  0.0190     -    0.0121  0.0131  0.0045  
 4   0.0265  0.0227  0.0121     -    0.0179  0.0106  
 5   0.0266  0.0229  0.0131  0.0179     -    0.0130  
 6   0.0204  0.0185  0.0045  0.0106  0.0130     -    

Average distances (expected heterozygosity) between individuals in same cluster:
cluster  1  : 0.2647 
cluster  2  : 0.2663 
cluster  3  : 0.2940 
cluster  4  : 0.2359 
cluster  5  : 0.2774 
cluster  6  : 0.2913 

--------------------------------------------
Estimated Ln Prob of Data   = -603303.7
Mean value of ln likelihood = -598949.4
Variance of ln likelihood   = 8708.6
Mean value of alpha         = 0.1348

Mean value of Fst_1         = 0.2024
Mean value of Fst_2         = 0.1190
Mean value of Fst_3         = 0.0314
Mean value of Fst_4         = 0.1242
Mean value of Fst_5         = 0.0725
Mean value of Fst_6         = 0.0254


Inferred ancestry of individuals:
     (%Miss) :  Inferred clusters
  1    (2)   :  0.004 0.580 0.045 0.005 0.250 0.116 
  2    (2)   :  0.014 0.119 0.042 0.013 0.758 0.054 
  3    (3)   :  0.097 0.187 0.004 0.005 0.698 0.009 
  4    (0)   :  0.002 0.592 0.003 0.019 0.380 0.004 
  5    (0)   :  0.017 0.105 0.058 0.006 0.786 0.027 
  6    (0)   :  0.003 0.070 0.012 0.013 0.837 0.065 
  7    (0)   :  0.135 0.380 0.009 0.005 0.460 0.010 
  8    (0)   :  0.003 0.015 0.031 0.004 0.912 0.034 
  9    (0)   :  0.003 0.259 0.032 0.028 0.670 0.007 
 10    (8)   :  0.017 0.587 0.007 0.017 0.346 0.025 
 11    (1)   :  0.004 0.571 0.014 0.017 0.386 0.009 
 12    (0)   :  0.001 0.678 0.005 0.008 0.304 0.004 
 13    (0)   :  0.003 0.056 0.008 0.003 0.918 0.012 
 14    (0)   :  0.015 0.039 0.054 0.004 0.826 0.062 
 15    (0)   :  0.216 0.043 0.012 0.004 0.008 0.717 
 16    (0)   :  0.002 0.004 0.012 0.009 0.019 0.954 
 17    (5)   :  0.002 0.003 0.203 0.011 0.007 0.774 
 18    (1)   :  0.006 0.003 0.024 0.003 0.002 0.962 
 19    (3)   :  0.018 0.007 0.007 0.014 0.015 0.940 
 20    (4)   :  0.215 0.004 0.053 0.012 0.004 0.713 
 21    (2)   :  0.204 0.004 0.011 0.017 0.003 0.761 
 22    (1)   :  0.001 0.010 0.012 0.006 0.005 0.965 
 23    (5)   :  0.057 0.003 0.036 0.004 0.008 0.892 
 24    (8)   :  0.237 0.004 0.007 0.144 0.004 0.604 
 25    (1)   :  0.002 0.044 0.006 0.013 0.030 0.905 
 26    (1)   :  0.003 0.006 0.078 0.017 0.006 0.890 
 27    (0)   :  0.002 0.012 0.094 0.028 0.008 0.856 
 28    (0)   :  0.003 0.003 0.020 0.005 0.007 0.961 
 29    (0)   :  0.004 0.003 0.295 0.017 0.006 0.675 
 30    (1)   :  0.002 0.033 0.491 0.035 0.013 0.426 
 31    (7)   :  0.009 0.011 0.752 0.034 0.020 0.173 
 32   (15)   :  0.010 0.008 0.135 0.279 0.011 0.558 
 33    (8)   :  0.002 0.015 0.628 0.068 0.011 0.276 
 34    (0)   :  0.003 0.005 0.977 0.006 0.003 0.006 
 35    (0)   :  0.002 0.030 0.464 0.053 0.041 0.411 
 36    (4)   :  0.049 0.003 0.931 0.007 0.005 0.006 
 37    (6)   :  0.003 0.010 0.934 0.014 0.003 0.036 
 38    (2)   :  0.001 0.008 0.951 0.007 0.016 0.017 
 39    (0)   :  0.019 0.013 0.932 0.007 0.004 0.026 
 40    (5)   :  0.197 0.793 0.002 0.004 0.002 0.002 
 41    (2)   :  0.002 0.981 0.003 0.004 0.005 0.004 
 42    (0)   :  0.002 0.986 0.004 0.004 0.001 0.003 
 43    (8)   :  0.003 0.839 0.003 0.147 0.003 0.005 
 44    (1)   :  0.071 0.915 0.003 0.003 0.003 0.005 
 45   (55)   :  0.005 0.211 0.099 0.637 0.026 0.022 
 46    (2)   :  0.014 0.947 0.004 0.003 0.011 0.021 
 47    (0)   :  0.002 0.981 0.004 0.004 0.005 0.004 
 48    (1)   :  0.012 0.965 0.007 0.009 0.003 0.005 
 49   (14)   :  0.002 0.880 0.079 0.012 0.010 0.017 
 50    (1)   :  0.003 0.969 0.010 0.003 0.005 0.011 
 51    (6)   :  0.003 0.960 0.007 0.018 0.004 0.009 
 52    (1)   :  0.281 0.592 0.003 0.003 0.118 0.003 
 53    (0)   :  0.032 0.921 0.035 0.003 0.004 0.006 
 54    (7)   :  0.313 0.455 0.008 0.005 0.217 0.003 
 55    (6)   :  0.329 0.548 0.013 0.007 0.093 0.010 
 56   (13)   :  0.332 0.007 0.038 0.240 0.012 0.371 
 57    (0)   :  0.002 0.615 0.005 0.025 0.349 0.005 
 58    (0)   :  0.143 0.845 0.004 0.002 0.002 0.003 
 59    (3)   :  0.005 0.957 0.007 0.012 0.004 0.015 
 60    (4)   :  0.012 0.003 0.010 0.262 0.035 0.678 
 61    (5)   :  0.003 0.006 0.003 0.236 0.004 0.748 
 62    (8)   :  0.349 0.002 0.005 0.067 0.005 0.571 
 63    (5)   :  0.312 0.005 0.006 0.208 0.012 0.457 
 64    (0)   :  0.403 0.008 0.008 0.006 0.003 0.572 
 65    (0)   :  0.365 0.003 0.043 0.113 0.008 0.469 
 66    (5)   :  0.170 0.005 0.008 0.049 0.002 0.766 
 67    (7)   :  0.012 0.014 0.025 0.243 0.019 0.687 
 68    (3)   :  0.002 0.003 0.147 0.005 0.668 0.174 
 69    (4)   :  0.070 0.005 0.310 0.012 0.590 0.014 
 70    (1)   :  0.005 0.135 0.016 0.017 0.813 0.013 
 71   (23)   :  0.009 0.008 0.036 0.304 0.615 0.027 
 72    (0)   :  0.023 0.003 0.014 0.011 0.921 0.028 
 73    (2)   :  0.153 0.008 0.004 0.007 0.822 0.005 
 74    (0)   :  0.006 0.002 0.350 0.002 0.630 0.010 
 75    (0)   :  0.007 0.027 0.006 0.002 0.864 0.094 
 76    (0)   :  0.145 0.140 0.012 0.003 0.689 0.011 
 77    (0)   :  0.231 0.004 0.224 0.002 0.527 0.012 
 78    (1)   :  0.001 0.004 0.867 0.009 0.007 0.112 
 79    (0)   :  0.016 0.003 0.653 0.004 0.015 0.309 
 80    (1)   :  0.006 0.006 0.775 0.108 0.008 0.098 
 81    (0)   :  0.069 0.003 0.881 0.005 0.003 0.040 
 82    (3)   :  0.002 0.014 0.970 0.003 0.002 0.008 
 83    (0)   :  0.002 0.003 0.903 0.002 0.007 0.082 
 84    (0)   :  0.020 0.003 0.897 0.003 0.003 0.074 
 85    (0)   :  0.223 0.002 0.551 0.007 0.003 0.214 
 86    (3)   :  0.003 0.003 0.953 0.027 0.005 0.010 
 87    (5)   :  0.006 0.012 0.805 0.087 0.007 0.082 
 88    (6)   :  0.005 0.015 0.664 0.041 0.022 0.253 
 89    (2)   :  0.091 0.038 0.854 0.004 0.007 0.006 
 90    (3)   :  0.002 0.005 0.877 0.007 0.018 0.091 
 91    (5)   :  0.004 0.023 0.462 0.028 0.011 0.471 
 92    (0)   :  0.005 0.007 0.969 0.007 0.003 0.009 
 93    (1)   :  0.195 0.012 0.613 0.067 0.005 0.109 
 94    (2)   :  0.002 0.003 0.592 0.202 0.016 0.184 
 95    (2)   :  0.008 0.011 0.595 0.177 0.057 0.152 
 96    (0)   :  0.353 0.004 0.612 0.005 0.014 0.012 
 97    (0)   :  0.006 0.005 0.739 0.125 0.111 0.014 
 98    (2)   :  0.004 0.005 0.627 0.050 0.021 0.293 
 99    (2)   :  0.004 0.020 0.715 0.155 0.031 0.075 
100   (24)   :  0.244 0.005 0.316 0.382 0.044 0.009 
101    (3)   :  0.396 0.019 0.480 0.073 0.008 0.024 
102   (43)   :  0.003 0.142 0.015 0.228 0.605 0.006 
103    (7)   :  0.003 0.071 0.007 0.159 0.749 0.011 
104    (3)   :  0.003 0.252 0.010 0.024 0.696 0.014 
105    (7)   :  0.325 0.048 0.009 0.003 0.607 0.008 
106    (4)   :  0.034 0.685 0.007 0.007 0.262 0.005 
107    (1)   :  0.299 0.003 0.003 0.003 0.686 0.005 
108    (6)   :  0.002 0.545 0.006 0.091 0.352 0.004 
109    (8)   :  0.004 0.584 0.006 0.048 0.350 0.008 
110    (9)   :  0.004 0.072 0.051 0.037 0.812 0.025 
111   (17)   :  0.005 0.127 0.010 0.068 0.785 0.005 
112   (54)   :  0.016 0.008 0.008 0.299 0.659 0.010 
113    (2)   :  0.002 0.170 0.017 0.025 0.778 0.008 
114    (6)   :  0.002 0.036 0.004 0.009 0.945 0.004 
115    (9)   :  0.291 0.002 0.002 0.002 0.700 0.003 
116    (3)   :  0.002 0.077 0.022 0.023 0.846 0.031 
117    (1)   :  0.002 0.160 0.010 0.015 0.772 0.041 
118    (3)   :  0.002 0.263 0.008 0.058 0.659 0.010 
119   (15)   :  0.120 0.002 0.004 0.011 0.824 0.038 
120   (19)   :  0.003 0.018 0.004 0.104 0.856 0.015 
121    (0)   :  0.002 0.272 0.003 0.008 0.711 0.004 
122    (0)   :  0.003 0.457 0.014 0.003 0.514 0.009 
123    (7)   :  0.007 0.023 0.080 0.146 0.724 0.019 
124    (0)   :  0.270 0.141 0.003 0.002 0.582 0.002 
125    (0)   :  0.003 0.584 0.015 0.025 0.368 0.005 
126    (3)   :  0.004 0.135 0.017 0.057 0.779 0.008 
127    (1)   :  0.003 0.185 0.068 0.044 0.675 0.026 
128    (4)   :  0.002 0.118 0.004 0.128 0.738 0.011 
129   (16)   :  0.225 0.040 0.149 0.134 0.036 0.417 
130   (43)   :  0.008 0.017 0.124 0.445 0.011 0.395 
131   (17)   :  0.012 0.011 0.034 0.337 0.014 0.592 
132   (11)   :  0.312 0.003 0.004 0.045 0.005 0.630 
133   (14)   :  0.126 0.016 0.267 0.100 0.027 0.465 
134    (5)   :  0.007 0.049 0.004 0.170 0.005 0.766 
135    (2)   :  0.001 0.009 0.156 0.028 0.010 0.795 
136   (37)   :  0.111 0.808 0.005 0.061 0.005 0.010 
137   (25)   :  0.212 0.397 0.021 0.224 0.011 0.135 
138   (42)   :  0.006 0.235 0.030 0.491 0.039 0.200 
139   (12)   :  0.012 0.031 0.011 0.233 0.710 0.004 
140    (3)   :  0.002 0.100 0.012 0.054 0.824 0.008 
141    (3)   :  0.002 0.005 0.086 0.032 0.666 0.209 
142   (10)   :  0.016 0.002 0.274 0.068 0.632 0.007 
143    (3)   :  0.269 0.002 0.045 0.007 0.511 0.166 
144    (9)   :  0.004 0.005 0.361 0.039 0.568 0.023 
145   (15)   :  0.002 0.010 0.344 0.032 0.608 0.004 
146   (12)   :  0.002 0.004 0.255 0.260 0.470 0.008 
147   (30)   :  0.002 0.002 0.206 0.181 0.508 0.101 
148   (51)   :  0.005 0.374 0.007 0.558 0.038 0.019 
149    (0)   :  0.001 0.984 0.004 0.006 0.003 0.003 
150    (0)   :  0.002 0.971 0.004 0.012 0.003 0.009 
151    (0)   :  0.218 0.776 0.001 0.001 0.001 0.001 
152    (3)   :  0.005 0.921 0.023 0.024 0.021 0.005 
153    (0)   :  0.002 0.960 0.005 0.002 0.025 0.005 
154    (1)   :  0.001 0.985 0.002 0.005 0.005 0.003 
155    (0)   :  0.003 0.375 0.393 0.113 0.059 0.056 
156    (0)   :  0.002 0.190 0.197 0.081 0.250 0.281 
157   (31)   :  0.004 0.272 0.043 0.484 0.051 0.147 
158   (14)   :  0.012 0.164 0.033 0.417 0.109 0.265 
159   (19)   :  0.256 0.184 0.025 0.457 0.019 0.059 
160   (39)   :  0.007 0.208 0.011 0.687 0.018 0.068 
161    (1)   :  0.003 0.192 0.083 0.362 0.039 0.321 
162    (3)   :  0.007 0.143 0.012 0.254 0.004 0.580 
163    (8)   :  0.366 0.138 0.018 0.364 0.004 0.109 
164   (12)   :  0.005 0.196 0.012 0.524 0.184 0.078 
165   (10)   :  0.004 0.082 0.201 0.349 0.017 0.347 
166   (13)   :  0.002 0.168 0.240 0.573 0.005 0.012 
167   (47)   :  0.146 0.014 0.010 0.788 0.008 0.034 
168   (85)   :  0.094 0.029 0.033 0.786 0.017 0.041 
169   (10)   :  0.003 0.024 0.362 0.454 0.038 0.119 
170   (17)   :  0.003 0.023 0.006 0.468 0.100 0.400 
171    (4)   :  0.368 0.005 0.022 0.014 0.527 0.063 
172    (3)   :  0.076 0.120 0.004 0.005 0.789 0.006 
173    (9)   :  0.003 0.018 0.031 0.032 0.882 0.034 
174    (2)   :  0.003 0.015 0.007 0.011 0.823 0.140 
175    (0)   :  0.211 0.018 0.003 0.004 0.739 0.025 
176    (8)   :  0.002 0.006 0.004 0.098 0.822 0.068 
177    (0)   :  0.021 0.113 0.275 0.006 0.492 0.094 
178    (1)   :  0.027 0.110 0.004 0.086 0.759 0.014 
179    (0)   :  0.002 0.069 0.016 0.004 0.907 0.002 
180    (0)   :  0.377 0.005 0.023 0.004 0.552 0.039 
181    (2)   :  0.055 0.017 0.032 0.009 0.872 0.015 
182    (0)   :  0.005 0.563 0.007 0.007 0.385 0.033 
183    (0)   :  0.022 0.007 0.098 0.007 0.724 0.143 
184    (1)   :  0.245 0.010 0.005 0.003 0.734 0.003 
185   (20)   :  0.014 0.008 0.153 0.235 0.579 0.011 
186    (0)   :  0.008 0.037 0.023 0.014 0.886 0.032 
187    (2)   :  0.339 0.008 0.069 0.003 0.573 0.008 
188    (1)   :  0.003 0.018 0.383 0.016 0.540 0.040 
189   (12)   :  0.003 0.005 0.146 0.109 0.700 0.037 
190    (0)   :  0.002 0.026 0.073 0.003 0.620 0.276 
191    (0)   :  0.003 0.002 0.004 0.004 0.985 0.003 
192    (5)   :  0.002 0.036 0.096 0.068 0.626 0.172 
193   (11)   :  0.274 0.003 0.003 0.007 0.710 0.003 
194   (14)   :  0.007 0.009 0.159 0.018 0.770 0.037 
195    (2)   :  0.003 0.004 0.204 0.010 0.773 0.006 
196    (7)   :  0.002 0.091 0.009 0.011 0.882 0.005 
197    (3)   :  0.331 0.004 0.034 0.017 0.607 0.006 
198    (5)   :  0.002 0.002 0.006 0.006 0.979 0.005 
199    (9)   :  0.008 0.015 0.035 0.062 0.829 0.052 
200    (1)   :  0.003 0.007 0.010 0.011 0.966 0.003 
201    (9)   :  0.280 0.003 0.122 0.015 0.574 0.006 
202    (7)   :  0.002 0.006 0.015 0.118 0.850 0.008 
203    (1)   :  0.003 0.012 0.280 0.015 0.671 0.019 
204    (6)   :  0.018 0.005 0.032 0.099 0.831 0.015 
205    (0)   :  0.002 0.105 0.016 0.013 0.857 0.007 
206    (0)   :  0.127 0.002 0.143 0.005 0.705 0.017 
207    (0)   :  0.001 0.002 0.340 0.005 0.640 0.012 
208    (3)   :  0.002 0.002 0.006 0.007 0.977 0.006 
209   (13)   :  0.007 0.103 0.029 0.165 0.669 0.026 
210    (2)   :  0.041 0.011 0.015 0.019 0.906 0.007 
211    (7)   :  0.001 0.006 0.005 0.016 0.968 0.004 
212    (2)   :  0.011 0.022 0.010 0.015 0.934 0.008 
213    (8)   :  0.004 0.004 0.221 0.048 0.662 0.061 
214   (17)   :  0.007 0.007 0.003 0.347 0.631 0.006 
215    (6)   :  0.003 0.152 0.005 0.273 0.012 0.555 
216    (0)   :  0.004 0.236 0.041 0.202 0.009 0.508 
217    (4)   :  0.102 0.884 0.004 0.003 0.003 0.005 
218    (2)   :  0.010 0.831 0.024 0.008 0.010 0.118 
219   (12)   :  0.004 0.176 0.019 0.063 0.730 0.008 
220   (13)   :  0.056 0.259 0.012 0.128 0.535 0.011 
221   (49)   :  0.148 0.007 0.020 0.611 0.018 0.196 
222   (12)   :  0.001 0.016 0.097 0.197 0.005 0.684 
223    (2)   :  0.014 0.003 0.169 0.027 0.005 0.782 
224    (6)   :  0.002 0.003 0.011 0.199 0.013 0.773 
225   (21)   :  0.005 0.009 0.027 0.158 0.009 0.792 
226    (2)   :  0.003 0.007 0.018 0.035 0.018 0.919 
227    (5)   :  0.002 0.006 0.005 0.223 0.011 0.753 
228   (45)   :  0.004 0.009 0.072 0.502 0.178 0.234 
229   (48)   :  0.121 0.006 0.010 0.442 0.015 0.407 
230    (0)   :  0.005 0.002 0.599 0.015 0.027 0.353 
231    (2)   :  0.003 0.074 0.177 0.003 0.008 0.735 
232    (0)   :  0.035 0.009 0.629 0.095 0.096 0.136 
233    (0)   :  0.005 0.006 0.160 0.085 0.013 0.732 
234    (3)   :  0.002 0.005 0.160 0.102 0.009 0.722 
235    (1)   :  0.135 0.008 0.012 0.116 0.017 0.711 
236   (25)   :  0.004 0.074 0.171 0.207 0.033 0.510 
237    (2)   :  0.002 0.003 0.011 0.014 0.014 0.957 
238   (21)   :  0.002 0.007 0.024 0.393 0.013 0.561 
239   (11)   :  0.019 0.046 0.232 0.076 0.011 0.617 
240    (0)   :  0.004 0.007 0.075 0.010 0.009 0.896 
241   (62)   :  0.160 0.005 0.020 0.739 0.008 0.069 
242    (8)   :  0.003 0.002 0.004 0.208 0.016 0.767 
243    (7)   :  0.004 0.002 0.092 0.061 0.003 0.837 
244    (4)   :  0.215 0.005 0.005 0.006 0.003 0.767 
245   (18)   :  0.003 0.010 0.009 0.179 0.006 0.792 
246   (38)   :  0.003 0.008 0.014 0.339 0.037 0.598 
247    (7)   :  0.109 0.011 0.047 0.116 0.200 0.517 
248   (55)   :  0.221 0.006 0.007 0.505 0.013 0.248 
249    (1)   :  0.002 0.010 0.012 0.162 0.010 0.804 
250    (0)   :  0.007 0.024 0.036 0.096 0.019 0.818 
251    (7)   :  0.003 0.004 0.025 0.230 0.009 0.729 
252    (1)   :  0.006 0.005 0.090 0.272 0.009 0.618 
253    (4)   :  0.005 0.002 0.025 0.037 0.022 0.908 
254    (8)   :  0.002 0.004 0.055 0.083 0.085 0.771 
255   (36)   :  0.006 0.012 0.162 0.588 0.006 0.226 
256    (9)   :  0.004 0.004 0.475 0.141 0.010 0.366 
257   (72)   :  0.004 0.006 0.011 0.768 0.090 0.122 
258    (1)   :  0.003 0.011 0.168 0.186 0.011 0.621 
259    (0)   :  0.002 0.055 0.114 0.164 0.003 0.662 
260    (0)   :  0.069 0.011 0.046 0.021 0.007 0.846 
261    (0)   :  0.003 0.004 0.146 0.008 0.013 0.827 
262    (1)   :  0.002 0.006 0.093 0.030 0.011 0.858 
263    (3)   :  0.010 0.002 0.197 0.079 0.007 0.706 
264   (29)   :  0.184 0.009 0.018 0.370 0.007 0.411 
265    (0)   :  0.002 0.111 0.023 0.112 0.012 0.740 
266    (0)   :  0.002 0.003 0.332 0.029 0.005 0.629 
267    (7)   :  0.003 0.008 0.020 0.047 0.023 0.899 
268   (40)   :  0.006 0.016 0.008 0.436 0.531 0.004 
269   (72)   :  0.004 0.133 0.007 0.632 0.195 0.029 
270    (2)   :  0.013 0.008 0.081 0.018 0.607 0.273 
271   (68)   :  0.002 0.007 0.050 0.724 0.208 0.009 
272   (49)   :  0.004 0.005 0.018 0.575 0.375 0.023 
273   (18)   :  0.002 0.008 0.640 0.085 0.243 0.022 
274    (7)   :  0.009 0.004 0.200 0.007 0.772 0.008 
275   (70)   :  0.166 0.170 0.019 0.508 0.132 0.006 
276    (2)   :  0.007 0.002 0.204 0.006 0.722 0.059 
277   (70)   :  0.004 0.008 0.004 0.520 0.457 0.008 
278    (4)   :  0.003 0.016 0.865 0.016 0.015 0.085 
279    (2)   :  0.005 0.004 0.402 0.219 0.006 0.365 
280    (4)   :  0.125 0.705 0.003 0.008 0.150 0.009 
281    (0)   :  0.003 0.016 0.004 0.003 0.748 0.226 
282    (2)   :  0.009 0.008 0.004 0.005 0.775 0.199 
283    (4)   :  0.114 0.030 0.006 0.006 0.834 0.010 
284   (22)   :  0.173 0.057 0.004 0.051 0.708 0.005 
285    (0)   :  0.012 0.136 0.085 0.121 0.095 0.552 
286   (72)   :  0.009 0.031 0.029 0.642 0.076 0.212 
287    (1)   :  0.173 0.008 0.045 0.140 0.010 0.623 
288    (0)   :  0.008 0.128 0.032 0.017 0.019 0.797 
289    (0)   :  0.197 0.719 0.003 0.003 0.074 0.003 
290    (0)   :  0.039 0.932 0.008 0.002 0.008 0.011 
291    (0)   :  0.005 0.004 0.221 0.005 0.457 0.308 
292    (0)   :  0.004 0.949 0.011 0.006 0.007 0.023 
293    (0)   :  0.001 0.989 0.002 0.002 0.005 0.001 
294    (0)   :  0.005 0.785 0.028 0.014 0.157 0.011 
295    (0)   :  0.002 0.002 0.108 0.004 0.563 0.321 
296    (0)   :  0.066 0.006 0.191 0.327 0.015 0.395 
297   (37)   :  0.005 0.025 0.065 0.702 0.013 0.191 
298   (50)   :  0.003 0.015 0.042 0.930 0.005 0.006 
299    (1)   :  0.002 0.005 0.107 0.527 0.006 0.353 
300    (0)   :  0.002 0.003 0.055 0.424 0.008 0.508 
301   (20)   :  0.084 0.003 0.215 0.488 0.168 0.041 
302   (54)   :  0.093 0.116 0.009 0.758 0.015 0.008 
303    (4)   :  0.002 0.020 0.337 0.612 0.010 0.019 
304   (56)   :  0.005 0.026 0.047 0.860 0.049 0.013 
305   (82)   :  0.006 0.021 0.018 0.921 0.013 0.021 
306    (1)   :  0.005 0.005 0.238 0.709 0.015 0.027 
307   (12)   :  0.002 0.003 0.266 0.691 0.023 0.014 
308   (10)   :  0.004 0.041 0.012 0.654 0.010 0.279 
309   (23)   :  0.066 0.010 0.233 0.675 0.005 0.011 
310   (10)   :  0.019 0.053 0.010 0.496 0.022 0.400 
311    (4)   :  0.003 0.044 0.369 0.558 0.005 0.022 
312    (3)   :  0.003 0.006 0.217 0.469 0.008 0.298 
313   (10)   :  0.012 0.004 0.470 0.500 0.007 0.008 
314    (3)   :  0.002 0.011 0.298 0.598 0.082 0.009 
315    (2)   :  0.002 0.940 0.008 0.032 0.012 0.006 
316   (46)   :  0.149 0.806 0.005 0.035 0.002 0.003 
317    (5)   :  0.003 0.883 0.007 0.078 0.010 0.020 
318   (44)   :  0.213 0.685 0.005 0.040 0.053 0.004 
319    (2)   :  0.002 0.973 0.006 0.008 0.009 0.002 
320    (3)   :  0.002 0.971 0.003 0.018 0.003 0.004 
321    (6)   :  0.003 0.652 0.005 0.107 0.225 0.008 
322    (0)   :  0.004 0.916 0.037 0.014 0.018 0.011 
323    (2)   :  0.002 0.964 0.015 0.006 0.008 0.005 


Estimated Allele Frequencies in each cluster
First column gives estimated ancestral frequencies


Locus 1 : 0 
2 alleles
17.0% missing data
   2   (0.911) 0.982 0.993 0.898 0.964 0.947 0.875 
   4   (0.089) 0.018 0.007 0.102 0.036 0.053 0.125 

Locus 2 : 1 
2 alleles
16.1% missing data
   3   (0.033) 0.019 0.243 0.014 0.008 0.023 0.013 
   1   (0.967) 0.981 0.757 0.986 0.992 0.977 0.987 

Locus 3 : 2 
2 alleles
12.1% missing data
   1   (0.911) 0.965 0.635 0.846 0.981 0.944 0.963 
   4   (0.089) 0.035 0.365 0.154 0.019 0.056 0.037 

Locus 4 : 3 
2 alleles
6.5% missing data
   1   (0.493) 0.529 0.234 0.377 0.495 0.735 0.553 
   2   (0.507) 0.471 0.766 0.623 0.505 0.265 0.447 

Locus 5 : 4 
2 alleles
20.4% missing data
   3   (0.482) 0.449 0.245 0.397 0.461 0.705 0.527 
   1   (0.518) 0.551 0.755 0.603 0.539 0.295 0.473 

Locus 6 : 5 
2 alleles
15.8% missing data
   2   (0.896) 0.968 0.829 0.950 0.902 0.832 0.903 
   3   (0.104) 0.032 0.171 0.050 0.098 0.168 0.097 

Locus 7 : 6 
2 alleles
11.8% missing data
   4   (0.711) 0.773 0.523 0.795 0.660 0.912 0.592 
   1   (0.289) 0.227 0.477 0.205 0.340 0.088 0.408 

Locus 8 : 7 
2 alleles
17.3% missing data
   3   (0.256) 0.157 0.263 0.288 0.419 0.192 0.208 
   2   (0.744) 0.843 0.737 0.712 0.581 0.808 0.792 

Locus 9 : 8 
2 alleles
23.8% missing data
   2   (0.863) 0.971 0.822 0.848 0.854 0.821 0.912 
   4   (0.137) 0.029 0.178 0.152 0.146 0.179 0.088 

Locus 10 : 9 
2 alleles
6.5% missing data
   1   (0.709) 0.689 0.678 0.684 0.686 0.664 0.783 
   4   (0.291) 0.311 0.322 0.316 0.314 0.336 0.217 

Locus 11 : 10 
2 alleles
1.9% missing data
   1   (0.953) 0.994 0.949 0.972 0.915 0.921 0.985 
   3   (0.047) 0.006 0.051 0.028 0.085 0.079 0.015 

Locus 12 : 11 
2 alleles
0.9% missing data
   4   (0.926) 0.964 0.995 0.871 0.971 0.994 0.879 
   1   (0.074) 0.036 0.005 0.129 0.029 0.006 0.121 

Locus 13 : 12 
2 alleles
20.1% missing data
   1   (0.939) 0.952 0.933 0.961 0.986 0.901 0.963 
   3   (0.061) 0.048 0.067 0.039 0.014 0.099 0.037 

Locus 14 : 13 
2 alleles
19.8% missing data
   1   (0.951) 0.992 0.978 0.980 0.988 0.876 0.957 
   4   (0.049) 0.008 0.022 0.020 0.012 0.124 0.043 

Locus 15 : 14 
2 alleles
23.2% missing data
   4   (0.765) 0.556 0.643 0.861 0.740 0.748 0.759 
   1   (0.235) 0.444 0.357 0.139 0.260 0.252 0.241 

Locus 16 : 15 
2 alleles
20.7% missing data
   2   (0.933) 0.988 0.921 0.925 0.968 0.939 0.968 
   4   (0.067) 0.012 0.079 0.075 0.032 0.061 0.032 

Locus 17 : 16 
2 alleles
4.3% missing data
   3   (0.662) 0.548 0.452 0.772 0.766 0.417 0.687 
   1   (0.338) 0.452 0.548 0.228 0.234 0.583 0.313 

Locus 18 : 17 
2 alleles
11.8% missing data
   2   (0.784) 0.676 0.817 0.794 0.856 0.842 0.790 
   3   (0.216) 0.324 0.183 0.206 0.144 0.158 0.210 

Locus 19 : 18 
2 alleles
12.1% missing data
   3   (0.833) 0.922 0.636 0.850 0.727 0.867 0.879 
   2   (0.167) 0.078 0.364 0.150 0.273 0.133 0.121 

Locus 20 : 19 
2 alleles
24.5% missing data
   4   (0.917) 0.962 0.981 0.788 0.967 0.986 0.931 
   1   (0.083) 0.038 0.019 0.212 0.033 0.014 0.069 

Locus 21 : 20 
2 alleles
3.4% missing data
   2   (0.545) 0.481 0.445 0.623 0.392 0.291 0.631 
   3   (0.455) 0.519 0.555 0.377 0.608 0.709 0.369 

Locus 22 : 21 
2 alleles
11.1% missing data
   2   (0.851) 0.257 0.915 0.860 0.927 0.888 0.884 
   4   (0.149) 0.743 0.085 0.140 0.073 0.112 0.116 

Locus 23 : 22 
2 alleles
24.8% missing data
   2   (0.940) 0.473 0.992 0.956 0.970 0.964 0.961 
   4   (0.060) 0.527 0.008 0.044 0.030 0.036 0.039 

Locus 24 : 23 
2 alleles
4.3% missing data
   1   (0.984) 0.171 0.999 0.994 0.998 0.998 0.994 
   3   (0.016) 0.829 0.001 0.006 0.002 0.002 0.006 

Locus 25 : 24 
2 alleles
21.7% missing data
   3   (0.852) 0.908 0.863 0.834 0.883 0.717 0.917 
   2   (0.148) 0.092 0.137 0.166 0.117 0.283 0.083 

Locus 26 : 25 
2 alleles
4.6% missing data
   3   (0.926) 0.904 0.849 0.950 0.919 0.986 0.942 
   2   (0.074) 0.096 0.151 0.050 0.081 0.014 0.058 

Locus 27 : 26 
2 alleles
5.3% missing data
   4   (0.937) 0.985 0.987 0.935 0.990 0.838 0.959 
   1   (0.063) 0.015 0.013 0.065 0.010 0.162 0.041 

Locus 28 : 27 
2 alleles
9.3% missing data
   1   (0.230) 0.413 0.379 0.237 0.095 0.156 0.204 
   3   (0.770) 0.587 0.621 0.763 0.905 0.844 0.796 

Locus 29 : 28 
2 alleles
10.8% missing data
   3   (0.655) 0.614 0.920 0.514 0.810 0.759 0.638 
   2   (0.345) 0.386 0.080 0.486 0.190 0.241 0.362 

Locus 30 : 29 
2 alleles
9.0% missing data
   4   (0.918) 0.962 0.994 0.888 0.800 0.936 0.948 
   2   (0.082) 0.038 0.006 0.112 0.200 0.064 0.052 

Locus 31 : 30 
2 alleles
14.2% missing data
   3   (0.840) 0.837 0.898 0.891 0.955 0.802 0.797 
   2   (0.160) 0.163 0.102 0.109 0.045 0.198 0.203 

Locus 32 : 31 
2 alleles
5.0% missing data
   3   (0.921) 0.830 0.923 0.914 0.980 0.975 0.942 
   2   (0.079) 0.170 0.077 0.086 0.020 0.025 0.058 

Locus 33 : 32 
2 alleles
1.5% missing data
   4   (0.877) 0.967 0.851 0.872 0.916 0.966 0.860 
   1   (0.123) 0.033 0.149 0.128 0.084 0.034 0.140 

Locus 34 : 33 
2 alleles
5.9% missing data
   3   (0.673) 0.585 0.439 0.680 0.806 0.873 0.629 
   2   (0.327) 0.415 0.561 0.320 0.194 0.127 0.371 

Locus 35 : 34 
2 alleles
14.9% missing data
   3   (0.637) 0.657 0.713 0.581 0.639 0.779 0.631 
   2   (0.363) 0.343 0.287 0.419 0.361 0.221 0.369 

Locus 36 : 35 
2 alleles
12.7% missing data
   4   (0.779) 0.842 0.675 0.771 0.849 0.815 0.805 
   1   (0.221) 0.158 0.325 0.229 0.151 0.185 0.195 

Locus 37 : 36 
2 alleles
1.2% missing data
   2   (0.739) 0.793 0.844 0.689 0.883 0.680 0.762 
   3   (0.261) 0.207 0.156 0.311 0.117 0.320 0.238 

Locus 38 : 37 
2 alleles
0.9% missing data
   2   (0.900) 0.984 0.794 0.840 0.968 0.917 0.949 
   4   (0.100) 0.016 0.206 0.160 0.032 0.083 0.051 

Locus 39 : 38 
2 alleles
12.1% missing data
   4   (0.901) 0.964 0.797 0.914 0.980 0.903 0.917 
   3   (0.099) 0.036 0.203 0.086 0.020 0.097 0.083 

Locus 40 : 39 
2 alleles
2.8% missing data
   3   (0.867) 0.936 0.879 0.862 0.962 0.750 0.905 
   2   (0.133) 0.064 0.121 0.138 0.038 0.250 0.095 

Locus 41 : 40 
2 alleles
9.3% missing data
   2   (0.722) 0.547 0.803 0.743 0.915 0.789 0.650 
   4   (0.278) 0.453 0.197 0.257 0.085 0.211 0.350 

Locus 42 : 41 
2 alleles
9.6% missing data
   4   (0.835) 0.795 0.707 0.837 0.944 0.832 0.871 
   1   (0.165) 0.205 0.293 0.163 0.056 0.168 0.129 

Locus 43 : 42 
2 alleles
11.8% missing data
   1   (0.799) 0.867 0.607 0.811 0.841 0.728 0.858 
   4   (0.201) 0.133 0.393 0.189 0.159 0.272 0.142 

Locus 44 : 43 
2 alleles
5.6% missing data
   3   (0.782) 0.896 0.772 0.832 0.901 0.741 0.741 
   4   (0.218) 0.104 0.228 0.168 0.099 0.259 0.259 

Locus 45 : 44 
2 alleles
6.8% missing data
   2   (0.474) 0.355 0.318 0.464 0.458 0.555 0.500 
   3   (0.526) 0.645 0.682 0.536 0.542 0.445 0.500 

Locus 46 : 45 
2 alleles
3.7% missing data
   1   (0.945) 0.978 0.792 0.981 0.966 0.967 0.957 
   4   (0.055) 0.022 0.208 0.019 0.034 0.033 0.043 

Locus 47 : 46 
2 alleles
16.4% missing data
   3   (0.945) 0.990 0.971 0.951 0.977 0.898 0.969 
   4   (0.055) 0.010 0.029 0.049 0.023 0.102 0.031 

Locus 48 : 47 
2 alleles
9.9% missing data
   4   (0.654) 0.790 0.753 0.700 0.658 0.498 0.647 
   1   (0.346) 0.210 0.247 0.300 0.342 0.502 0.353 

Locus 49 : 48 
2 alleles
5.9% missing data
   1   (0.780) 0.892 0.621 0.833 0.930 0.679 0.765 
   3   (0.220) 0.108 0.379 0.167 0.070 0.321 0.235 

Locus 50 : 49 
2 alleles
11.8% missing data
   3   (0.812) 0.951 0.867 0.771 0.887 0.912 0.787 
   2   (0.188) 0.049 0.133 0.229 0.113 0.088 0.213 

Locus 51 : 50 
2 alleles
11.8% missing data
   1   (0.864) 0.898 0.973 0.814 0.895 0.914 0.875 
   4   (0.136) 0.102 0.027 0.186 0.105 0.086 0.125 

Locus 52 : 51 
2 alleles
6.8% missing data
   3   (0.642) 0.496 0.797 0.620 0.800 0.605 0.637 
   2   (0.358) 0.504 0.203 0.380 0.200 0.395 0.363 

Locus 53 : 52 
2 alleles
3.7% missing data
   4   (0.925) 0.969 0.989 0.880 0.907 0.917 0.965 
   1   (0.075) 0.031 0.011 0.120 0.093 0.083 0.035 

Locus 54 : 53 
2 alleles
6.8% missing data
   3   (0.579) 0.529 0.820 0.563 0.724 0.449 0.567 
   2   (0.421) 0.471 0.180 0.437 0.276 0.551 0.433 

Locus 55 : 54 
2 alleles
9.9% missing data
   3   (0.863) 0.962 0.832 0.810 0.939 0.830 0.915 
   2   (0.137) 0.038 0.168 0.190 0.061 0.170 0.085 

Locus 56 : 55 
2 alleles
0.3% missing data
   4   (0.848) 0.879 0.607 0.875 0.951 0.871 0.861 
   2   (0.152) 0.121 0.393 0.125 0.049 0.129 0.139 

Locus 57 : 56 
2 alleles
23.5% missing data
   4   (0.588) 0.516 0.571 0.647 0.376 0.559 0.609 
   1   (0.412) 0.484 0.429 0.353 0.624 0.441 0.391 

Locus 58 : 57 
2 alleles
5.6% missing data
   2   (0.820) 0.833 0.967 0.743 0.924 0.960 0.744 
   3   (0.180) 0.167 0.033 0.257 0.076 0.040 0.256 

Locus 59 : 58 
2 alleles
9.0% missing data
   1   (0.603) 0.740 0.742 0.548 0.706 0.790 0.522 
   4   (0.397) 0.260 0.258 0.452 0.294 0.210 0.478 

Locus 60 : 59 
2 alleles
2.5% missing data
   4   (0.855) 0.853 0.977 0.841 0.854 0.926 0.840 
   2   (0.145) 0.147 0.023 0.159 0.146 0.074 0.160 

Locus 61 : 60 
2 alleles
3.4% missing data
   3   (0.441) 0.446 0.599 0.401 0.488 0.636 0.364 
   2   (0.559) 0.554 0.401 0.599 0.512 0.364 0.636 

Locus 62 : 61 
2 alleles
5.6% missing data
   4   (0.879) 0.971 0.797 0.907 0.977 0.941 0.828 
   3   (0.121) 0.029 0.203 0.093 0.023 0.059 0.172 

Locus 63 : 62 
2 alleles
5.9% missing data
   4   (0.904) 0.939 0.992 0.877 0.856 0.940 0.923 
   1   (0.096) 0.061 0.008 0.123 0.144 0.060 0.077 

Locus 64 : 63 
2 alleles
9.3% missing data
   3   (0.670) 0.785 0.632 0.605 0.861 0.737 0.663 
   2   (0.330) 0.215 0.368 0.395 0.139 0.263 0.337 

Locus 65 : 64 
2 alleles
6.5% missing data
   4   (0.801) 0.719 0.741 0.771 0.720 0.871 0.867 
   1   (0.199) 0.281 0.259 0.229 0.280 0.129 0.133 

Locus 66 : 65 
2 alleles
14.2% missing data
   4   (0.718) 0.745 0.617 0.678 0.776 0.753 0.769 
   1   (0.282) 0.255 0.383 0.322 0.224 0.247 0.231 

Locus 67 : 66 
2 alleles
14.9% missing data
   3   (0.559) 0.322 0.453 0.495 0.687 0.657 0.605 
   2   (0.441) 0.678 0.547 0.505 0.313 0.343 0.395 

Locus 68 : 67 
2 alleles
5.3% missing data
   3   (0.525) 0.547 0.677 0.598 0.570 0.438 0.455 
   2   (0.475) 0.453 0.323 0.402 0.430 0.562 0.545 

Locus 69 : 68 
2 alleles
2.8% missing data
   2   (0.545) 0.595 0.410 0.588 0.744 0.409 0.538 
   4   (0.455) 0.405 0.590 0.412 0.256 0.591 0.462 

Locus 70 : 69 
2 alleles
5.9% missing data
   2   (0.607) 0.670 0.782 0.578 0.754 0.653 0.553 
   3   (0.393) 0.330 0.218 0.422 0.246 0.347 0.447 

Locus 71 : 70 
2 alleles
7.7% missing data
   4   (0.786) 0.927 0.897 0.820 0.744 0.633 0.795 
   1   (0.214) 0.073 0.103 0.180 0.256 0.367 0.205 

Locus 72 : 71 
2 alleles
13.9% missing data
   3   (0.830) 0.564 0.960 0.794 0.915 0.771 0.872 
   2   (0.170) 0.436 0.040 0.206 0.085 0.229 0.128 

Locus 73 : 72 
2 alleles
4.0% missing data
   3   (0.920) 0.892 0.955 0.931 0.965 0.913 0.951 
   2   (0.080) 0.108 0.045 0.069 0.035 0.087 0.049 

Locus 74 : 73 
2 alleles
3.7% missing data
   3   (0.924) 0.983 0.995 0.918 0.893 0.992 0.862 
   2   (0.076) 0.017 0.005 0.082 0.107 0.008 0.138 

Locus 75 : 74 
2 alleles
5.6% missing data
   4   (0.856) 0.786 0.756 0.851 0.875 0.924 0.898 
   1   (0.144) 0.214 0.244 0.149 0.125 0.076 0.102 

Locus 76 : 75 
2 alleles
9.3% missing data
   3   (0.516) 0.477 0.558 0.498 0.528 0.733 0.446 
   2   (0.484) 0.523 0.442 0.502 0.472 0.267 0.554 

Locus 77 : 76 
2 alleles
18.6% missing data
   4   (0.682) 0.695 0.569 0.623 0.774 0.737 0.733 
   2   (0.318) 0.305 0.431 0.377 0.226 0.263 0.267 

Locus 78 : 77 
2 alleles
8.0% missing data
   1   (0.909) 0.942 0.940 0.942 0.958 0.922 0.906 
   3   (0.091) 0.058 0.060 0.058 0.042 0.078 0.094 

Locus 79 : 78 
2 alleles
8.7% missing data
   4   (0.914) 0.978 0.991 0.921 0.908 0.840 0.929 
   1   (0.086) 0.022 0.009 0.079 0.092 0.160 0.071 

Locus 80 : 79 
2 alleles
11.1% missing data
   3   (0.688) 0.889 0.681 0.713 0.571 0.649 0.696 
   2   (0.312) 0.111 0.319 0.287 0.429 0.351 0.304 

Locus 81 : 80 
2 alleles
12.1% missing data
   3   (0.921) 0.983 0.992 0.916 0.775 0.922 0.944 
   2   (0.079) 0.017 0.008 0.084 0.225 0.078 0.056 

Locus 82 : 81 
2 alleles
16.4% missing data
   3   (0.763) 0.701 0.864 0.801 0.766 0.827 0.725 
   1   (0.237) 0.299 0.136 0.199 0.234 0.173 0.275 

Locus 83 : 82 
2 alleles
4.0% missing data
   1   (0.427) 0.630 0.569 0.420 0.283 0.383 0.418 
   4   (0.573) 0.370 0.431 0.580 0.717 0.617 0.582 

Locus 84 : 83 
2 alleles
3.1% missing data
   4   (0.946) 0.988 0.995 0.966 0.990 0.881 0.936 
   1   (0.054) 0.012 0.005 0.034 0.010 0.119 0.064 

Locus 85 : 84 
2 alleles
24.5% missing data
   3   (0.754) 0.806 0.809 0.745 0.855 0.809 0.735 
   4   (0.246) 0.194 0.191 0.255 0.145 0.191 0.265 

Locus 86 : 85 
2 alleles
2.2% missing data
   3   (0.809) 0.704 0.918 0.893 0.850 0.778 0.747 
   1   (0.191) 0.296 0.082 0.107 0.150 0.222 0.253 

Locus 87 : 86 
2 alleles
15.8% missing data
   4   (0.511) 0.735 0.494 0.410 0.547 0.601 0.531 
   1   (0.489) 0.265 0.506 0.590 0.453 0.399 0.469 

Locus 88 : 87 
2 alleles
10.5% missing data
   4   (0.747) 0.901 0.966 0.682 0.767 0.634 0.749 
   1   (0.253) 0.099 0.034 0.318 0.233 0.366 0.251 

Locus 89 : 88 
2 alleles
17.6% missing data
   1   (0.900) 0.830 0.951 0.940 0.911 0.878 0.918 
   4   (0.100) 0.170 0.049 0.060 0.089 0.122 0.082 

Locus 90 : 89 
2 alleles
18.6% missing data
   1   (0.849) 0.905 0.942 0.870 0.897 0.883 0.818 
   4   (0.151) 0.095 0.058 0.130 0.103 0.117 0.182 

Locus 91 : 90 
2 alleles
15.8% missing data
   1   (0.919) 0.928 0.805 0.955 0.962 0.935 0.932 
   4   (0.081) 0.072 0.195 0.045 0.038 0.065 0.068 

Locus 92 : 91 
2 alleles
8.4% missing data
   2   (0.643) 0.511 0.639 0.561 0.673 0.671 0.724 
   3   (0.357) 0.489 0.361 0.439 0.327 0.329 0.276 

Locus 93 : 92 
2 alleles
15.2% missing data
   1   (0.680) 0.787 0.576 0.691 0.839 0.835 0.595 
   4   (0.320) 0.213 0.424 0.309 0.161 0.165 0.405 

Locus 94 : 93 
2 alleles
9.3% missing data
   1   (0.785) 0.908 0.928 0.759 0.888 0.739 0.770 
   4   (0.215) 0.092 0.072 0.241 0.112 0.261 0.230 

Locus 95 : 94 
2 alleles
7.4% missing data
   4   (0.893) 0.719 0.934 0.896 0.975 0.954 0.900 
   1   (0.107) 0.281 0.066 0.104 0.025 0.046 0.100 

Locus 96 : 95 
2 alleles
9.3% missing data
   3   (0.295) 0.237 0.474 0.206 0.262 0.424 0.288 
   2   (0.705) 0.763 0.526 0.794 0.738 0.576 0.712 

Locus 97 : 96 
2 alleles
14.2% missing data
   3   (0.770) 0.767 0.639 0.752 0.793 0.907 0.780 
   2   (0.230) 0.233 0.361 0.248 0.207 0.093 0.220 

Locus 98 : 97 
2 alleles
13.6% missing data
   3   (0.767) 0.717 0.728 0.766 0.930 0.843 0.738 
   2   (0.233) 0.283 0.272 0.234 0.070 0.157 0.262 

Locus 99 : 98 
2 alleles
9.0% missing data
   4   (0.937) 0.963 0.995 0.924 0.975 0.901 0.957 
   1   (0.063) 0.037 0.005 0.076 0.025 0.099 0.043 

Locus 100 : 99 
2 alleles
16.4% missing data
   2   (0.929) 0.984 0.985 0.931 0.974 0.987 0.875 
   3   (0.071) 0.016 0.015 0.069 0.026 0.013 0.125 

Locus 101 : 100 
2 alleles
19.8% missing data
   1   (0.864) 0.960 0.880 0.876 0.887 0.865 0.876 
   4   (0.136) 0.040 0.120 0.124 0.113 0.135 0.124 

Locus 102 : 101 
2 alleles
14.9% missing data
   1   (0.871) 0.787 0.906 0.896 0.947 0.872 0.880 
   4   (0.129) 0.213 0.094 0.104 0.053 0.128 0.120 

Locus 103 : 102 
2 alleles
18.9% missing data
   3   (0.773) 0.877 0.735 0.804 0.914 0.665 0.768 
   2   (0.227) 0.123 0.265 0.196 0.086 0.335 0.232 

Locus 104 : 103 
2 alleles
17.6% missing data
   3   (0.133) 0.032 0.121 0.167 0.042 0.128 0.111 
   2   (0.867) 0.968 0.879 0.833 0.958 0.872 0.889 

Locus 105 : 104 
2 alleles
1.2% missing data
   1   (0.407) 0.530 0.603 0.307 0.419 0.438 0.416 
   4   (0.593) 0.470 0.397 0.693 0.581 0.562 0.584 

Locus 106 : 105 
2 alleles
8.4% missing data
   4   (0.927) 0.901 0.942 0.941 0.941 0.848 0.973 
   1   (0.073) 0.099 0.058 0.059 0.059 0.152 0.027 

Locus 107 : 106 
2 alleles
4.3% missing data
   4   (0.751) 0.870 0.440 0.741 0.892 0.931 0.689 
   1   (0.249) 0.130 0.560 0.259 0.108 0.069 0.311 

Locus 108 : 107 
2 alleles
1.9% missing data
   3   (0.667) 0.867 0.777 0.648 0.639 0.595 0.677 
   2   (0.333) 0.133 0.223 0.352 0.361 0.405 0.323 

Locus 109 : 108 
2 alleles
0.6% missing data
   3   (0.919) 0.976 0.876 0.891 0.984 0.773 0.970 
   2   (0.081) 0.024 0.124 0.109 0.016 0.227 0.030 

Locus 110 : 109 
2 alleles
4.0% missing data
   3   (0.897) 0.895 0.848 0.929 0.977 0.788 0.925 
   1   (0.103) 0.105 0.152 0.071 0.023 0.212 0.075 

Locus 111 : 110 
2 alleles
5.9% missing data
   2   (0.892) 0.380 0.946 0.920 0.978 0.939 0.891 
   4   (0.108) 0.620 0.054 0.080 0.022 0.061 0.109 

Locus 112 : 111 
2 alleles
3.1% missing data
   1   (0.953) 0.341 0.994 0.920 0.993 0.985 0.979 
   3   (0.047) 0.659 0.006 0.080 0.007 0.015 0.021 

Locus 113 : 112 
2 alleles
7.1% missing data
   1   (0.915) 0.976 0.931 0.958 0.983 0.883 0.885 
   3   (0.085) 0.024 0.069 0.042 0.017 0.117 0.115 

Locus 114 : 113 
2 alleles
13.3% missing data
   1   (0.840) 0.881 0.833 0.881 0.892 0.764 0.857 
   4   (0.160) 0.119 0.167 0.119 0.108 0.236 0.143 

Locus 115 : 114 
2 alleles
6.5% missing data
   2   (0.929) 0.913 0.898 0.934 0.978 0.992 0.925 
   3   (0.071) 0.087 0.102 0.066 0.022 0.008 0.075 

Locus 116 : 115 
2 alleles
21.4% missing data
   4   (0.724) 0.822 0.836 0.652 0.884 0.716 0.729 
   1   (0.276) 0.178 0.164 0.348 0.116 0.284 0.271 

Locus 117 : 116 
2 alleles
3.4% missing data
   4   (0.926) 0.926 0.993 0.941 0.890 0.909 0.948 
   1   (0.074) 0.074 0.007 0.059 0.110 0.091 0.052 

Locus 118 : 117 
2 alleles
6.5% missing data
   1   (0.761) 0.695 0.705 0.767 0.843 0.815 0.776 
   4   (0.239) 0.305 0.295 0.233 0.157 0.185 0.224 

Locus 119 : 118 
2 alleles
20.7% missing data
   3   (0.840) 0.955 0.800 0.788 0.951 0.878 0.860 
   2   (0.160) 0.045 0.200 0.212 0.049 0.122 0.140 

Locus 120 : 119 
2 alleles
23.2% missing data
   4   (0.941) 0.983 0.951 0.946 0.974 0.920 0.972 
   1   (0.059) 0.017 0.049 0.054 0.026 0.080 0.028 

Locus 121 : 120 
2 alleles
8.7% missing data
   4   (0.767) 0.731 0.676 0.813 0.880 0.703 0.777 
   1   (0.233) 0.269 0.324 0.187 0.120 0.297 0.223 

Locus 122 : 121 
2 alleles
5.9% missing data
   4   (0.841) 0.837 0.935 0.881 0.959 0.864 0.769 
   1   (0.159) 0.163 0.065 0.119 0.041 0.136 0.231 

Locus 123 : 122 
2 alleles
22.9% missing data
   4   (0.920) 0.817 0.938 0.953 0.899 0.958 0.941 
   1   (0.080) 0.183 0.062 0.047 0.101 0.042 0.059 

Locus 124 : 123 
2 alleles
2.8% missing data
   4   (0.942) 0.944 0.914 0.968 0.984 0.821 0.976 
   3   (0.058) 0.056 0.086 0.032 0.016 0.179 0.024 

Locus 125 : 124 
2 alleles
14.6% missing data
   4   (0.794) 0.859 0.614 0.813 0.867 0.685 0.849 
   1   (0.206) 0.141 0.386 0.187 0.133 0.315 0.151 

Locus 126 : 125 
2 alleles
5.0% missing data
   4   (0.017) 0.002 0.268 0.005 0.003 0.006 0.004 
   2   (0.983) 0.998 0.732 0.995 0.997 0.994 0.996 

Locus 127 : 126 
2 alleles
6.8% missing data
   2   (0.935) 0.949 0.989 0.945 0.990 0.900 0.942 
   3   (0.065) 0.051 0.011 0.055 0.010 0.100 0.058 

Locus 128 : 127 
2 alleles
11.1% missing data
   1   (0.858) 0.965 0.989 0.879 0.937 0.754 0.788 
   2   (0.142) 0.035 0.011 0.121 0.063 0.246 0.212 

Locus 129 : 128 
2 alleles
8.7% missing data
   3   (0.832) 0.920 0.787 0.881 0.760 0.891 0.816 
   2   (0.168) 0.080 0.213 0.119 0.240 0.109 0.184 

Locus 130 : 129 
2 alleles
23.2% missing data
   2   (0.841) 0.952 0.880 0.814 0.943 0.809 0.857 
   3   (0.159) 0.048 0.120 0.186 0.057 0.191 0.143 

Locus 131 : 130 
2 alleles
23.5% missing data
   3   (0.795) 0.839 0.896 0.795 0.898 0.795 0.778 
   2   (0.205) 0.161 0.104 0.205 0.102 0.205 0.222 

Locus 132 : 131 
2 alleles
12.4% missing data
   4   (0.860) 0.976 0.944 0.860 0.772 0.958 0.817 
   1   (0.140) 0.024 0.056 0.140 0.228 0.042 0.183 

Locus 133 : 132 
2 alleles
10.2% missing data
   4   (0.807) 0.885 0.831 0.849 0.802 0.818 0.795 
   1   (0.193) 0.115 0.169 0.151 0.198 0.182 0.205 

Locus 134 : 133 
2 alleles
18.0% missing data
   2   (0.958) 0.205 0.996 0.980 0.992 0.988 0.957 
   4   (0.042) 0.795 0.004 0.020 0.008 0.012 0.043 

Locus 135 : 134 
2 alleles
9.6% missing data
   3   (0.567) 0.605 0.832 0.469 0.690 0.761 0.490 
   4   (0.433) 0.395 0.168 0.531 0.310 0.239 0.510 

Locus 136 : 135 
2 alleles
3.1% missing data
   4   (0.736) 0.810 0.847 0.659 0.831 0.757 0.765 
   1   (0.264) 0.190 0.153 0.341 0.169 0.243 0.235 

Locus 137 : 136 
2 alleles
21.7% missing data
   3   (0.860) 0.938 0.869 0.922 0.910 0.743 0.848 
   2   (0.140) 0.062 0.131 0.078 0.090 0.257 0.152 

Locus 138 : 137 
2 alleles
12.7% missing data
   2   (0.955) 0.323 0.996 0.944 0.991 0.964 0.984 
   4   (0.045) 0.677 0.004 0.056 0.009 0.036 0.016 

Locus 139 : 138 
2 alleles
11.5% missing data
   4   (0.875) 0.860 0.909 0.851 0.939 0.921 0.904 
   1   (0.125) 0.140 0.091 0.149 0.061 0.079 0.096 

Locus 140 : 139 
2 alleles
