

----------------------------------------------------
STRUCTURE by Pritchard, Stephens and Donnelly (2000)
     and Falush, Stephens and Pritchard (2003)
       Code by Pritchard, Falush and Hubisz
             Version 2.3.4 (Jul 2012)
----------------------------------------------------



Command line arguments:   structure -m data/structure/mainparams.txt -e data/structure/extraparams.txt -K 8 -o data/structure/structure_output_8 
Input File:    data/structure/structure_input.tab

Run parameters:
   323 individuals
   2366 loci
   8 populations assumed
   10000 Burn-in period
   25000 Reps


--------------------------------------------
Overall proportion of membership of the
sample in each of the 8 clusters

Inferred Clusters
  1      2      3      4      5      6      7      8    
0.121  0.077  0.155  0.098  0.050  0.234  0.053  0.212  

--------------------------------------------

Allele-freq. divergence among pops (Net nucleotide distance),
computed using point estimates of P.

      1       2       3       4       5       6       7       8      
 1      -    0.0107  0.0229  0.0255  0.0282  0.0172  0.0229  0.0060  
 2   0.0107     -    0.0240  0.0246  0.0291  0.0197  0.0248  0.0085  
 3   0.0229  0.0240     -    0.0347  0.0382  0.0275  0.0343  0.0212  
 4   0.0255  0.0246  0.0347     -    0.0413  0.0307  0.0355  0.0225  
 5   0.0282  0.0291  0.0382  0.0413     -    0.0325  0.0391  0.0262  
 6   0.0172  0.0197  0.0275  0.0307  0.0325     -    0.0292  0.0159  
 7   0.0229  0.0248  0.0343  0.0355  0.0391  0.0292     -    0.0204  
 8   0.0060  0.0085  0.0212  0.0225  0.0262  0.0159  0.0204     -    

Average distances (expected heterozygosity) between individuals in same cluster:
cluster  1  : 0.2909 
cluster  2  : 0.2773 
cluster  3  : 0.2641 
cluster  4  : 0.1692 
cluster  5  : 0.2577 
cluster  6  : 0.2762 
cluster  7  : 0.2641 
cluster  8  : 0.2925 

--------------------------------------------
Estimated Ln Prob of Data   = -601105.5
Mean value of ln likelihood = -596337.7
Variance of ln likelihood   = 9535.6
Mean value of alpha         = 0.1471

Mean value of Fst_1         = 0.0466
Mean value of Fst_2         = 0.0808
Mean value of Fst_3         = 0.1362
Mean value of Fst_4         = 0.3638
Mean value of Fst_5         = 0.2825
Mean value of Fst_6         = 0.0920
Mean value of Fst_7         = 0.2012
Mean value of Fst_8         = 0.0274


Inferred ancestry of individuals:
     (%Miss) :  Inferred clusters
  1    (2)   :  0.072 0.011 0.552 0.005 0.004 0.249 0.005 0.101 
  2    (2)   :  0.008 0.009 0.101 0.039 0.129 0.630 0.005 0.080 
  3    (3)   :  0.007 0.012 0.194 0.005 0.004 0.663 0.107 0.007 
  4    (0)   :  0.013 0.012 0.580 0.009 0.004 0.374 0.002 0.006 
  5    (0)   :  0.040 0.015 0.081 0.010 0.108 0.695 0.017 0.034 
  6    (0)   :  0.026 0.025 0.097 0.005 0.004 0.784 0.003 0.058 
  7    (0)   :  0.006 0.012 0.354 0.005 0.088 0.392 0.135 0.008 
  8    (0)   :  0.028 0.005 0.007 0.004 0.157 0.782 0.003 0.014 
  9    (0)   :  0.020 0.046 0.253 0.032 0.020 0.610 0.005 0.013 
 10    (8)   :  0.011 0.010 0.556 0.024 0.026 0.308 0.031 0.033 
 11    (1)   :  0.024 0.015 0.553 0.023 0.005 0.370 0.003 0.007 
 12    (0)   :  0.003 0.007 0.600 0.003 0.154 0.227 0.001 0.006 
 13    (0)   :  0.029 0.006 0.078 0.005 0.008 0.855 0.002 0.017 
 14    (0)   :  0.011 0.008 0.026 0.003 0.242 0.674 0.007 0.030 
 15    (0)   :  0.030 0.004 0.062 0.003 0.003 0.010 0.216 0.671 
 16    (0)   :  0.017 0.009 0.006 0.013 0.002 0.025 0.003 0.925 
 17    (5)   :  0.227 0.024 0.003 0.011 0.003 0.010 0.002 0.720 
 18    (1)   :  0.025 0.006 0.004 0.003 0.009 0.002 0.005 0.944 
 19    (3)   :  0.008 0.008 0.010 0.053 0.003 0.016 0.014 0.888 
 20    (4)   :  0.087 0.011 0.007 0.013 0.002 0.003 0.221 0.656 
 21    (2)   :  0.009 0.008 0.003 0.006 0.003 0.003 0.209 0.759 
 22    (1)   :  0.013 0.005 0.014 0.004 0.003 0.007 0.001 0.952 
 23    (5)   :  0.007 0.002 0.002 0.009 0.153 0.004 0.023 0.801 
 24    (8)   :  0.016 0.010 0.005 0.131 0.002 0.003 0.236 0.598 
 25    (1)   :  0.010 0.020 0.057 0.010 0.003 0.034 0.002 0.865 
 26    (1)   :  0.137 0.007 0.006 0.024 0.008 0.005 0.002 0.810 
 27    (0)   :  0.245 0.006 0.012 0.050 0.002 0.006 0.002 0.677 
 28    (0)   :  0.035 0.011 0.003 0.005 0.023 0.006 0.004 0.913 
 29    (0)   :  0.259 0.038 0.004 0.007 0.064 0.004 0.003 0.621 
 30    (1)   :  0.453 0.176 0.026 0.018 0.004 0.011 0.003 0.310 
 31    (7)   :  0.603 0.042 0.013 0.027 0.127 0.019 0.006 0.163 
 32   (15)   :  0.187 0.031 0.011 0.161 0.004 0.012 0.014 0.580 
 33    (8)   :  0.576 0.069 0.012 0.051 0.012 0.015 0.002 0.263 
 34    (0)   :  0.957 0.003 0.005 0.020 0.003 0.002 0.004 0.006 
 35    (0)   :  0.389 0.217 0.032 0.008 0.003 0.059 0.002 0.291 
 36    (4)   :  0.869 0.015 0.010 0.023 0.013 0.007 0.058 0.006 
 37    (6)   :  0.855 0.005 0.006 0.062 0.042 0.003 0.002 0.024 
 38    (2)   :  0.943 0.005 0.006 0.017 0.002 0.016 0.001 0.010 
 39    (0)   :  0.743 0.032 0.006 0.004 0.179 0.005 0.016 0.014 
 40    (5)   :  0.003 0.005 0.769 0.005 0.005 0.004 0.208 0.003 
 41    (2)   :  0.006 0.006 0.949 0.009 0.005 0.010 0.005 0.009 
 42    (0)   :  0.007 0.004 0.962 0.009 0.004 0.004 0.003 0.006 
 43    (8)   :  0.004 0.010 0.794 0.175 0.004 0.004 0.005 0.006 
 44    (1)   :  0.008 0.003 0.886 0.003 0.001 0.005 0.089 0.004 
 45   (55)   :  0.061 0.287 0.166 0.420 0.028 0.016 0.007 0.015 
 46    (2)   :  0.005 0.003 0.902 0.016 0.003 0.018 0.017 0.037 
 47    (0)   :  0.005 0.005 0.964 0.005 0.003 0.007 0.002 0.008 
 48    (1)   :  0.005 0.007 0.900 0.012 0.062 0.004 0.005 0.005 
 49   (14)   :  0.024 0.004 0.789 0.070 0.098 0.005 0.002 0.009 
 50    (1)   :  0.012 0.013 0.930 0.011 0.004 0.004 0.006 0.019 
 51    (6)   :  0.011 0.038 0.902 0.020 0.007 0.004 0.003 0.015 
 52    (1)   :  0.003 0.005 0.554 0.006 0.002 0.151 0.277 0.002 
 53    (0)   :  0.003 0.004 0.809 0.002 0.175 0.002 0.002 0.004 
 54    (7)   :  0.008 0.004 0.422 0.039 0.004 0.208 0.310 0.004 
 55    (6)   :  0.010 0.006 0.524 0.015 0.002 0.100 0.337 0.006 
 56   (13)   :  0.034 0.137 0.018 0.085 0.009 0.014 0.340 0.364 
 57    (0)   :  0.003 0.007 0.512 0.010 0.243 0.218 0.002 0.004 
 58    (0)   :  0.004 0.004 0.823 0.003 0.003 0.003 0.156 0.004 
 59    (3)   :  0.018 0.008 0.914 0.028 0.004 0.006 0.006 0.015 
 60    (4)   :  0.013 0.104 0.005 0.120 0.004 0.041 0.010 0.704 
 61    (5)   :  0.008 0.023 0.008 0.149 0.007 0.003 0.003 0.800 
 62    (8)   :  0.006 0.011 0.002 0.030 0.003 0.008 0.358 0.582 
 63    (5)   :  0.020 0.024 0.007 0.091 0.004 0.017 0.320 0.518 
 64    (0)   :  0.010 0.008 0.012 0.010 0.001 0.004 0.402 0.553 
 65    (0)   :  0.025 0.056 0.006 0.007 0.011 0.013 0.373 0.510 
 66    (5)   :  0.006 0.004 0.004 0.109 0.004 0.002 0.165 0.706 
 67    (7)   :  0.048 0.032 0.010 0.138 0.014 0.018 0.026 0.714 
 68    (3)   :  0.236 0.005 0.003 0.017 0.002 0.619 0.002 0.116 
 69    (4)   :  0.262 0.005 0.003 0.037 0.129 0.493 0.047 0.025 
 70    (1)   :  0.017 0.016 0.110 0.021 0.104 0.712 0.003 0.016 
 71   (23)   :  0.039 0.023 0.007 0.246 0.097 0.486 0.011 0.091 
 72    (0)   :  0.035 0.019 0.002 0.006 0.011 0.850 0.018 0.057 
 73    (2)   :  0.005 0.007 0.005 0.012 0.102 0.716 0.147 0.006 
 74    (0)   :  0.315 0.005 0.002 0.002 0.119 0.542 0.007 0.009 
 75    (0)   :  0.010 0.002 0.047 0.007 0.004 0.817 0.006 0.106 
 76    (0)   :  0.003 0.007 0.089 0.003 0.215 0.549 0.123 0.010 
 77    (0)   :  0.248 0.002 0.003 0.002 0.004 0.496 0.236 0.009 
 78    (1)   :  0.741 0.058 0.006 0.006 0.005 0.009 0.003 0.172 
 79    (0)   :  0.586 0.017 0.004 0.002 0.002 0.046 0.014 0.330 
 80    (1)   :  0.649 0.197 0.011 0.007 0.002 0.008 0.004 0.122 
 81    (0)   :  0.791 0.027 0.003 0.003 0.003 0.002 0.077 0.095 
 82    (3)   :  0.945 0.011 0.013 0.009 0.006 0.002 0.002 0.011 
 83    (0)   :  0.870 0.003 0.003 0.004 0.003 0.020 0.004 0.092 
 84    (0)   :  0.702 0.006 0.003 0.005 0.161 0.003 0.011 0.108 
 85    (0)   :  0.518 0.006 0.003 0.005 0.001 0.005 0.219 0.243 
 86    (3)   :  0.780 0.176 0.004 0.008 0.007 0.007 0.003 0.015 
 87    (5)   :  0.703 0.049 0.016 0.093 0.018 0.007 0.004 0.110 
 88    (6)   :  0.630 0.023 0.013 0.048 0.003 0.026 0.007 0.249 
 89    (2)   :  0.699 0.019 0.028 0.004 0.126 0.008 0.094 0.023 
 90    (3)   :  0.702 0.006 0.006 0.014 0.098 0.014 0.003 0.159 
 91    (5)   :  0.459 0.015 0.031 0.032 0.003 0.009 0.005 0.447 
 92    (0)   :  0.692 0.049 0.007 0.002 0.226 0.002 0.003 0.019 
 93    (1)   :  0.442 0.253 0.012 0.006 0.008 0.004 0.205 0.070 
 94    (2)   :  0.427 0.121 0.002 0.092 0.175 0.011 0.003 0.169 
 95    (2)   :  0.465 0.172 0.007 0.084 0.002 0.092 0.008 0.170 
 96    (0)   :  0.534 0.026 0.008 0.007 0.005 0.051 0.359 0.010 
 97    (0)   :  0.485 0.218 0.003 0.009 0.250 0.022 0.004 0.010 
 98    (2)   :  0.506 0.098 0.005 0.010 0.023 0.026 0.003 0.329 
 99    (2)   :  0.548 0.106 0.020 0.048 0.015 0.054 0.003 0.205 
100   (24)   :  0.144 0.189 0.004 0.218 0.139 0.026 0.241 0.039 
101    (3)   :  0.377 0.143 0.026 0.006 0.003 0.009 0.406 0.029 
102   (43)   :  0.014 0.012 0.120 0.337 0.006 0.499 0.005 0.008 
103    (7)   :  0.007 0.079 0.046 0.056 0.147 0.644 0.004 0.017 
104    (3)   :  0.012 0.009 0.239 0.082 0.003 0.631 0.004 0.020 
105    (7)   :  0.012 0.005 0.062 0.013 0.003 0.570 0.331 0.004 
106    (4)   :  0.003 0.004 0.622 0.006 0.196 0.146 0.020 0.004 
107    (1)   :  0.006 0.004 0.003 0.008 0.002 0.664 0.307 0.007 
108    (6)   :  0.004 0.009 0.455 0.117 0.188 0.220 0.002 0.004 
109    (8)   :  0.006 0.027 0.542 0.058 0.008 0.328 0.004 0.026 
110    (9)   :  0.029 0.053 0.071 0.094 0.006 0.724 0.004 0.021 
111   (17)   :  0.004 0.006 0.038 0.162 0.204 0.576 0.003 0.006 
112   (54)   :  0.011 0.011 0.010 0.385 0.016 0.545 0.007 0.014 
113    (2)   :  0.020 0.026 0.153 0.043 0.052 0.689 0.003 0.013 
114    (6)   :  0.005 0.003 0.044 0.069 0.002 0.868 0.003 0.007 
115    (9)   :  0.002 0.002 0.002 0.005 0.002 0.687 0.295 0.004 
116    (3)   :  0.014 0.027 0.057 0.022 0.131 0.725 0.002 0.022 
117    (1)   :  0.023 0.094 0.147 0.005 0.002 0.713 0.002 0.013 
118    (3)   :  0.009 0.034 0.245 0.097 0.012 0.582 0.003 0.017 
119   (15)   :  0.006 0.009 0.004 0.046 0.002 0.751 0.127 0.055 
120   (19)   :  0.008 0.004 0.020 0.211 0.006 0.739 0.004 0.008 
121    (0)   :  0.002 0.006 0.201 0.012 0.218 0.555 0.002 0.003 
122    (0)   :  0.040 0.005 0.441 0.004 0.007 0.485 0.003 0.016 
123    (7)   :  0.115 0.017 0.020 0.155 0.076 0.596 0.010 0.012 
124    (0)   :  0.003 0.002 0.144 0.002 0.005 0.564 0.277 0.004 
125    (0)   :  0.006 0.018 0.494 0.004 0.257 0.215 0.003 0.004 
126    (3)   :  0.009 0.004 0.090 0.114 0.181 0.592 0.005 0.006 
127    (1)   :  0.049 0.125 0.170 0.007 0.006 0.627 0.003 0.013 
128    (4)   :  0.004 0.083 0.120 0.058 0.003 0.705 0.003 0.024 
129   (16)   :  0.149 0.227 0.048 0.020 0.003 0.018 0.235 0.300 
130   (43)   :  0.195 0.022 0.015 0.411 0.006 0.013 0.006 0.332 
131   (17)   :  0.116 0.023 0.007 0.261 0.016 0.014 0.018 0.546 
132   (11)   :  0.003 0.030 0.003 0.003 0.002 0.005 0.322 0.632 
133   (14)   :  0.127 0.013 0.004 0.062 0.158 0.003 0.120 0.513 
134    (5)   :  0.008 0.148 0.053 0.020 0.002 0.006 0.007 0.756 
135    (2)   :  0.213 0.039 0.011 0.015 0.002 0.015 0.002 0.704 
136   (37)   :  0.003 0.003 0.660 0.168 0.070 0.003 0.088 0.004 
137   (25)   :  0.019 0.016 0.356 0.213 0.009 0.007 0.207 0.173 
138   (42)   :  0.022 0.025 0.212 0.393 0.008 0.030 0.005 0.306 
139   (12)   :  0.008 0.010 0.021 0.229 0.191 0.532 0.005 0.004 
140    (3)   :  0.008 0.008 0.038 0.083 0.196 0.662 0.002 0.004 
141    (3)   :  0.218 0.027 0.004 0.069 0.002 0.607 0.003 0.070 
142   (10)   :  0.213 0.005 0.002 0.134 0.134 0.488 0.015 0.008 
143    (3)   :  0.120 0.006 0.002 0.007 0.002 0.491 0.274 0.098 
144    (9)   :  0.285 0.005 0.003 0.165 0.100 0.419 0.003 0.021 
145   (15)   :  0.307 0.009 0.010 0.039 0.146 0.483 0.002 0.004 
146   (12)   :  0.293 0.009 0.002 0.293 0.002 0.392 0.002 0.007 
147   (30)   :  0.273 0.047 0.002 0.168 0.003 0.455 0.002 0.051 
148   (51)   :  0.030 0.010 0.296 0.576 0.007 0.022 0.005 0.054 
149    (0)   :  0.003 0.008 0.902 0.003 0.080 0.002 0.001 0.003 
150    (0)   :  0.004 0.007 0.939 0.024 0.002 0.004 0.004 0.016 
151    (0)   :  0.002 0.001 0.764 0.001 0.001 0.002 0.227 0.002 
152    (3)   :  0.005 0.004 0.820 0.033 0.126 0.004 0.003 0.004 
153    (0)   :  0.006 0.003 0.929 0.003 0.003 0.046 0.004 0.006 
154    (1)   :  0.002 0.006 0.893 0.003 0.089 0.003 0.001 0.003 
155    (0)   :  0.090 0.103 0.289 0.027 0.291 0.009 0.006 0.185 
156    (0)   :  0.026 0.015 0.134 0.079 0.190 0.164 0.002 0.390 
157   (31)   :  0.011 0.153 0.248 0.292 0.012 0.042 0.004 0.238 
158   (14)   :  0.016 0.087 0.113 0.251 0.210 0.021 0.005 0.297 
159   (19)   :  0.007 0.312 0.152 0.153 0.028 0.010 0.256 0.082 
160   (39)   :  0.011 0.198 0.181 0.475 0.006 0.020 0.005 0.105 
161    (1)   :  0.009 0.261 0.118 0.107 0.185 0.010 0.003 0.307 
162    (3)   :  0.023 0.061 0.134 0.175 0.004 0.007 0.005 0.591 
163    (8)   :  0.009 0.057 0.123 0.189 0.006 0.009 0.367 0.240 
164   (12)   :  0.004 0.233 0.149 0.288 0.212 0.044 0.005 0.064 
165   (10)   :  0.196 0.250 0.077 0.227 0.017 0.017 0.003 0.214 
166   (13)   :  0.123 0.405 0.147 0.284 0.020 0.007 0.003 0.011 
167   (47)   :  0.025 0.268 0.014 0.468 0.058 0.005 0.139 0.025 
168   (85)   :  0.047 0.209 0.032 0.591 0.017 0.013 0.052 0.040 
169   (10)   :  0.241 0.210 0.011 0.274 0.113 0.016 0.003 0.131 
170   (17)   :  0.007 0.059 0.032 0.340 0.005 0.094 0.004 0.457 
171    (4)   :  0.009 0.030 0.008 0.005 0.003 0.495 0.372 0.078 
172    (3)   :  0.002 0.004 0.073 0.005 0.278 0.582 0.054 0.002 
173    (9)   :  0.029 0.014 0.015 0.051 0.185 0.691 0.002 0.012 
174    (2)   :  0.009 0.015 0.016 0.029 0.003 0.772 0.003 0.153 
175    (0)   :  0.006 0.004 0.026 0.007 0.005 0.698 0.228 0.027 
176    (8)   :  0.005 0.032 0.007 0.087 0.041 0.725 0.003 0.099 
177    (0)   :  0.128 0.089 0.070 0.002 0.204 0.395 0.023 0.089 
178    (1)   :  0.011 0.010 0.073 0.093 0.158 0.619 0.024 0.014 
179    (0)   :  0.018 0.005 0.027 0.006 0.180 0.756 0.002 0.006 
180    (0)   :  0.061 0.015 0.006 0.002 0.012 0.505 0.371 0.029 
181    (2)   :  0.008 0.009 0.006 0.003 0.308 0.635 0.023 0.007 
182    (0)   :  0.011 0.007 0.504 0.005 0.131 0.305 0.003 0.034 
183    (0)   :  0.070 0.026 0.009 0.004 0.004 0.685 0.016 0.186 
184    (1)   :  0.006 0.004 0.010 0.002 0.066 0.661 0.246 0.005 
185   (20)   :  0.065 0.159 0.011 0.156 0.114 0.477 0.010 0.008 
186    (0)   :  0.036 0.017 0.057 0.019 0.002 0.818 0.010 0.041 
187    (2)   :  0.120 0.005 0.006 0.007 0.002 0.518 0.333 0.009 
188    (1)   :  0.315 0.022 0.011 0.017 0.158 0.440 0.004 0.034 
189   (12)   :  0.107 0.029 0.003 0.186 0.104 0.553 0.006 0.011 
190    (0)   :  0.199 0.008 0.034 0.004 0.002 0.587 0.002 0.164 
191    (0)   :  0.008 0.007 0.002 0.005 0.003 0.968 0.003 0.005 
192    (5)   :  0.181 0.063 0.037 0.081 0.021 0.570 0.003 0.043 
193   (11)   :  0.005 0.006 0.006 0.025 0.003 0.667 0.286 0.003 
194   (14)   :  0.180 0.005 0.012 0.158 0.006 0.626 0.005 0.008 
195    (2)   :  0.180 0.019 0.006 0.007 0.096 0.683 0.003 0.006 
196    (7)   :  0.014 0.019 0.106 0.018 0.018 0.811 0.003 0.011 
197    (3)   :  0.051 0.008 0.007 0.034 0.006 0.551 0.337 0.005 
198    (5)   :  0.005 0.005 0.002 0.010 0.192 0.780 0.002 0.004 
199    (9)   :  0.029 0.033 0.009 0.084 0.015 0.734 0.006 0.090 
200    (1)   :  0.028 0.017 0.011 0.030 0.009 0.895 0.005 0.005 
201    (9)   :  0.129 0.005 0.002 0.032 0.003 0.536 0.286 0.007 
202    (7)   :  0.012 0.005 0.004 0.224 0.042 0.706 0.002 0.004 
203    (1)   :  0.292 0.017 0.007 0.041 0.033 0.595 0.003 0.013 
204    (6)   :  0.019 0.061 0.004 0.037 0.102 0.727 0.012 0.037 
205    (0)   :  0.044 0.014 0.104 0.016 0.037 0.772 0.002 0.010 
206    (0)   :  0.137 0.003 0.001 0.009 0.103 0.610 0.121 0.015 
207    (0)   :  0.313 0.018 0.002 0.004 0.093 0.559 0.002 0.010 
208    (3)   :  0.010 0.065 0.002 0.003 0.012 0.900 0.003 0.005 
209   (13)   :  0.084 0.009 0.102 0.188 0.002 0.580 0.004 0.031 
210    (2)   :  0.003 0.011 0.005 0.005 0.287 0.679 0.006 0.004 
211    (7)   :  0.004 0.005 0.008 0.112 0.031 0.835 0.002 0.003 
212    (2)   :  0.011 0.010 0.027 0.065 0.026 0.834 0.015 0.013 
213    (8)   :  0.253 0.050 0.008 0.041 0.002 0.607 0.005 0.033 
214   (17)   :  0.006 0.079 0.008 0.289 0.006 0.582 0.016 0.015 
215    (6)   :  0.011 0.186 0.154 0.079 0.002 0.010 0.004 0.553 
216    (0)   :  0.040 0.202 0.219 0.041 0.014 0.009 0.004 0.471 
217    (4)   :  0.007 0.002 0.845 0.016 0.008 0.003 0.113 0.006 
218    (2)   :  0.023 0.009 0.776 0.018 0.029 0.016 0.010 0.118 
219   (12)   :  0.026 0.006 0.158 0.158 0.003 0.639 0.003 0.006 
220   (13)   :  0.008 0.008 0.213 0.158 0.195 0.394 0.016 0.008 
221   (49)   :  0.025 0.201 0.009 0.416 0.008 0.010 0.149 0.182 
222   (12)   :  0.156 0.018 0.019 0.178 0.006 0.004 0.002 0.618 
223    (2)   :  0.126 0.024 0.003 0.027 0.003 0.005 0.017 0.795 
224    (6)   :  0.019 0.027 0.002 0.189 0.001 0.012 0.002 0.747 
225   (21)   :  0.075 0.014 0.010 0.153 0.002 0.010 0.003 0.733 
226    (2)   :  0.025 0.008 0.007 0.087 0.022 0.015 0.002 0.833 
227    (5)   :  0.006 0.020 0.006 0.175 0.004 0.011 0.002 0.777 
228   (45)   :  0.097 0.011 0.012 0.501 0.043 0.137 0.004 0.195 
229   (48)   :  0.010 0.031 0.011 0.414 0.002 0.009 0.122 0.400 
230    (0)   :  0.533 0.078 0.003 0.008 0.013 0.021 0.006 0.337 
231    (2)   :  0.256 0.005 0.080 0.004 0.003 0.007 0.004 0.640 
232    (0)   :  0.385 0.204 0.005 0.008 0.110 0.053 0.023 0.212 
233    (0)   :  0.139 0.098 0.010 0.026 0.003 0.017 0.004 0.703 
234    (3)   :  0.233 0.030 0.003 0.065 0.004 0.013 0.002 0.650 
235    (1)   :  0.008 0.017 0.005 0.042 0.046 0.006 0.137 0.740 
236   (25)   :  0.132 0.124 0.048 0.178 0.019 0.035 0.003 0.463 
237    (2)   :  0.044 0.005 0.003 0.030 0.003 0.013 0.002 0.900 
238   (21)   :  0.030 0.022 0.004 0.332 0.011 0.016 0.004 0.581 
239   (11)   :  0.027 0.017 0.013 0.066 0.211 0.007 0.006 0.653 
240    (0)   :  0.044 0.010 0.004 0.002 0.074 0.007 0.005 0.853 
241   (62)   :  0.018 0.023 0.004 0.578 0.019 0.010 0.168 0.180 
242    (8)   :  0.005 0.082 0.005 0.102 0.008 0.012 0.005 0.783 
243    (7)   :  0.085 0.024 0.001 0.068 0.002 0.005 0.003 0.812 
244    (4)   :  0.005 0.014 0.004 0.003 0.003 0.003 0.216 0.752 
245   (18)   :  0.010 0.026 0.014 0.102 0.045 0.006 0.002 0.796 
246   (38)   :  0.036 0.011 0.016 0.321 0.003 0.022 0.002 0.589 
247    (7)   :  0.016 0.055 0.008 0.048 0.110 0.127 0.107 0.529 
248   (55)   :  0.005 0.017 0.007 0.406 0.003 0.011 0.198 0.353 
249    (1)   :  0.057 0.044 0.012 0.078 0.003 0.012 0.001 0.792 
250    (0)   :  0.076 0.013 0.029 0.098 0.003 0.024 0.007 0.751 
251    (7)   :  0.046 0.007 0.003 0.205 0.005 0.006 0.003 0.725 
252    (1)   :  0.192 0.127 0.005 0.146 0.003 0.012 0.006 0.510 
253    (4)   :  0.035 0.023 0.003 0.037 0.003 0.021 0.006 0.872 
254    (8)   :  0.109 0.005 0.003 0.167 0.039 0.042 0.002 0.635 
255   (36)   :  0.183 0.226 0.019 0.382 0.005 0.004 0.006 0.175 
256    (9)   :  0.278 0.016 0.004 0.131 0.191 0.003 0.003 0.374 
257   (72)   :  0.008 0.012 0.006 0.636 0.029 0.055 0.004 0.250 
258    (1)   :  0.158 0.050 0.016 0.113 0.011 0.013 0.004 0.635 
259    (0)   :  0.217 0.022 0.057 0.129 0.001 0.003 0.002 0.570 
260    (0)   :  0.079 0.062 0.016 0.005 0.020 0.007 0.072 0.739 
261    (0)   :  0.032 0.045 0.006 0.003 0.070 0.009 0.003 0.832 
262    (1)   :  0.093 0.120 0.012 0.007 0.003 0.020 0.002 0.743 
263    (3)   :  0.016 0.040 0.003 0.015 0.174 0.006 0.004 0.742 
264   (29)   :  0.024 0.047 0.007 0.274 0.004 0.005 0.178 0.460 
265    (0)   :  0.018 0.085 0.105 0.040 0.014 0.008 0.002 0.728 
266    (0)   :  0.163 0.059 0.004 0.003 0.132 0.005 0.002 0.633 
267    (7)   :  0.016 0.064 0.012 0.067 0.004 0.012 0.002 0.821 
268   (40)   :  0.030 0.005 0.018 0.515 0.003 0.420 0.003 0.005 
269   (72)   :  0.014 0.022 0.160 0.593 0.014 0.140 0.004 0.053 
270    (2)   :  0.148 0.006 0.011 0.054 0.055 0.536 0.016 0.174 
271   (68)   :  0.084 0.106 0.010 0.590 0.009 0.171 0.002 0.028 
272   (49)   :  0.047 0.062 0.006 0.482 0.004 0.320 0.004 0.076 
273   (18)   :  0.604 0.028 0.009 0.083 0.007 0.220 0.002 0.047 
274    (7)   :  0.092 0.023 0.004 0.015 0.189 0.659 0.004 0.016 
275   (70)   :  0.034 0.018 0.177 0.463 0.010 0.121 0.169 0.009 
276    (2)   :  0.269 0.007 0.003 0.014 0.012 0.670 0.006 0.018 
277   (70)   :  0.006 0.009 0.005 0.579 0.007 0.383 0.005 0.007 
278    (4)   :  0.824 0.012 0.026 0.063 0.003 0.018 0.005 0.049 
279    (2)   :  0.341 0.121 0.005 0.121 0.002 0.007 0.009 0.395 
280    (4)   :  0.005 0.006 0.671 0.009 0.008 0.156 0.137 0.009 
281    (0)   :  0.013 0.004 0.021 0.002 0.032 0.688 0.002 0.238 
282    (2)   :  0.010 0.005 0.012 0.005 0.003 0.729 0.009 0.227 
283    (4)   :  0.008 0.008 0.021 0.007 0.166 0.692 0.085 0.014 
284   (22)   :  0.003 0.004 0.049 0.179 0.007 0.589 0.166 0.004 
285    (0)   :  0.030 0.055 0.112 0.024 0.088 0.058 0.018 0.616 
286   (72)   :  0.043 0.013 0.019 0.594 0.008 0.084 0.007 0.232 
287    (1)   :  0.021 0.038 0.008 0.008 0.117 0.003 0.170 0.634 
288    (0)   :  0.077 0.009 0.109 0.038 0.016 0.016 0.011 0.724 
289    (0)   :  0.002 0.003 0.667 0.002 0.100 0.039 0.184 0.003 
290    (0)   :  0.004 0.002 0.835 0.003 0.134 0.003 0.016 0.003 
291    (0)   :  0.321 0.009 0.005 0.007 0.004 0.436 0.004 0.215 
292    (0)   :  0.009 0.020 0.915 0.004 0.002 0.013 0.006 0.032 
293    (0)   :  0.003 0.003 0.893 0.002 0.092 0.005 0.001 0.001 
294    (0)   :  0.023 0.011 0.738 0.035 0.012 0.170 0.003 0.009 
295    (0)   :  0.145 0.041 0.002 0.005 0.002 0.541 0.002 0.262 
296    (0)   :  0.016 0.537 0.004 0.006 0.015 0.006 0.081 0.334 
297   (37)   :  0.035 0.507 0.013 0.359 0.003 0.010 0.004 0.069 
298   (50)   :  0.021 0.405 0.009 0.545 0.009 0.004 0.002 0.005 
299    (1)   :  0.005 0.711 0.003 0.016 0.041 0.002 0.003 0.219 
300    (0)   :  0.012 0.722 0.002 0.009 0.002 0.006 0.002 0.245 
301   (20)   :  0.028 0.514 0.003 0.092 0.117 0.116 0.066 0.064 
302   (54)   :  0.007 0.411 0.044 0.425 0.008 0.013 0.083 0.008 
303    (4)   :  0.042 0.831 0.014 0.055 0.005 0.032 0.002 0.019 
304   (56)   :  0.015 0.490 0.017 0.423 0.006 0.035 0.003 0.011 
305   (82)   :  0.034 0.226 0.019 0.678 0.006 0.010 0.005 0.022 
306    (1)   :  0.005 0.838 0.003 0.059 0.066 0.008 0.006 0.016 
307   (12)   :  0.013 0.881 0.002 0.069 0.002 0.021 0.002 0.009 
308   (10)   :  0.007 0.742 0.040 0.101 0.002 0.013 0.004 0.090 
309   (23)   :  0.005 0.653 0.003 0.154 0.127 0.003 0.050 0.005 
310   (10)   :  0.004 0.617 0.047 0.044 0.003 0.032 0.023 0.230 
311    (4)   :  0.029 0.809 0.017 0.014 0.080 0.004 0.003 0.045 
312    (3)   :  0.038 0.849 0.006 0.009 0.004 0.006 0.004 0.085 
313   (10)   :  0.019 0.744 0.002 0.019 0.198 0.003 0.004 0.010 
314    (3)   :  0.011 0.851 0.007 0.010 0.002 0.113 0.002 0.004 
315    (2)   :  0.008 0.004 0.835 0.136 0.002 0.009 0.002 0.005 
316   (46)   :  0.003 0.005 0.643 0.209 0.002 0.003 0.133 0.003 
317    (5)   :  0.007 0.031 0.826 0.086 0.003 0.018 0.003 0.026 
318   (44)   :  0.007 0.007 0.605 0.137 0.003 0.033 0.203 0.004 
319    (2)   :  0.003 0.002 0.849 0.021 0.118 0.003 0.002 0.002 
320    (3)   :  0.002 0.003 0.823 0.062 0.104 0.002 0.001 0.004 
321    (6)   :  0.008 0.005 0.576 0.191 0.020 0.184 0.003 0.012 
322    (0)   :  0.020 0.009 0.842 0.009 0.093 0.014 0.004 0.009 
323    (2)   :  0.005 0.003 0.857 0.019 0.103 0.005 0.003 0.005 


Estimated Allele Frequencies in each cluster
First column gives estimated ancestral frequencies


Locus 1 : 0 
2 alleles
17.0% missing data
   2   (0.910) 0.888 0.934 0.993 0.985 0.983 0.944 0.982 0.871 
   4   (0.090) 0.112 0.066 0.007 0.015 0.017 0.056 0.018 0.129 

Locus 2 : 1 
2 alleles
16.1% missing data
   3   (0.033) 0.014 0.011 0.261 0.006 0.019 0.025 0.019 0.012 
   1   (0.967) 0.986 0.989 0.739 0.994 0.981 0.975 0.981 0.988 

Locus 3 : 2 
2 alleles
12.1% missing data
   1   (0.917) 0.804 0.961 0.601 0.986 0.962 0.952 0.968 0.968 
   4   (0.083) 0.196 0.039 0.399 0.014 0.038 0.048 0.032 0.032 

Locus 4 : 3 
2 alleles
6.5% missing data
   1   (0.488) 0.348 0.402 0.211 0.595 0.535 0.760 0.551 0.553 
   2   (0.512) 0.652 0.598 0.789 0.405 0.465 0.240 0.449 0.447 

Locus 5 : 4 
2 alleles
20.4% missing data
   3   (0.493) 0.373 0.504 0.233 0.244 0.546 0.746 0.464 0.547 
   1   (0.507) 0.627 0.496 0.767 0.756 0.454 0.254 0.536 0.453 

Locus 6 : 5 
2 alleles
15.8% missing data
   2   (0.892) 0.963 0.843 0.819 0.974 0.909 0.817 0.966 0.905 
   3   (0.108) 0.037 0.157 0.181 0.026 0.091 0.183 0.034 0.095 

Locus 7 : 6 
2 alleles
11.8% missing data
   4   (0.698) 0.844 0.544 0.508 0.901 0.695 0.920 0.786 0.567 
   1   (0.302) 0.156 0.456 0.492 0.099 0.305 0.080 0.214 0.433 

Locus 8 : 7 
2 alleles
17.3% missing data
   3   (0.268) 0.247 0.582 0.270 0.038 0.377 0.182 0.162 0.216 
   2   (0.732) 0.753 0.418 0.730 0.962 0.623 0.818 0.838 0.784 

Locus 9 : 8 
2 alleles
23.8% missing data
   2   (0.882) 0.897 0.887 0.881 0.941 0.156 0.919 0.973 0.922 
   4   (0.118) 0.103 0.113 0.119 0.059 0.844 0.081 0.027 0.078 

Locus 10 : 9 
2 alleles
6.5% missing data
   1   (0.718) 0.688 0.741 0.672 0.548 0.799 0.666 0.674 0.789 
   4   (0.282) 0.312 0.259 0.328 0.452 0.201 0.334 0.326 0.211 

Locus 11 : 10 
2 alleles
1.9% missing data
   1   (0.951) 0.969 0.973 0.951 0.854 0.938 0.930 0.993 0.986 
   3   (0.049) 0.031 0.027 0.049 0.146 0.062 0.070 0.007 0.014 

Locus 12 : 11 
2 alleles
0.9% missing data
   4   (0.930) 0.857 0.960 0.995 0.994 0.989 0.995 0.971 0.866 
   1   (0.070) 0.143 0.040 0.005 0.006 0.011 0.005 0.029 0.134 

Locus 13 : 12 
2 alleles
20.1% missing data
   1   (0.952) 0.980 0.978 0.968 0.995 0.429 0.969 0.957 0.976 
   3   (0.048) 0.020 0.022 0.032 0.005 0.571 0.031 0.043 0.024 

Locus 14 : 13 
2 alleles
19.8% missing data
   1   (0.949) 0.978 0.980 0.978 0.990 0.982 0.859 0.992 0.957 
   4   (0.051) 0.022 0.020 0.022 0.010 0.018 0.141 0.008 0.043 

Locus 15 : 14 
2 alleles
23.2% missing data
   4   (0.751) 0.878 0.764 0.649 0.820 0.660 0.746 0.543 0.741 
   1   (0.249) 0.122 0.236 0.351 0.180 0.340 0.254 0.457 0.259 

Locus 16 : 15 
2 alleles
20.7% missing data
   2   (0.970) 0.985 0.973 0.994 0.995 0.305 0.995 0.995 0.987 
   4   (0.030) 0.015 0.027 0.006 0.005 0.695 0.005 0.005 0.013 

Locus 17 : 16 
2 alleles
4.3% missing data
   3   (0.669) 0.775 0.833 0.429 0.635 0.771 0.375 0.583 0.683 
   1   (0.331) 0.225 0.167 0.571 0.365 0.229 0.625 0.417 0.317 

Locus 18 : 17 
2 alleles
11.8% missing data
   2   (0.780) 0.810 0.807 0.814 0.931 0.774 0.845 0.676 0.774 
   3   (0.220) 0.190 0.193 0.186 0.069 0.226 0.155 0.324 0.226 

Locus 19 : 18 
2 alleles
12.1% missing data
   3   (0.825) 0.841 0.657 0.610 0.847 0.957 0.861 0.918 0.885 
   2   (0.175) 0.159 0.343 0.390 0.153 0.043 0.139 0.082 0.115 

Locus 20 : 19 
2 alleles
24.5% missing data
   4   (0.922) 0.746 0.922 0.982 0.985 0.988 0.989 0.956 0.942 
   1   (0.078) 0.254 0.078 0.018 0.015 0.012 0.011 0.044 0.058 

Locus 21 : 20 
2 alleles
3.4% missing data
   2   (0.530) 0.670 0.369 0.434 0.522 0.519 0.249 0.463 0.617 
   3   (0.470) 0.330 0.631 0.566 0.478 0.481 0.751 0.537 0.383 

Locus 22 : 21 
2 alleles
11.1% missing data
   2   (0.854) 0.882 0.915 0.933 0.970 0.547 0.924 0.263 0.879 
   4   (0.146) 0.118 0.085 0.067 0.030 0.453 0.076 0.737 0.121 

Locus 23 : 22 
2 alleles
24.8% missing data
   2   (0.938) 0.960 0.948 0.992 0.986 0.967 0.964 0.467 0.961 
   4   (0.062) 0.040 0.052 0.008 0.014 0.033 0.036 0.533 0.039 

Locus 24 : 23 
2 alleles
4.3% missing data
   1   (0.982) 0.994 0.996 0.998 0.999 0.998 0.998 0.168 0.994 
   3   (0.018) 0.006 0.004 0.002 0.001 0.002 0.002 0.832 0.006 

Locus 25 : 24 
2 alleles
21.7% missing data
   3   (0.850) 0.845 0.770 0.860 0.984 0.930 0.684 0.911 0.915 
   2   (0.150) 0.155 0.230 0.140 0.016 0.070 0.316 0.089 0.085 

Locus 26 : 25 
2 alleles
4.6% missing data
   3   (0.925) 0.964 0.833 0.836 0.991 0.980 0.987 0.902 0.947 
   2   (0.075) 0.036 0.167 0.164 0.009 0.020 0.013 0.098 0.053 

Locus 27 : 26 
2 alleles
5.3% missing data
   4   (0.943) 0.913 0.983 0.989 0.995 0.986 0.816 0.987 0.966 
   1   (0.057) 0.087 0.017 0.011 0.005 0.014 0.184 0.013 0.034 

Locus 28 : 27 
2 alleles
9.3% missing data
   1   (0.234) 0.236 0.227 0.396 0.043 0.186 0.159 0.418 0.192 
   3   (0.766) 0.764 0.773 0.604 0.957 0.814 0.841 0.582 0.808 

Locus 29 : 28 
2 alleles
10.8% missing data
   3   (0.667) 0.476 0.773 0.941 0.898 0.518 0.779 0.617 0.636 
   2   (0.333) 0.524 0.227 0.059 0.102 0.482 0.221 0.383 0.364 

Locus 30 : 29 
2 alleles
9.0% missing data
   4   (0.911) 0.885 0.740 0.994 0.974 0.977 0.927 0.958 0.943 
   2   (0.089) 0.115 0.260 0.006 0.026 0.023 0.073 0.042 0.057 

Locus 31 : 30 
2 alleles
14.2% missing data
   3   (0.839) 0.880 0.928 0.893 0.969 0.946 0.779 0.850 0.795 
   2   (0.161) 0.120 0.072 0.107 0.031 0.054 0.221 0.150 0.205 

Locus 32 : 31 
2 alleles
5.0% missing data
   3   (0.918) 0.911 0.962 0.924 0.992 0.930 0.975 0.836 0.939 
   2   (0.082) 0.089 0.038 0.076 0.008 0.070 0.025 0.164 0.061 

Locus 33 : 32 
2 alleles
1.5% missing data
   4   (0.872) 0.859 0.869 0.838 0.974 0.958 0.968 0.967 0.855 
   1   (0.128) 0.141 0.131 0.162 0.026 0.042 0.032 0.033 0.145 

Locus 34 : 33 
2 alleles
5.9% missing data
   3   (0.670) 0.701 0.692 0.432 0.945 0.488 0.901 0.579 0.619 
   2   (0.330) 0.299 0.308 0.568 0.055 0.512 0.099 0.421 0.381 

Locus 35 : 34 
2 alleles
14.9% missing data
   3   (0.631) 0.616 0.566 0.722 0.776 0.527 0.793 0.667 0.610 
   2   (0.369) 0.384 0.434 0.278 0.224 0.473 0.207 0.333 0.390 

Locus 36 : 35 
2 alleles
12.7% missing data
   4   (0.774) 0.758 0.783 0.662 0.901 0.843 0.807 0.833 0.810 
   1   (0.226) 0.242 0.217 0.338 0.099 0.157 0.193 0.167 0.190 

Locus 37 : 36 
2 alleles
1.2% missing data
   2   (0.752) 0.642 0.913 0.850 0.858 0.779 0.664 0.803 0.764 
   3   (0.248) 0.358 0.087 0.150 0.142 0.221 0.336 0.197 0.236 

Locus 38 : 37 
2 alleles
0.9% missing data
   2   (0.924) 0.920 0.937 0.844 0.991 0.227 0.979 0.989 0.963 
   4   (0.076) 0.080 0.063 0.156 0.009 0.773 0.021 0.011 0.037 

Locus 39 : 38 
2 alleles
12.1% missing data
   4   (0.902) 0.910 0.967 0.783 0.983 0.931 0.896 0.965 0.915 
   3   (0.098) 0.090 0.033 0.217 0.017 0.069 0.104 0.035 0.085 

Locus 40 : 39 
2 alleles
2.8% missing data
   3   (0.867) 0.854 0.916 0.874 0.970 0.952 0.720 0.933 0.907 
   2   (0.133) 0.146 0.084 0.126 0.030 0.048 0.280 0.067 0.093 

Locus 41 : 40 
2 alleles
9.3% missing data
   2   (0.720) 0.721 0.853 0.787 0.963 0.914 0.765 0.576 0.637 
   4   (0.280) 0.279 0.147 0.213 0.037 0.086 0.235 0.424 0.363 

Locus 42 : 41 
2 alleles
9.6% missing data
   4   (0.835) 0.827 0.910 0.685 0.973 0.932 0.813 0.798 0.866 
   1   (0.165) 0.173 0.090 0.315 0.027 0.068 0.187 0.202 0.134 

Locus 43 : 42 
2 alleles
11.8% missing data
   1   (0.799) 0.792 0.856 0.578 0.847 0.932 0.699 0.861 0.856 
   4   (0.201) 0.208 0.144 0.422 0.153 0.068 0.301 0.139 0.144 

Locus 44 : 43 
2 alleles
5.6% missing data
   3   (0.781) 0.818 0.854 0.758 0.900 0.939 0.710 0.903 0.747 
   4   (0.219) 0.182 0.146 0.242 0.100 0.061 0.290 0.097 0.253 

Locus 45 : 44 
2 alleles
6.8% missing data
   2   (0.460) 0.468 0.357 0.309 0.610 0.353 0.571 0.350 0.496 
   3   (0.540) 0.532 0.643 0.691 0.390 0.647 0.429 0.650 0.504 

Locus 46 : 45 
2 alleles
3.7% missing data
   1   (0.943) 0.985 0.953 0.772 0.994 0.983 0.964 0.977 0.953 
   4   (0.057) 0.015 0.047 0.228 0.006 0.017 0.036 0.023 0.047 

Locus 47 : 46 
2 alleles
16.4% missing data
   3   (0.944) 0.948 0.973 0.971 0.969 0.931 0.894 0.989 0.971 
   4   (0.056) 0.052 0.027 0.029 0.031 0.069 0.106 0.011 0.029 

Locus 48 : 47 
2 alleles
9.9% missing data
   4   (0.645) 0.703 0.574 0.750 0.733 0.779 0.457 0.788 0.648 
   1   (0.355) 0.297 0.426 0.250 0.267 0.221 0.543 0.212 0.352 

Locus 49 : 48 
2 alleles
5.9% missing data
   1   (0.776) 0.815 0.875 0.598 0.961 0.820 0.654 0.892 0.771 
   3   (0.224) 0.185 0.125 0.402 0.039 0.180 0.346 0.108 0.229 

Locus 50 : 49 
2 alleles
11.8% missing data
   3   (0.810) 0.781 0.812 0.866 0.957 0.791 0.920 0.950 0.782 
   2   (0.190) 0.219 0.188 0.134 0.043 0.209 0.080 0.050 0.218 

Locus 51 : 50 
2 alleles
11.8% missing data
   1   (0.859) 0.797 0.871 0.973 0.925 0.925 0.916 0.901 0.868 
   4   (0.141) 0.203 0.129 0.027 0.075 0.075 0.084 0.099 0.132 

Locus 52 : 51 
2 alleles
6.8% missing data
   3   (0.642) 0.577 0.743 0.795 0.837 0.799 0.578 0.500 0.642 
   2   (0.358) 0.423 0.257 0.205 0.163 0.201 0.422 0.500 0.358 

Locus 53 : 52 
2 alleles
3.7% missing data
   4   (0.921) 0.876 0.862 0.989 0.954 0.986 0.909 0.967 0.963 
   1   (0.079) 0.124 0.138 0.011 0.046 0.014 0.091 0.033 0.037 

Locus 54 : 53 
2 alleles
6.8% missing data
   3   (0.611) 0.544 0.821 0.839 0.327 0.684 0.444 0.579 0.594 
   2   (0.389) 0.456 0.179 0.161 0.673 0.316 0.556 0.421 0.406 

Locus 55 : 54 
2 alleles
9.9% missing data
   3   (0.861) 0.809 0.869 0.836 0.982 0.797 0.824 0.960 0.918 
   2   (0.139) 0.191 0.131 0.164 0.018 0.203 0.176 0.040 0.082 

Locus 56 : 55 
2 alleles
0.3% missing data
   4   (0.841) 0.883 0.876 0.594 0.983 0.745 0.880 0.876 0.864 
   2   (0.159) 0.117 0.124 0.406 0.017 0.255 0.120 0.124 0.136 

Locus 57 : 56 
2 alleles
23.5% missing data
   4   (0.591) 0.679 0.607 0.602 0.151 0.341 0.604 0.496 0.610 
   1   (0.409) 0.321 0.393 0.398 0.849 0.659 0.396 0.504 0.390 

Locus 58 : 57 
2 alleles
5.6% missing data
   2   (0.822) 0.693 0.891 0.968 0.948 0.950 0.964 0.844 0.743 
   3   (0.178) 0.307 0.109 0.032 0.052 0.050 0.036 0.156 0.257 

Locus 59 : 58 
2 alleles
9.0% missing data
   1   (0.601) 0.513 0.630 0.744 0.793 0.656 0.801 0.750 0.525 
   4   (0.399) 0.487 0.370 0.256 0.207 0.344 0.199 0.250 0.475 

Locus 60 : 59 
2 alleles
2.5% missing data
   4   (0.847) 0.834 0.838 0.978 0.889 0.901 0.929 0.849 0.835 
   2   (0.153) 0.166 0.162 0.022 0.111 0.099 0.071 0.151 0.165 

Locus 61 : 60 
2 alleles
3.4% missing data
   3   (0.462) 0.376 0.633 0.615 0.257 0.565 0.668 0.453 0.371 
   2   (0.538) 0.624 0.367 0.385 0.743 0.435 0.332 0.547 0.629 

Locus 62 : 61 
2 alleles
5.6% missing data
   4   (0.877) 0.920 0.935 0.786 0.989 0.870 0.948 0.971 0.822 
   3   (0.123) 0.080 0.065 0.214 0.011 0.130 0.052 0.029 0.178 

Locus 63 : 62 
2 alleles
5.9% missing data
   4   (0.894) 0.884 0.813 0.992 0.968 0.854 0.947 0.928 0.911 
   1   (0.106) 0.116 0.187 0.008 0.032 0.146 0.053 0.072 0.089 

Locus 64 : 63 
2 alleles
9.3% missing data
   3   (0.670) 0.595 0.739 0.629 0.928 0.688 0.732 0.790 0.661 
   2   (0.330) 0.405 0.261 0.371 0.072 0.312 0.268 0.210 0.339 

Locus 65 : 64 
2 alleles
6.5% missing data
   4   (0.794) 0.787 0.749 0.732 0.724 0.832 0.878 0.710 0.855 
   1   (0.206) 0.213 0.251 0.268 0.276 0.168 0.122 0.290 0.145 

Locus 66 : 65 
2 alleles
14.2% missing data
   4   (0.715) 0.693 0.699 0.624 0.817 0.559 0.770 0.739 0.773 
   1   (0.285) 0.307 0.301 0.376 0.183 0.441 0.230 0.261 0.227 

Locus 67 : 66 
2 alleles
14.9% missing data
   3   (0.558) 0.480 0.599 0.435 0.800 0.574 0.658 0.326 0.601 
   2   (0.442) 0.520 0.401 0.565 0.200 0.426 0.342 0.674 0.399 

Locus 68 : 67 
2 alleles
5.3% missing data
   3   (0.517) 0.617 0.510 0.685 0.658 0.558 0.414 0.544 0.445 
   2   (0.483) 0.383 0.490 0.315 0.342 0.442 0.586 0.456 0.555 

Locus 69 : 68 
2 alleles
2.8% missing data
   2   (0.544) 0.574 0.688 0.379 0.775 0.713 0.363 0.613 0.527 
   4   (0.456) 0.426 0.312 0.621 0.225 0.287 0.637 0.387 0.473 

Locus 70 : 69 
2 alleles
5.9% missing data
   2   (0.605) 0.557 0.648 0.799 0.888 0.474 0.662 0.653 0.561 
   3   (0.395) 0.443 0.352 0.201 0.112 0.526 0.338 0.347 0.439 

Locus 71 : 70 
2 alleles
7.7% missing data
   4   (0.786) 0.842 0.794 0.917 0.802 0.574 0.621 0.930 0.789 
   1   (0.214) 0.158 0.206 0.083 0.198 0.426 0.379 0.070 0.211 

Locus 72 : 71 
2 alleles
13.9% missing data
   3   (0.828) 0.787 0.854 0.962 0.971 0.892 0.750 0.577 0.866 
   2   (0.172) 0.213 0.146 0.038 0.029 0.108 0.250 0.423 0.134 

Locus 73 : 72 
2 alleles
4.0% missing data
   3   (0.917) 0.934 0.930 0.958 0.977 0.937 0.908 0.895 0.952 
   2   (0.083) 0.066 0.070 0.042 0.023 0.063 0.092 0.105 0.048 

Locus 74 : 73 
2 alleles
3.7% missing data
   3   (0.920) 0.927 0.842 0.994 0.983 0.987 0.992 0.981 0.846 
   2   (0.080) 0.073 0.158 0.006 0.017 0.013 0.008 0.019 0.154 

Locus 75 : 74 
2 alleles
5.6% missing data
   4   (0.860) 0.854 0.915 0.761 0.811 0.767 0.943 0.791 0.904 
   1   (0.140) 0.146 0.085 0.239 0.189 0.233 0.057 0.209 0.096 

Locus 76 : 75 
2 alleles
9.3% missing data
   3   (0.519) 0.476 0.535 0.550 0.349 0.779 0.752 0.485 0.457 
   2   (0.481) 0.524 0.465 0.450 0.651 0.221 0.248 0.515 0.543 

Locus 77 : 76 
2 alleles
18.6% missing data
   4   (0.680) 0.601 0.643 0.544 0.923 0.815 0.720 0.705 0.736 
   2   (0.320) 0.399 0.357 0.456 0.077 0.185 0.280 0.295 0.264 

Locus 78 : 77 
2 alleles
8.0% missing data
   1   (0.907) 0.932 0.962 0.938 0.962 0.952 0.917 0.940 0.906 
   3   (0.093) 0.068 0.038 0.062 0.038 0.048 0.083 0.060 0.094 

Locus 79 : 78 
2 alleles
8.7% missing data
   4   (0.910) 0.927 0.882 0.991 0.970 0.930 0.826 0.978 0.923 
   1   (0.090) 0.073 0.118 0.009 0.030 0.070 0.174 0.022 0.077 

Locus 80 : 79 
2 alleles
11.1% missing data
   3   (0.671) 0.733 0.520 0.685 0.834 0.450 0.658 0.879 0.683 
   2   (0.329) 0.267 0.480 0.315 0.166 0.550 0.342 0.121 0.317 

Locus 81 : 80 
2 alleles
12.1% missing data
   3   (0.914) 0.918 0.832 0.991 0.737 0.969 0.929 0.980 0.941 
   2   (0.086) 0.082 0.168 0.009 0.263 0.031 0.071 0.020 0.059 

Locus 82 : 81 
2 alleles
16.4% missing data
   3   (0.755) 0.819 0.717 0.861 0.902 0.854 0.814 0.704 0.710 
   1   (0.245) 0.181 0.283 0.139 0.098 0.146 0.186 0.296 0.290 

Locus 83 : 82 
2 alleles
4.0% missing data
   1   (0.430) 0.436 0.340 0.598 0.234 0.206 0.409 0.617 0.434 
   4   (0.570) 0.564 0.660 0.402 0.766 0.794 0.591 0.383 0.566 

Locus 84 : 83 
2 alleles
3.1% missing data
   4   (0.945) 0.965 0.983 0.996 0.993 0.966 0.867 0.988 0.935 
   1   (0.055) 0.035 0.017 0.004 0.007 0.034 0.133 0.012 0.065 

Locus 85 : 84 
2 alleles
24.5% missing data
   3   (0.761) 0.801 0.784 0.830 0.942 0.414 0.841 0.796 0.731 
   4   (0.239) 0.199 0.216 0.170 0.058 0.586 0.159 0.204 0.269 

Locus 86 : 85 
2 alleles
2.2% missing data
   3   (0.797) 0.901 0.788 0.918 0.929 0.893 0.756 0.695 0.740 
   1   (0.203) 0.099 0.212 0.082 0.071 0.107 0.244 0.305 0.260 

Locus 87 : 86 
2 alleles
15.8% missing data
   4   (0.515) 0.391 0.525 0.504 0.552 0.355 0.632 0.730 0.540 
   1   (0.485) 0.609 0.475 0.496 0.448 0.645 0.368 0.270 0.460 

Locus 88 : 87 
2 alleles
10.5% missing data
   4   (0.751) 0.651 0.762 0.973 0.793 0.784 0.617 0.901 0.755 
   1   (0.249) 0.349 0.238 0.027 0.207 0.216 0.383 0.099 0.245 

Locus 89 : 88 
2 alleles
17.6% missing data
   1   (0.896) 0.956 0.882 0.957 0.957 0.864 0.873 0.828 0.915 
   4   (0.104) 0.044 0.118 0.043 0.043 0.136 0.127 0.172 0.085 

Locus 90 : 89 
2 alleles
18.6% missing data
   1   (0.845) 0.892 0.803 0.956 0.976 0.753 0.890 0.913 0.814 
   4   (0.155) 0.108 0.197 0.044 0.024 0.247 0.110 0.087 0.186 

Locus 91 : 90 
2 alleles
15.8% missing data
   1   (0.917) 0.956 0.954 0.786 0.978 0.986 0.925 0.929 0.932 
   4   (0.083) 0.044 0.046 0.214 0.022 0.014 0.075 0.071 0.068 

Locus 92 : 91 
2 alleles
8.4% missing data
   2   (0.632) 0.541 0.486 0.622 0.893 0.796 0.644 0.504 0.720 
   3   (0.368) 0.459 0.514 0.378 0.107 0.204 0.356 0.496 0.280 

Locus 93 : 92 
2 alleles
15.2% missing data
   1   (0.679) 0.709 0.784 0.567 0.896 0.599 0.851 0.782 0.582 
   4   (0.321) 0.291 0.216 0.433 0.104 0.401 0.149 0.218 0.418 

Locus 94 : 93 
2 alleles
9.3% missing data
   1   (0.785) 0.718 0.841 0.929 0.916 0.932 0.716 0.907 0.776 
   4   (0.215) 0.282 0.159 0.071 0.084 0.068 0.284 0.093 0.224 

Locus 95 : 94 
2 alleles
7.4% missing data
   4   (0.890) 0.889 0.936 0.930 0.991 0.967 0.951 0.722 0.898 
   1   (0.110) 0.111 0.064 0.070 0.009 0.033 0.049 0.278 0.102 

Locus 96 : 95 
2 alleles
9.3% missing data
