"1","2","3","4","5","7","8","9","10"
"1",NA,0.0432,0.0655,0.0532,0.0475,0.1012,0.0485,0.0246,0.0598
"2",0.0432,NA,0.0489,0.0346,0.0322,0.0775,0.032,0.021,0.0159
"3",0.0655,0.0489,NA,0.0314,0.0337,0.0798,0.0242,0.052,0.0495
"4",0.0532,0.0346,0.0314,NA,0.022,0.0606,0.0141,0.0266,0.035
"5",0.0475,0.0322,0.0337,0.022,NA,0.063,0.0131,0.0278,0.0361
"7",0.1012,0.0775,0.0798,0.0606,0.063,NA,0.0559,0.1525,0.0816
"8",0.0485,0.032,0.0242,0.0141,0.0131,0.0559,NA,0.0261,0.0312
"9",0.0246,0.021,0.052,0.0266,0.0278,0.1525,0.0261,NA,0.0477
"10",0.0598,0.0159,0.0495,0.035,0.0361,0.0816,0.0312,0.0477,NA
